FORMATTED DATE-TIME           DT   MG   TR     WS     CW     HW     TP     WC     RH     HI     DP     WB      BP      AL       DA
YYYY-MM-DD HH:MM:SS            s  Mag True    m/s    m/s    m/s     °C     °C      %     °C     °C     °C     hPa       m        m
----------------------------------------------------------------------------------------------------------------------------------
2014-08-14 09:00:00    461322000  ***  ***    0.0    0.0    0.0   19.3   19.3   75.6   19.2   14.9   16.3  807.50    1872     2528
2014-08-14 09:20:00    461323200  ***  ***    0.0    0.0    0.0   19.9   19.9   75.0   20.0   15.4   16.8  807.50    1871     2549
2014-08-14 09:40:00    461324400  ***  ***    0.0    0.0    0.0   19.7   19.7   73.9   19.6   14.9   16.4  807.60    1871     2539
2014-08-14 10:00:00    461325600  ***  ***    0.0    0.0    0.0   19.9   19.9   72.4   19.8   14.8   16.4  807.30    1873     2548
2014-08-14 10:20:00    461326800  ***  ***    0.0    0.0    0.0   19.7   19.7   76.2   19.7   15.4   16.7  807.30    1874     2545
2014-08-14 10:40:00    461328000  ***  ***    0.0    0.0    0.0   19.9   19.9   76.1   20.0   15.6   16.9  807.30    1873     2551
2014-08-14 11:00:00    461329200  ***  ***    0.0    0.0    0.0   20.5   20.5   75.1   20.7   15.9   17.3  807.40    1873     2573
2014-08-14 11:20:00    461330400  ***  ***    1.2    1.2    1.2   19.5   19.5   77.5   19.5   15.4   16.7  807.20    1874     2538
2014-08-14 11:40:00    461331600  ***  ***    0.0    0.0    0.0   20.7   20.7   75.5   21.0   16.2   17.5  806.90    1877     2586
2014-08-14 12:00:00    461332800  ***  ***    0.0    0.0    0.0   21.8   21.8   71.6   22.2   16.4   18.0  806.80    1879     2627
2014-08-14 12:20:00    461334000  ***  ***    0.0    0.0    0.0   21.9   21.9   67.9   22.2   15.7   17.5  806.70    1879     2625
2014-08-14 12:40:00    461335200  ***  ***    0.0    0.0    0.0   21.6   21.6   67.8   21.9   15.4   17.3  806.70    1879     2616
2014-08-14 13:00:00    461336400  ***  ***    0.0    0.0    0.0   22.5   22.5   70.7   22.9   17.0   18.6  806.60    1881     2657
2014-08-14 13:20:00    461337600  ***  ***    0.3    0.3    0.3   21.7   21.7   72.3   22.2   16.5   18.1  806.30    1883     2631
2014-08-14 13:40:00    461338800  ***  ***    0.0    0.0    0.0   24.8   24.8   58.9   24.7   16.2   18.7  806.10    1885     2731
2014-08-14 14:00:00    461340000  ***  ***    0.0    0.0    0.0   24.4   24.4   62.5   24.5   16.7   18.9  805.60    1891     2729
2014-08-14 14:20:00    461341200  ***  ***    0.0    0.0    0.0   24.7   24.7   63.9   24.9   17.4   19.5  805.10    1895     2749
2014-08-14 14:40:00    461342400  ***  ***    0.0    0.0    0.0   24.4   24.4   63.2   24.6   17.0   19.1  805.10    1895     2737
2014-08-14 15:00:00    461343600  ***  ***    0.0    0.0    0.0   27.7   27.7   55.3   28.6   17.9   20.5  804.90    1897     2851
2014-08-14 15:20:00    461344800  ***  ***    0.5    0.5    0.5   25.0   25.0   64.9   25.4   17.9   19.9  805.10    1895     2761
2014-08-14 15:40:00    461346000  ***  ***    0.0    0.0    0.0   25.2   25.2   63.1   25.6   17.7   19.8  804.90    1897     2771
2014-08-14 16:00:00    461347200  ***  ***    0.8    0.8    0.8   21.3   21.3   72.2   21.7   16.1   17.7  805.10    1895     2630
2014-08-14 16:20:00    461348400  ***  ***    0.6    0.6    0.6   20.0   20.0   79.6   20.2   16.4   17.5  805.20    1894     2587
2014-08-14 16:40:00    461349600  ***  ***    0.9    0.9    0.9   20.1   20.1   77.3   20.3   16.0   17.2  805.30    1894     2586
2014-08-14 17:00:00    461350800  ***  ***    0.0    0.0    0.0   19.6   19.6   76.5   19.6   15.4   16.7  805.70    1890     2564
2014-08-14 17:20:00    461352000  ***  ***    0.0    0.0    0.0   19.7   19.7   77.2   19.7   15.6   16.8  805.40    1893     2569
2014-08-14 17:40:00    461353200  ***  ***    0.0    0.0    0.0   19.9   19.9   77.9   20.0   16.0   17.2  805.40    1893     2580
2014-08-14 18:00:00    461354400  ***  ***    0.0    0.0    0.0   19.7   19.7   78.8   19.8   15.9   17.1  805.30    1893     2572
2014-08-14 18:20:00    461355600  ***  ***    0.0    0.0    0.0   19.4   19.4   82.5   19.6   16.3   17.2  805.60    1890     2558
2014-08-14 18:40:00    461356800  ***  ***    0.0    0.0    0.0   19.0   19.0   83.0   19.1   16.0   16.9  805.80    1888     2544
2014-08-14 19:00:00    461358000  ***  ***    0.0    0.0    0.0   17.8   17.8   90.8   18.1   16.3   16.7  805.80    1888     2505
2014-08-14 19:20:00    461359200  ***  ***    0.0    0.0    0.0   17.5   17.5   94.1   18.0   16.6   16.9  806.10    1886     2492
2014-08-14 19:40:00    461360400  ***  ***    0.0    0.0    0.0   17.3   17.3   94.4   17.8   16.4   16.7  806.40    1883     2481
2014-08-14 20:00:00    461361600  ***  ***    0.0    0.0    0.0   16.8   16.8   94.0   17.3   15.8   16.1  806.50    1882     2459
2014-08-14 20:20:00    461362800  ***  ***    0.0    0.0    0.0   16.6   16.6   92.6   17.0   15.4   15.8  806.60    1881     2450
2014-08-14 20:40:00    461364000  ***  ***    0.0    0.0    0.0   16.2   16.2   89.0   16.4   14.4   15.0  807.00    1877     2426
2014-08-14 21:00:00    461365200  ***  ***    0.0    0.0    0.0   16.5   16.5   90.7   16.8   15.0   15.5  807.00    1876     2438
2014-08-14 21:20:00    461366400  ***  ***    0.0    0.0    0.0   16.0   16.0   90.5   16.3   14.5   15.0  806.90    1877     2420
2014-08-14 21:40:00    461367600  ***  ***    0.0    0.0    0.0   16.2   16.2   92.6   16.6   15.0   15.4  806.70    1879     2433
2014-08-14 22:00:00    461368800  ***  ***    0.0    0.0    0.0   15.8   15.8   93.8   16.3   14.8   15.1  806.70    1879     2418
2014-08-14 22:20:00    461370000  ***  ***    0.0    0.0    0.0   15.8   15.8   91.4   16.1   14.4   14.9  806.60    1881     2417
2014-08-14 22:40:00    461371200  ***  ***    0.0    0.0    0.0   15.5   15.5   87.6   15.6   13.5   14.2  806.20    1884     2407
2014-08-14 23:00:00    461372400  ***  ***    0.0    0.0    0.0   15.6   15.6   85.2   15.6   13.1   13.9  806.30    1883     2407
2014-08-14 23:20:00    461373600  ***  ***    0.0    0.0    0.0   15.6   15.6   83.0   15.6   12.7   13.7  806.30    1883     2404
2014-08-14 23:40:00    461374800  ***  ***    0.0    0.0    0.0   15.7   15.7   81.3   15.6   12.5   13.6  806.30    1883     2405
2014-08-15 00:00:00    461376000  ***  ***    0.0    0.0    0.0   16.0   16.0   80.2   15.8   12.6   13.8  806.70    1879     2415
2014-08-15 00:20:00    461377200  ***  ***    0.0    0.0    0.0   15.8   15.8   82.8   15.8   12.9   13.9  806.20    1884     2415
2014-08-15 00:40:00    461378400  ***  ***    0.0    0.0    0.0   15.8   15.8   81.3   15.7   12.7   13.8  806.20    1884     2414
2014-08-15 01:00:00    461379600  ***  ***    0.0    0.0    0.0   16.0   16.0   81.0   15.9   12.8   13.9  806.30    1883     2420
2014-08-15 01:20:00    461380800  ***  ***    0.0    0.0    0.0   16.1   16.1   80.3   15.9   12.7   13.9  806.30    1884     2424
2014-08-15 01:40:00    461382000  ***  ***    0.0    0.0    0.0   16.3   16.3   78.5   16.0   12.5   13.8  806.20    1884     2428
2014-08-15 02:00:00    461383200  ***  ***    0.0    0.0    0.0   16.0   16.0   82.6   16.0   13.0   14.0  805.90    1888     2426
2014-08-15 02:20:00    461384400  ***  ***    0.0    0.0    0.0   16.3   16.3   83.3   16.3   13.4   14.4  805.90    1886     2435
2014-08-15 02:40:00    461385600  ***  ***    0.0    0.0    0.0   16.2   16.2   81.4   16.1   13.0   14.1  806.20    1884     2426
2014-08-15 03:00:00    461386800  ***  ***    0.0    0.0    0.0   16.3   16.3   82.2   16.2   13.2   14.3  806.10    1886     2433
2014-08-15 03:20:00    461388000  ***  ***    0.0    0.0    0.0   14.9   14.9   98.0   15.5   14.6   14.7  806.30    1884     2390
2014-08-15 03:40:00    461389200  ***  ***    0.0    0.0    0.0   14.7   14.7  100.0   15.4   14.7   14.7  806.30    1884     2384
2014-08-15 04:00:00    461390400  ***  ***    0.0    0.0    0.0   14.6   14.6  100.0   15.3   14.6   14.6  806.50    1881     2378
2014-08-15 04:20:00    461391600  ***  ***    0.0    0.0    0.0   14.4   14.4  100.0   15.1   14.4   14.4  806.20    1885     2375
2014-08-15 04:40:00    461392800  ***  ***    0.0    0.0    0.0   14.6   14.6  100.0   15.3   14.6   14.6  806.50    1882     2376
2014-08-15 05:00:00    461394000  ***  ***    0.0    0.0    0.0   14.7   14.7  100.0   15.4   14.7   14.7  806.40    1883     2383
2014-08-15 05:20:00    461395200  ***  ***    0.0    0.0    0.0   14.7   14.7  100.0   15.4   14.7   14.7  806.50    1882     2383
2014-08-15 05:40:00    461396400  ***  ***    0.0    0.0    0.0   14.7   14.7  100.0   15.4   14.7   14.7  806.70    1879     2379
2014-08-15 06:00:00    461397600  ***  ***    0.0    0.0    0.0   14.5   14.5  100.0   15.2   14.5   14.5  807.10    1875     2367
2014-08-15 06:20:00    461398800  ***  ***    0.0    0.0    0.0   14.3   14.3  100.0   15.0   14.3   14.3  807.50    1872     2355
2014-08-15 06:40:00    461400000  ***  ***    0.0    0.0    0.0   14.6   14.6  100.0   15.3   14.6   14.6  807.20    1874     2368
2014-08-15 07:00:00    461401200  ***  ***    0.0    0.0    0.0   14.9   14.9  100.0   15.6   14.9   14.9  807.10    1875     2383
2014-08-15 07:20:00    461402400  ***  ***    0.0    0.0    0.0   15.4   15.4  100.0   16.1   15.4   15.4  807.60    1871     2395
2014-08-15 07:40:00    461403600  ***  ***    0.0    0.0    0.0   15.9   15.9  100.0   16.6   15.9   15.9  807.70    1870     2415
2014-08-15 08:00:00    461404800  ***  ***    0.0    0.0    0.0   15.9   15.9  100.0   16.6   15.9   15.9  807.60    1870     2416
2014-08-15 08:20:00    461406000  ***  ***    0.0    0.0    0.0   15.7   15.7  100.0   16.4   15.7   15.7  807.70    1870     2405
2014-08-15 08:40:00    461407200  ***  ***    0.0    0.0    0.0   17.3   17.3   92.8   17.7   16.2   16.5  807.30    1874     2470
2014-08-15 09:00:00    461408400  ***  ***    0.0    0.0    0.0   20.6   20.6   73.3   20.8   15.6   17.1  807.30    1873     2574
2014-08-15 09:20:00    461409600  ***  ***    0.0    0.0    0.0   20.7   20.7   65.7   20.6   14.1   16.2  806.90    1877     2578
2014-08-15 09:40:00    461410800  ***  ***    0.5    0.5    0.5   22.0   22.0   64.5   22.2   15.0   17.2  806.90    1877     2623
2014-08-15 10:00:00    461412000  ***  ***    1.0    1.0    1.0   21.9   21.9   64.3   22.1   14.9   17.0  807.10    1875     2617
2014-08-15 10:20:00    461413200  ***  ***    0.3    0.3    0.3   24.6   24.6   61.8   24.7   16.8   19.0  807.00    1876     2717
2014-08-15 10:40:00    461414400  ***  ***    0.9    0.9    0.9   20.7   20.7   66.9   20.7   14.3   16.3  807.20    1875     2574
2014-08-15 11:00:00    461415600  ***  ***    0.0    0.0    0.0   20.5   20.5   71.4   20.5   15.1   16.8  807.40    1873     2568
2014-08-15 11:20:00    461416800  ***  ***    0.0    0.0    0.0   23.5   23.5   61.2   23.5   15.6   17.9  807.20    1875     2676
2014-08-15 11:40:00    461418000  ***  ***    0.0    0.0    0.0   21.7   21.7   61.0   21.7   13.8   16.3  807.00    1876     2606
2014-08-15 12:00:00    461419200  ***  ***    0.8    0.8    0.8   22.3   22.3   63.0   22.5   14.9   17.1  806.70    1879     2636
2014-08-15 12:20:00    461420400  ***  ***    0.0    0.0    0.0   23.6   23.6   54.3   23.2   13.9   16.9  806.70    1879     2674
2014-08-15 12:40:00    461421600  ***  ***    0.0    0.0    0.0   24.1   24.1   62.1   24.2   16.4   18.7  806.60    1879     2703
2014-08-15 13:00:00    461422800  ***  ***    0.5    0.5    0.5   25.0   25.0   57.2   24.9   16.0   18.6  806.20    1884     2736
2014-08-15 13:20:00    461424000  ***  ***    1.0    1.0    1.0   24.1   24.1   55.7   23.8   14.7   17.5  806.00    1886     2704
2014-08-15 13:40:00    461425200  ***  ***    0.0    0.0    0.0   24.9   24.9   57.0   24.7   15.8   18.5  805.70    1890     2739
2014-08-15 14:00:00    461426400  ***  ***    0.6    0.6    0.6   23.5   23.5   62.7   23.6   16.0   18.2  805.40    1893     2699
2014-08-15 14:20:00    461427600  ***  ***    0.0    0.0    0.0   25.0   25.0   59.2   25.0   16.5   19.0  805.40    1892     2749
2014-08-15 14:40:00    461428800  ***  ***    0.0    0.0    0.0   23.1   23.1   58.8   23.0   14.6   17.2  805.60    1890     2674
2014-08-15 15:00:00    461430000  ***  ***    0.0    0.0    0.0   23.4   23.4   56.8   23.2   14.3   17.1  805.30    1893     2686
2014-08-15 15:20:00    461431200  ***  ***    0.0    0.0    0.0   24.2   24.2   58.5   24.1   15.6   18.1  805.20    1895     2722
2014-08-15 15:40:00    461432400  ***  ***    0.0    0.0    0.0   23.4   23.4   61.0   23.4   15.4   17.8  805.20    1895     2693
2014-08-15 16:00:00    461433600  ***  ***    0.8    0.8    0.8   22.7   22.7   61.5   22.8   14.9   17.2  805.30    1893     2667
2014-08-15 16:20:00    461434800  ***  ***    0.0    0.0    0.0   24.7   24.7   55.4   24.4   15.1   18.0  805.10    1895     2735
2014-08-15 16:40:00    461436000  ***  ***    0.0    0.0    0.0   24.1   24.1   59.9   24.0   15.8   18.3  805.20    1894     2716
2014-08-15 17:00:00    461437200  ***  ***    0.0    0.0    0.0   23.0   23.0   65.0   23.2   16.0   18.1  805.10    1895     2685
2014-08-15 17:20:00    461438400  ***  ***    0.0    0.0    0.0   21.5   21.5   69.9   21.9   15.8   17.5  805.20    1894     2633
2014-08-15 17:40:00    461439600  ***  ***    0.0    0.0    0.0   21.2   21.2   71.1   21.4   15.7   17.3  805.40    1893     2620
2014-08-15 18:00:00    461440800  ***  ***    0.0    0.0    0.0   19.8   19.8   66.2   19.4   13.3   15.4  805.40    1893     2560
2014-08-15 18:20:00    461442000  ***  ***    0.0    0.0    0.0   14.6   14.6   97.5   15.2   14.2   14.3  806.50    1881     2376
2014-08-15 18:40:00    461443200  ***  ***    0.0    0.0    0.0   14.4   14.4   99.8   15.1   14.4   14.4  806.30    1884     2374
2014-08-15 19:00:00    461444400  ***  ***    0.0    0.0    0.0   14.5   14.5  100.0   15.2   14.5   14.5  806.00    1886     2380
2014-08-15 19:20:00    461445600  ***  ***    0.0    0.0    0.0   14.6   14.6  100.0   15.3   14.6   14.6  806.00    1886     2385
2014-08-15 19:40:00    461446800  ***  ***    0.0    0.0    0.0   14.5   14.5  100.0   15.2   14.5   14.5  806.20    1885     2380
2014-08-15 20:00:00    461448000  ***  ***    0.0    0.0    0.0   14.9   14.9  100.0   15.6   14.9   14.9  806.40    1883     2389
2014-08-15 20:20:00    461449200  ***  ***    0.0    0.0    0.0   14.7   14.7  100.0   15.4   14.7   14.7  806.30    1883     2382
2014-08-15 20:40:00    461450400  ***  ***    0.0    0.0    0.0   14.8   14.8  100.0   15.5   14.8   14.8  806.70    1879     2384
2014-08-15 21:00:00    461451600  ***  ***    0.0    0.0    0.0   14.4   14.4  100.0   15.1   14.4   14.4  806.40    1882     2372
2014-08-15 21:20:00    461452800  ***  ***    0.0    0.0    0.0   14.5   14.5  100.0   15.2   14.5   14.5  806.70    1879     2370
2014-08-15 21:40:00    461454000  ***  ***    0.0    0.0    0.0   14.8   14.8  100.0   15.5   14.8   14.8  806.80    1877     2382
2014-08-15 22:00:00    461455200  ***  ***    0.0    0.0    0.0   14.8   14.8  100.0   15.5   14.8   14.8  807.00    1876     2379
2014-08-15 22:20:00    461456400  ***  ***    0.0    0.0    0.0   14.8   14.8  100.0   15.5   14.8   14.8  806.90    1877     2380
2014-08-15 22:40:00    461457600  ***  ***    0.0    0.0    0.0   15.0   15.0  100.0   15.7   15.0   15.0  807.10    1876     2387
2014-08-15 23:00:00    461458800  ***  ***    0.0    0.0    0.0   15.3   15.3  100.0   16.0   15.3   15.3  806.90    1877     2402
2014-08-15 23:20:00    461460000  ***  ***    0.0    0.0    0.0   15.2   15.2  100.0   15.9   15.2   15.2  806.90    1877     2398
2014-08-15 23:40:00    461461200  ***  ***    0.0    0.0    0.0   15.2   15.2  100.0   15.9   15.2   15.2  806.90    1877     2397
2014-08-16 00:00:00    461462400  ***  ***    0.0    0.0    0.0   15.2   15.2  100.0   15.9   15.2   15.2  806.80    1877     2398
2014-08-16 00:20:00    461463600  ***  ***    0.0    0.0    0.0   15.2   15.2  100.0   15.9   15.2   15.2  806.30    1883     2404
2014-08-16 00:40:00    461464800  ***  ***    0.0    0.0    0.0   15.1   15.1  100.0   15.8   15.1   15.1  806.20    1885     2401
2014-08-16 01:00:00    461466000  ***  ***    0.0    0.0    0.0   14.7   14.7  100.0   15.4   14.7   14.7  806.10    1885     2386
2014-08-16 01:20:00    461467200  ***  ***    0.0    0.0    0.0   14.8   14.8  100.0   15.5   14.8   14.8  806.30    1883     2386
2014-08-16 01:40:00    461468400  ***  ***    0.0    0.0    0.0   15.0   15.0  100.0   15.7   15.0   15.0  806.20    1885     2396
2014-08-16 02:00:00    461469600  ***  ***    0.0    0.0    0.0   15.2   15.2  100.0   15.9   15.2   15.2  806.10    1885     2405
2014-08-16 02:20:00    461470800  ***  ***    0.0    0.0    0.0   15.3   15.3  100.0   16.0   15.3   15.3  806.00    1886     2409
2014-08-16 02:40:00    461472000  ***  ***    0.0    0.0    0.0   15.3   15.3  100.0   16.0   15.3   15.3  806.40    1882     2407
2014-08-16 03:00:00    461473200  ***  ***    0.0    0.0    0.0   15.1   15.1  100.0   15.8   15.1   15.1  806.20    1884     2401
2014-08-16 03:20:00    461474400  ***  ***    0.0    0.0    0.0   15.1   15.1  100.0   15.8   15.1   15.1  806.10    1886     2403
2014-08-16 03:40:00    461475600  ***  ***    0.0    0.0    0.0   15.0   15.0  100.0   15.7   15.0   15.0  806.40    1882     2395
2014-08-16 04:00:00    461476800  ***  ***    0.0    0.0    0.0   15.0   15.0  100.0   15.7   15.0   15.0  806.60    1881     2393
2014-08-16 04:20:00    461478000  ***  ***    0.0    0.0    0.0   15.1   15.1   99.9   15.8   15.1   15.1  806.30    1883     2399
2014-08-16 04:40:00    461479200  ***  ***    0.0    0.0    0.0   15.0   15.0  100.0   15.7   15.0   15.0  806.70    1879     2390
2014-08-16 05:00:00    461480400  ***  ***    0.0    0.0    0.0   15.1   15.1  100.0   15.8   15.1   15.1  806.90    1877     2392
2014-08-16 05:20:00    461481600  ***  ***    0.0    0.0    0.0   15.1   15.1  100.0   15.8   15.1   15.1  806.70    1879     2394
2014-08-16 05:40:00    461482800  ***  ***    0.0    0.0    0.0   15.1   15.1   99.9   15.8   15.1   15.1  806.90    1877     2392
2014-08-16 06:00:00    461484000  ***  ***    0.0    0.0    0.0   15.3   15.3   99.2   15.9   15.1   15.2  806.90    1877     2400
2014-08-16 06:20:00    461485200  ***  ***    0.0    0.0    0.0   15.7   15.7   96.8   16.3   15.2   15.4  807.00    1876     2411
2014-08-16 06:40:00    461486400  ***  ***    0.0    0.0    0.0   16.1   16.1   98.1   16.8   15.8   15.9  807.20    1875     2426
2014-08-16 07:00:00    461487600  ***  ***    0.0    0.0    0.0   16.4   16.4   96.0   17.0   15.7   15.9  807.50    1872     2433
2014-08-16 07:20:00    461488800  ***  ***    0.0    0.0    0.0   17.0   17.0   97.3   17.6   16.6   16.7  807.30    1874     2461
2014-08-16 07:40:00    461490000  ***  ***    0.0    0.0    0.0   17.4   17.4   91.7   17.7   16.0   16.4  807.70    1868     2465
2014-08-16 08:00:00    461491200  ***  ***    0.0    0.0    0.0   17.7   17.7   94.8   18.2   16.9   17.2  807.70    1870     2483
2014-08-16 08:20:00    461492400  ***  ***    0.0    0.0    0.0   18.3   18.3   91.0   18.7   16.8   17.2  807.50    1872     2502
2014-08-16 08:40:00    461493600  ***  ***    0.0    0.0    0.0   20.5   20.5   89.7   21.2   18.7   19.2  807.50    1872     2589
2014-08-16 09:00:00    461494800  ***  ***    0.0    0.0    0.0   21.5   21.5   77.3   22.1   17.4   18.6  807.60    1870     2612
2014-08-16 09:20:00    461496000  ***  ***    0.0    0.0    0.0   21.8   21.8   69.4   22.2   16.0   17.7  807.50    1871     2614
2014-08-16 09:40:00    461497200  ***  ***    0.4    0.4    0.4   21.6   21.6   65.6   21.8   14.9   16.9  807.40    1873     2605
2014-08-16 10:00:00    461498400  ***  ***    0.0    0.0    0.0   23.4   23.4   60.1   23.4   15.2   17.7  807.60    1870     2662
2014-08-16 10:20:00    461499600  ***  ***    0.7    0.7    0.7   24.5   24.5   55.8   24.2   15.1   17.9  807.60    1870     2699
2014-08-16 10:40:00    461500800  ***  ***    0.5    0.5    0.5   27.0   27.0   52.9   27.3   16.5   19.5  807.40    1873     2791
2014-08-16 11:00:00    461502000  ***  ***    0.0    0.0    0.0   26.0   26.0   59.0   26.5   17.4   19.8  807.20    1874     2764
2014-08-16 11:20:00    461503200  ***  ***    0.0    0.0    0.0   23.8   23.8   65.5   24.0   16.9   18.9  807.00    1876     2691
2014-08-16 11:40:00    461504400  ***  ***    0.4    0.4    0.4   22.5   22.5   66.1   22.8   15.9   17.9  807.30    1874     2642
2014-08-16 12:00:00    461505600  ***  ***    0.0    0.0    0.0   23.5   23.5   65.1   23.7   16.6   18.6  807.60    1870     2675
2014-08-16 12:20:00    461506800  ***  ***    0.4    0.4    0.4   21.3   21.3   81.4   21.9   18.0   18.9  807.50    1871     2609
2014-08-16 12:40:00    461508000  ***  ***    0.0    0.0    0.0   17.6   17.6   86.6   17.7   15.3   16.0  807.40    1873     2472
2014-08-16 13:00:00    461509200  ***  ***    0.0    0.0    0.0   18.5   18.5   94.3   19.1   17.6   17.8  807.40    1873     2515
2014-08-16 13:20:00    461510400  ***  ***    0.0    0.0    0.0   19.1   19.1   93.7   19.7   18.1   18.4  807.20    1874     2541
2014-08-16 13:40:00    461511600  ***  ***    0.0    0.0    0.0   20.3   20.3   82.8   20.8   17.3   18.2  807.20    1874     2577
2014-08-16 14:00:00    461512800  ***  ***    0.0    0.0    0.0   24.3   24.3   86.8   25.9   22.0   22.5  806.80    1879     2747
2014-08-16 14:20:00    461514000  ***  ***    0.0    0.0    0.0   27.3   27.3   57.4   28.2   18.1   20.6  806.40    1883     2821
2014-08-16 14:40:00    461515200  ***  ***    0.0    0.0    0.0   25.6   25.6   62.4   26.2   17.9   20.0  806.10    1886     2769
2014-08-16 15:00:00    461516400  ***  ***    0.0    0.0    0.0   28.5   28.5   51.3   29.4   17.5   20.5  805.80    1888     2866
2014-08-16 15:20:00    461517600  ***  ***    0.3    0.3    0.3   27.9   27.9   57.6   29.2   18.7   21.1  805.50    1892     2857
2014-08-16 15:40:00    461518800  ***  ***    0.0    0.0    0.0   25.1   25.1   54.7   24.8   15.3   18.2  805.50    1892     2746
2014-08-16 16:00:00    461520000  ***  ***    0.0    0.0    0.0   20.8   20.8   88.1   21.5   18.7   19.3  805.70    1888     2619
2014-08-16 16:20:00    461521200  ***  ***    0.8    0.8    0.8   21.1   21.1   85.2   21.8   18.5   19.2  805.30    1893     2632
2014-08-16 16:40:00    461522400  ***  ***    0.0    0.0    0.0   20.1   20.1   90.3   20.8   18.4   18.9  805.40    1893     2599
2014-08-16 17:00:00    461523600  ***  ***    0.0    0.0    0.0   18.4   18.4   94.8   19.0   17.6   17.8  805.30    1894     2540
2014-08-16 17:20:00    461524800  ***  ***    0.0    0.0    0.0   18.3   18.3   97.4   19.0   17.8   18.0  805.20    1895     2536
2014-08-16 17:40:00    461526000  ***  ***    0.0    0.0    0.0   19.1   19.1   94.5   19.8   18.2   18.4  805.20    1894     2565
2014-08-16 18:00:00    461527200  ***  ***    0.0    0.0    0.0   18.5   18.5   95.3   19.1   17.7   18.0  804.90    1897     2546
2014-08-16 18:20:00    461528400  ***  ***    0.0    0.0    0.0   18.4   18.4   98.9   19.2   18.2   18.3  805.70    1890     2536
2014-08-16 18:40:00    461529600  ***  ***    0.0    0.0    0.0   17.6   17.6   96.9   18.2   17.1   17.2  806.10    1886     2499
2014-08-16 19:00:00    461530800  ***  ***    0.0    0.0    0.0   17.6   17.6  100.0   18.4   17.6   17.6  805.70    1890     2506
2014-08-16 19:20:00    461532000  ***  ***    0.0    0.0    0.0   16.8   16.8   97.9   17.5   16.5   16.6  805.80    1888     2472
2014-08-16 19:40:00    461533200  ***  ***    0.0    0.0    0.0   16.6   16.6   96.6   17.2   16.1   16.3  806.10    1886     2460
2014-08-16 20:00:00    461534400  ***  ***    0.0    0.0    0.0   16.4   16.4   99.5   17.2   16.3   16.3  806.40    1883     2449
2014-08-16 20:20:00    461535600  ***  ***    0.0    0.0    0.0   16.4   16.4   98.8   17.1   16.2   16.3  806.80    1879     2446
2014-08-16 20:40:00    461536800  ***  ***    3.0    3.0    3.0   17.4   17.0   63.0   16.3   10.3   12.8  807.60    1871     2442
2014-08-16 21:00:00    461538000  ***  ***    0.4    0.4    0.4   12.3   12.3  100.0   12.9   12.3   12.3  808.70    1859     2260
2014-08-16 21:20:00    461539200  ***  ***    0.0    0.0    0.0   12.8   12.8  100.0   13.4   12.8   12.8  808.00    1867     2291
2014-08-16 21:40:00    461540400  ***  ***    0.0    0.0    0.0   13.0   13.0  100.0   13.6   13.0   13.0  807.70    1868     2301
2014-08-16 22:00:00    461541600  ***  ***    0.6    0.6    0.6   12.9   12.9  100.0   13.5   12.9   12.9  807.20    1874     2302
2014-08-16 22:20:00    461542800  ***  ***    0.0    0.0    0.0   13.3   13.3  100.0   13.9   13.3   13.3  807.60    1871     2312
2014-08-16 22:40:00    461544000  ***  ***    0.6    0.6    0.6   13.1   13.1  100.0   13.7   13.1   13.1  807.30    1874     2311
2014-08-16 23:00:00    461545200  ***  ***    0.8    0.8    0.8   14.1   14.1  100.0   14.7   14.1   14.1  807.10    1875     2350
2014-08-16 23:20:00    461546400  ***  ***    0.0    0.0    0.0   13.4   13.4  100.0   14.0   13.4   13.4  806.50    1882     2330
2014-08-16 23:40:00    461547600  ***  ***    0.0    0.0    0.0   13.8   13.8  100.0   14.4   13.8   13.8  806.30    1883     2348
2014-08-17 00:00:00    461548800  ***  ***    0.0    0.0    0.0   13.6   13.6  100.0   14.2   13.6   13.6  806.40    1883     2339
2014-08-17 00:20:00    461550000  ***  ***    2.2    2.2    2.2   18.2   18.2   96.3   18.8   17.6   17.7  806.40    1883     2519
2014-08-17 00:40:00    461551200  ***  ***    1.0    1.0    1.0   15.8   15.8  100.0   16.5   15.8   15.8  806.80    1877     2421
2014-08-17 01:00:00    461552400  ***  ***    0.0    0.0    0.0   14.6   14.6  100.0   15.3   14.6   14.6  807.10    1875     2370
2014-08-17 01:20:00    461553600  ***  ***    0.0    0.0    0.0   15.3   15.3  100.0   16.0   15.3   15.3  807.40    1873     2395
2014-08-17 01:40:00    461554800  ***  ***    0.0    0.0    0.0   14.3   14.3  100.0   15.0   14.3   14.3  807.50    1872     2354
2014-08-17 02:00:00    461556000  ***  ***    0.0    0.0    0.0   13.7   13.7  100.0   14.3   13.7   13.7  807.00    1877     2338
2014-08-17 02:20:00    461557200  ***  ***    0.0    0.0    0.0   13.6   13.6  100.0   14.2   13.6   13.6  806.20    1884     2344
2014-08-17 02:40:00    461558400  ***  ***    0.0    0.0    0.0   13.4   13.4  100.0   14.0   13.4   13.4  805.90    1888     2340
2014-08-17 03:00:00    461559600  ***  ***    0.0    0.0    0.0   13.3   13.3  100.0   13.9   13.3   13.3  805.90    1886     2333
2014-08-17 03:20:00    461560800  ***  ***    0.0    0.0    0.0   13.5   13.5  100.0   14.1   13.5   13.5  806.10    1885     2339
2014-08-17 03:40:00    461562000  ***  ***    0.0    0.0    0.0   13.4   13.4  100.0   14.0   13.4   13.4  806.00    1886     2337
2014-08-17 04:00:00    461563200  ***  ***    0.0    0.0    0.0   13.5   13.5  100.0   14.1   13.5   13.5  805.80    1888     2345
2014-08-17 04:20:00    461564400  ***  ***    0.0    0.0    0.0   13.7   13.7  100.0   14.3   13.7   13.7  805.90    1886     2350
2014-08-17 04:40:00    461565600  ***  ***    0.0    0.0    0.0   13.4   13.4  100.0   14.0   13.4   13.4  806.70    1879     2330
2014-08-17 05:00:00    461566800  ***  ***    0.0    0.0    0.0   13.7   13.7  100.0   14.3   13.7   13.7  806.50    1882     2344
2014-08-17 05:20:00    461568000  ***  ***    0.0    0.0    0.0   13.5   13.5  100.0   14.1   13.5   13.5  806.50    1882     2335
2014-08-17 05:40:00    461569200  ***  ***    0.0    0.0    0.0   13.6   13.6  100.0   14.2   13.6   13.6  806.60    1881     2339
2014-08-17 06:00:00    461570400  ***  ***    0.0    0.0    0.0   14.2   14.2  100.0   14.8   14.2   14.2  807.20    1875     2355
2014-08-17 06:20:00    461571600  ***  ***    0.0    0.0    0.0   14.6   14.6  100.0   15.3   14.6   14.6  806.90    1877     2373
2014-08-17 06:40:00    461572800  ***  ***    0.0    0.0    0.0   14.9   14.9  100.0   15.6   14.9   14.9  807.10    1876     2384
2014-08-17 07:00:00    461574000  ***  ***    0.0    0.0    0.0   15.0   15.0  100.0   15.7   15.0   15.0  806.90    1877     2389
2014-08-17 07:20:00    461575200  ***  ***    0.0    0.0    0.0   15.1   15.1  100.0   15.8   15.1   15.1  807.10    1875     2389
2014-08-17 07:40:00    461576400  ***  ***    0.0    0.0    0.0   15.5   15.5  100.0   16.2   15.5   15.5  807.00    1876     2405
2014-08-17 08:00:00    461577600  ***  ***    0.0    0.0    0.0   16.8   16.8  100.0   17.6   16.8   16.8  806.80    1879     2459
2014-08-17 08:20:00    461578800  ***  ***    0.0    0.0    0.0   18.2   18.2  100.0   19.0   18.2   18.2  806.80    1877     2515
2014-08-17 08:40:00    461580000  ***  ***    0.0    0.0    0.0   19.8   19.8  100.0   20.8   19.8   19.8  806.70    1879     2583
2014-08-17 09:00:00    461581200  ***  ***    0.9    0.9    0.9   21.9   21.9  100.0   23.3   21.9   21.9  806.50    1881     2667
2014-08-17 09:20:00    461582400  ***  ***    0.7    0.7    0.7   22.6   22.6  100.0   24.3   22.6   22.6  806.70    1879     2695
2014-08-17 09:40:00    461583600  ***  ***    1.6    1.6    1.6   24.8   24.8  100.0   27.8   24.8   24.8  806.60    1881     2786
2014-08-17 10:00:00    461584800  ***  ***    0.0    0.0    0.0   24.9   24.9   58.3   24.7   16.1   18.7  806.60    1879     2728
2014-08-17 10:20:00    461586000  ***  ***    1.3    1.3    1.3   24.3   24.3   58.2   24.1   15.6   18.2  806.70    1879     2706
2014-08-17 10:40:00    461587200  ***  ***    0.0    0.0    0.0   27.1   27.1   57.8   28.0   18.1   20.5  806.70    1879     2813
2014-08-17 11:00:00    461588400  ***  ***    0.0    0.0    0.0   28.9   28.9   50.3   30.0   17.5   20.6  806.50    1882     2869
2014-08-17 11:20:00    461589600  ***  ***    0.7    0.7    0.7   26.2   26.2   57.5   26.7   17.1   19.6  806.40    1882     2780
2014-08-17 11:40:00    461590800  ***  ***    1.2    1.2    1.2   25.5   25.5   52.8   25.3   15.1   18.2  806.50    1882     2746
2014-08-17 12:00:00    461592000  ***  ***    1.0    1.0    1.0   26.5   26.5   52.6   26.6   16.0   19.0  806.40    1882     2782
2014-08-17 12:20:00    461593200  ***  ***    0.0    0.0    0.0   24.9   24.9   63.0   25.2   17.4   19.5  806.50    1882     2739
2014-08-17 12:40:00    461594400  ***  ***    0.0    0.0    0.0   23.3   23.3   68.7   23.7   17.2   18.9  806.20    1884     2687
2014-08-17 13:00:00    461595600  ***  ***    0.0    0.0    0.0   21.1   21.1   78.5   21.5   17.2   18.3  806.50    1881     2611
2014-08-17 13:20:00    461596800  ***  ***    0.0    0.0    0.0   18.3   18.3   92.6   18.8   17.1   17.4  806.50    1881     2518
2014-08-17 13:40:00    461598000  ***  ***    0.0    0.0    0.0   18.5   18.5   89.9   18.8   16.8   17.3  806.30    1884     2524
2014-08-17 14:00:00    461599200  ***  ***    0.0    0.0    0.0   18.7   18.7   87.3   18.9   16.5   17.2  805.80    1888     2536
2014-08-17 14:20:00    461600400  ***  ***    0.0    0.0    0.0   24.1   24.1   74.1   24.9   19.2   20.5  805.00    1897     2739
2014-08-17 14:40:00    461601600  ***  ***    0.0    0.0    0.0   28.8   28.8   51.8   30.0   17.9   20.8  804.80    1897     2888
2014-08-17 15:00:00    461602800  ***  ***    0.0    0.0    0.0   30.6   30.6   46.1   32.1   17.7   21.2  804.50    1901     2949
2014-08-17 15:20:00    461604000  ***  ***    0.8    0.8    0.8   28.6   28.6   40.5   28.2   13.8   18.3  804.00    1907     2871
2014-08-17 15:40:00    461605200  ***  ***    0.4    0.4    0.4   28.1   28.1   50.9   28.7   17.0   20.1  803.90    1908     2873
2014-08-17 16:00:00    461606400  ***  ***    0.0    0.0    0.0   30.9   30.9   34.0   30.4   13.3   18.7  804.00    1906     2941
2014-08-17 16:20:00    461607600  ***  ***    0.5    0.5    0.5   25.8   25.8   49.3   25.4   14.4   17.8  803.50    1912     2790
2014-08-17 16:40:00    461608800  ***  ***    0.0    0.0    0.0   28.6   28.6   47.3   29.0   16.3   19.7  803.70    1909     2885
2014-08-17 17:00:00    461610000  ***  ***    0.0    0.0    0.0   20.0   20.0   78.5   20.1   16.1   17.3  804.30    1904     2597
2014-08-17 17:20:00    461611200  ***  ***    0.0    0.0    0.0   19.6   19.6   73.6   19.5   14.8   16.3  803.80    1909     2582
2014-08-17 17:40:00    461612400  ***  ***    0.0    0.0    0.0   19.7   19.7   77.3   19.7   15.6   16.8  804.40    1903     2581
2014-08-17 18:00:00    461613600  ***  ***    0.0    0.0    0.0   19.7   19.7   59.6   18.9   11.6   14.4  804.70    1900     2560
2014-08-17 18:20:00    461614800  ***  ***    0.5    0.5    0.5   18.4   18.4   65.7   17.5   11.8   14.0  805.20    1894     2508
2014-08-17 18:40:00    461616000  ***  ***    0.0    0.0    0.0   15.9   15.9   88.5   16.1   14.0   14.6  805.40    1893     2433
2014-08-17 19:00:00    461617200  ***  ***    0.0    0.0    0.0   15.2   15.2   92.3   15.6   13.9   14.3  805.30    1894     2410
2014-08-17 19:20:00    461618400  ***  ***    0.0    0.0    0.0   15.4   15.4   94.4   15.9   14.5   14.8  805.70    1890     2415
2014-08-17 19:40:00    461619600  ***  ***    0.0    0.0    0.0   15.3   15.3   97.1   15.8   14.9   15.0  805.20    1894     2419
2014-08-17 20:00:00    461620800  ***  ***    0.0    0.0    0.0   15.3   15.3   99.6   16.0   15.2   15.2  805.20    1895     2421
2014-08-17 20:20:00    461622000  ***  ***    0.0    0.0    0.0   15.1   15.1   99.7   15.8   15.1   15.1  804.60    1900     2421
2014-08-17 20:40:00    461623200  ***  ***    0.0    0.0    0.0   14.8   14.8   98.7   15.4   14.6   14.7  804.80    1897     2405
2014-08-17 21:00:00    461624400  ***  ***    0.0    0.0    0.0   14.9   14.9   93.7   15.3   13.9   14.2  805.70    1888     2393
2014-08-17 21:20:00    461625600  ***  ***    0.0    0.0    0.0   14.5   14.5   96.4   15.0   14.0   14.2  806.10    1886     2377
2014-08-17 21:40:00    461626800  ***  ***    0.0    0.0    0.0   14.5   14.5   98.1   15.1   14.2   14.3  806.30    1884     2375
2014-08-17 22:00:00    461628000  ***  ***    0.0    0.0    0.0   14.6   14.6   97.0   15.1   14.1   14.3  806.20    1884     2378
2014-08-17 22:20:00    461629200  ***  ***    0.0    0.0    0.0   14.6   14.6   96.0   15.1   13.9   14.1  806.10    1885     2378
2014-08-17 22:40:00    461630400  ***  ***    0.0    0.0    0.0   14.5   14.5   96.3   15.0   13.9   14.1  805.80    1888     2378
2014-08-17 23:00:00    461631600  ***  ***    0.0    0.0    0.0   14.6   14.6   94.8   15.0   13.8   14.1  805.40    1893     2388
2014-08-17 23:20:00    461632800  ***  ***    0.0    0.0    0.0   14.4   14.4   95.9   14.9   13.7   13.9  805.40    1893     2380
2014-08-17 23:40:00    461634000  ***  ***    0.0    0.0    0.0   14.8   14.8   90.1   15.1   13.2   13.7  805.40    1893     2390
2014-08-18 00:00:00    461635200  ***  ***    0.0    0.0    0.0   14.9   14.9   91.4   15.2   13.5   14.0  804.80    1897     2402
2014-08-18 00:20:00    461636400  ***  ***    0.0    0.0    0.0   14.5   14.5   90.6   14.8   13.0   13.5  804.70    1899     2388
2014-08-18 00:40:00    461637600  ***  ***    0.0    0.0    0.0   14.2   14.2   92.7   14.5   13.0   13.4  804.80    1897     2376
2014-08-18 01:00:00    461638800  ***  ***    0.0    0.0    0.0   13.6   13.6   95.4   14.0   12.9   13.1  804.70    1899     2358
2014-08-18 01:20:00    461640000  ***  ***    0.0    0.0    0.0   13.6   13.6   93.5   13.9   12.5   12.9  804.70    1900     2355
2014-08-18 01:40:00    461641200  ***  ***    0.0    0.0    0.0   13.3   13.3   93.7   13.6   12.3   12.6  804.50    1902     2347
2014-08-18 02:00:00    461642400  ***  ***    0.0    0.0    0.0   13.0   13.0   94.7   13.4   12.2   12.5  804.40    1903     2337
2014-08-18 02:20:00    461643600  ***  ***    0.0    0.0    0.0   12.9   12.9   93.5   13.2   11.9   12.2  804.20    1904     2335
2014-08-18 02:40:00    461644800  ***  ***    0.0    0.0    0.0   13.2   13.2   93.2   13.5   12.1   12.5  804.70    1900     2341
2014-08-18 03:00:00    461646000  ***  ***    0.0    0.0    0.0   13.0   13.0   92.5   13.3   11.8   12.2  804.40    1903     2336
2014-08-18 03:20:00    461647200  ***  ***    0.0    0.0    0.0   12.7   12.7   93.7   13.0   11.7   12.1  804.70    1900     2322
2014-08-18 03:40:00    461648400  ***  ***    0.0    0.0    0.0   12.7   12.7   93.1   13.0   11.6   12.0  804.50    1902     2323
2014-08-18 04:00:00    461649600  ***  ***    0.0    0.0    0.0   12.8   12.8   93.6   13.1   11.8   12.1  804.30    1904     2331
2014-08-18 04:20:00    461650800  ***  ***    0.0    0.0    0.0   12.8   12.8   93.9   13.2   11.8   12.1  804.40    1902     2327
2014-08-18 04:40:00    461652000  ***  ***    0.0    0.0    0.0   13.0   13.0   92.8   13.3   11.9   12.3  804.00    1906     2341
2014-08-18 05:00:00    461653200  ***  ***    0.0    0.0    0.0   13.5   13.5   89.0   13.7   11.7   12.4  804.30    1903     2352
2014-08-18 05:20:00    461654400  ***  ***    0.0    0.0    0.0   13.4   13.4   92.5   13.7   12.2   12.6  804.50    1902     2350
2014-08-18 05:40:00    461655600  ***  ***    0.0    0.0    0.0   13.3   13.3   89.3   13.5   11.6   12.2  804.60    1901     2343
2014-08-18 06:00:00    461656800  ***  ***    0.0    0.0    0.0   13.3   13.3   89.6   13.5   11.6   12.2  804.80    1899     2342
2014-08-18 06:20:00    461658000  ***  ***    0.0    0.0    0.0   13.3   13.3   91.3   13.5   11.9   12.4  804.90    1897     2341
2014-08-18 06:40:00    461659200  ***  ***    0.0    0.0    0.0   13.3   13.3   91.5   13.5   12.0   12.4  804.60    1900     2344
2014-08-18 07:00:00    461660400  ***  ***    0.0    0.0    0.0   13.4   13.4   91.4   13.6   12.0   12.5  804.70    1900     2347
2014-08-18 07:20:00    461661600  ***  ***    0.0    0.0    0.0   13.5   13.5   92.5   13.8   12.3   12.7  804.70    1900     2352
2014-08-18 07:40:00    461662800  ***  ***    0.0    0.0    0.0   14.0   14.0   94.2   14.4   13.1   13.4  804.90    1897     2370
2014-08-18 08:00:00    461664000  ***  ***    0.0    0.0    0.0   15.9   15.9   88.7   16.1   14.0   14.6  805.20    1894     2433
2014-08-18 08:20:00    461665200  ***  ***    0.7    0.7    0.7   17.1   17.1   84.8   17.1   14.5   15.3  805.10    1895     2480
2014-08-18 08:40:00    461666400  ***  ***    0.0    0.0    0.0   19.4   19.4   69.7   19.0   13.7   15.6  805.20    1894     2551
2014-08-18 09:00:00    461667600  ***  ***    0.0    0.0    0.0   21.0   21.0   68.9   21.1   15.1   16.9  805.10    1895     2613
2014-08-18 09:20:00    461668800  ***  ***    0.0    0.0    0.0   22.5   22.5   64.5   22.7   15.5   17.6  805.00    1895     2665
2014-08-18 09:40:00    461670000  ***  ***    0.0    0.0    0.0   26.4   26.4   48.6   26.1   14.8   18.3  805.10    1895     2793
2014-08-18 10:00:00    461671200  ***  ***    0.0    0.0    0.0   23.3   23.3   63.4   23.5   15.9   18.1  805.50    1892     2688
2014-08-18 10:20:00    461672400  ***  ***    0.0    0.0    0.0   22.4   22.4   64.1   22.6   15.3   17.4  805.30    1894     2659
2014-08-18 10:40:00    461673600  ***  ***    0.4    0.4    0.4   23.1   23.1   64.0   23.3   15.9   18.1  804.90    1897     2690
2014-08-18 11:00:00    461674800  ***  ***    0.7    0.7    0.7   24.6   24.6   57.8   24.4   15.8   18.4  804.90    1897     2739
2014-08-18 11:20:00    461676000  ***  ***    0.0    0.0    0.0   21.0   21.0   65.8   21.0   14.4   16.4  804.70    1899     2616
2014-08-18 11:40:00    461677200  ***  ***    0.0    0.0    0.0   24.5   24.5   64.9   24.7   17.4   19.4  804.80    1899     2747
2014-08-18 12:00:00    461678400  ***  ***    0.0    0.0    0.0   23.5   23.5   61.1   23.5   15.6   17.9  804.60    1901     2706
2014-08-18 12:20:00    461679600  ***  ***    0.0    0.0    0.0   22.5   22.5   65.7   22.7   15.7   17.7  804.30    1903     2675
2014-08-18 12:40:00    461680800  ***  ***    0.9    0.9    0.9   20.3   20.3   73.4   20.4   15.4   16.9  804.30    1904     2603
2014-08-18 13:00:00    461682000  ***  ***    0.6    0.6    0.6   19.2   19.2   75.9   19.0   14.8   16.2  804.50    1902     2560
2014-08-18 13:20:00    461683200  ***  ***    0.0    0.0    0.0   17.8   17.8   91.7   18.1   16.5   16.9  804.40    1903     2524
2014-08-18 13:40:00    461684400  ***  ***    0.0    0.0    0.0   17.6   17.6   91.9   18.0   16.2   16.6  804.50    1901     2512
2014-08-18 14:00:00    461685600  ***  ***    0.9    0.9    0.9   16.2   16.2   85.8   16.2   13.9   14.7  804.20    1905     2458
2014-08-18 14:20:00    461686800  ***  ***    1.7    1.7    1.7   16.7   16.7   81.5   16.6   13.5   14.6  804.10    1906     2474
2014-08-18 14:40:00    461688000  ***  ***    0.0    0.0    0.0   16.2   16.2   96.6   16.8   15.6   15.8  803.80    1909     2470
2014-08-18 15:00:00    461689200  ***  ***    0.0    0.0    0.0   16.5   16.5   93.6   16.9   15.5   15.8  803.50    1912     2486
2014-08-18 15:20:00    461690400  ***  ***    0.0    0.0    0.0   20.0   20.0   83.3   20.4   17.1   17.9  803.00    1916     2618
2014-08-18 15:40:00    461691600  ***  ***    0.0    0.0    0.0   20.3   20.3   77.7   20.5   16.3   17.5  802.70    1920     2627
2014-08-18 16:00:00    461692800  ***  ***    0.5    0.5    0.5   21.9   21.9   74.2   22.4   17.1   18.5  802.50    1921     2685
2014-08-18 16:20:00    461694000  ***  ***    0.0    0.0    0.0   22.0   22.0   75.7   22.6   17.5   18.8  802.70    1920     2690
2014-08-18 16:40:00    461695200  ***  ***    0.0    0.0    0.0   21.3   21.3   71.0   21.6   15.8   17.5  802.40    1922     2661
2014-08-18 17:00:00    461696400  ***  ***    0.0    0.0    0.0   19.9   19.9   79.5   20.1   16.3   17.3  802.80    1918     2613
2014-08-18 17:20:00    461697600  ***  ***    0.0    0.0    0.0   20.7   20.7   75.4   21.0   16.2   17.5  802.60    1921     2640
2014-08-18 17:40:00    461698800  ***  ***    0.0    0.0    0.0   21.1   21.1   76.3   21.5   16.8   18.0  802.30    1924     2661
2014-08-18 18:00:00    461700000  ***  ***    0.0    0.0    0.0   20.0   20.0   82.1   20.3   16.9   17.8  803.00    1917     2618
2014-08-18 18:20:00    461701200  ***  ***    0.0    0.0    0.0   19.5   19.5   79.8   19.6   15.9   17.0  802.60    1921     2599
2014-08-18 18:40:00    461702400  ***  ***    0.0    0.0    0.0   18.7   18.7   84.8   18.8   16.1   16.9  803.20    1914     2565
2014-08-18 19:00:00    461703600  ***  ***    0.0    0.0    0.0   18.3   18.3   82.6   18.3   15.3   16.2  803.40    1912     2544
2014-08-18 19:20:00    461704800  ***  ***    0.0    0.0    0.0   17.9   17.9   84.4   17.9   15.2   16.1  803.80    1908     2525
2014-08-18 19:40:00    461706000  ***  ***    0.0    0.0    0.0   17.6   17.6   88.6   17.8   15.7   16.3  803.80    1909     2518
2014-08-18 20:00:00    461707200  ***  ***    0.0    0.0    0.0   17.3   17.3   88.5   17.5   15.4   16.0  804.00    1907     2507
2014-08-18 20:20:00    461708400  ***  ***    0.0    0.0    0.0   17.2   17.2   89.3   17.4   15.4   15.9  804.30    1903     2495
2014-08-18 20:40:00    461709600  ***  ***    0.0    0.0    0.0   17.1   17.1   90.4   17.4   15.5   16.0  804.40    1903     2492
2014-08-18 21:00:00    461710800  ***  ***    0.0    0.0    0.0   16.9   16.9   91.8   17.2   15.6   16.0  804.50    1902     2487
2014-08-18 21:20:00    461712000  ***  ***    0.0    0.0    0.0   17.0   17.0   88.1   17.1   15.0   15.7  804.80    1899     2483
2014-08-18 21:40:00    461713200  ***  ***    0.0    0.0    0.0   16.1   16.1   92.8   16.5   15.0   15.4  804.80    1897     2452
2014-08-18 22:00:00    461714400  ***  ***    0.0    0.0    0.0   15.6   15.6   94.9   16.1   14.8   15.0  804.70    1899     2434
2014-08-18 22:20:00    461715600  ***  ***    0.0    0.0    0.0   15.4   15.4   96.0   15.9   14.8   15.0  804.70    1900     2430
2014-08-18 22:40:00    461716800  ***  ***    0.0    0.0    0.0   16.1   16.1   92.6   16.5   14.9   15.2  804.60    1901     2454
2014-08-18 23:00:00    461718000  ***  ***    0.0    0.0    0.0   16.2   16.2   94.2   16.7   15.2   15.5  804.60    1901     2458
2014-08-18 23:20:00    461719200  ***  ***    0.0    0.0    0.0   16.1   16.1   94.1   16.6   15.2   15.5  804.40    1902     2457
2014-08-18 23:40:00    461720400  ***  ***    0.0    0.0    0.0   16.1   16.1   95.8   16.7   15.5   15.7  804.30    1903     2460
2014-08-19 00:00:00    461721600  ***  ***    0.0    0.0    0.0   16.2   16.2   94.8   16.7   15.4   15.7  803.90    1907     2468
2014-08-19 00:20:00    461722800  ***  ***    0.0    0.0    0.0   16.3   16.3   95.2   16.8   15.5   15.7  804.00    1907     2471
2014-08-19 00:40:00    461724000  ***  ***    0.0    0.0    0.0   16.4   16.4   95.1   16.9   15.6   15.8  804.30    1904     2472
2014-08-19 01:00:00    461725200  ***  ***    0.0    0.0    0.0   16.4   16.4   94.2   16.9   15.5   15.8  804.00    1907     2476
2014-08-19 01:20:00    461726400  ***  ***    0.0    0.0    0.0   16.5   16.5   94.0   17.0   15.6   15.8  803.70    1909     2482
2014-08-19 01:40:00    461727600  ***  ***    0.0    0.0    0.0   16.4   16.4   96.3   17.0   15.8   16.0  803.60    1911     2481
2014-08-19 02:00:00    461728800  ***  ***    0.0    0.0    0.0   16.5   16.5   93.5   16.9   15.4   15.7  803.60    1910     2482
2014-08-19 02:20:00    461730000  ***  ***    0.0    0.0    0.0   16.2   16.2   95.5   16.7   15.5   15.7  803.80    1909     2470
2014-08-19 02:40:00    461731200  ***  ***    0.0    0.0    0.0   15.9   15.9   96.5   16.5   15.4   15.6  804.00    1907     2458
2014-08-19 03:00:00    461732400  ***  ***    0.0    0.0    0.0   15.8   15.8   98.3   16.4   15.5   15.6  803.60    1911     2458
2014-08-19 03:20:00    461733600  ***  ***    0.0    0.0    0.0   15.8   15.8   99.0   16.4   15.6   15.7  803.70    1910     2459
2014-08-19 03:40:00    461734800  ***  ***    0.0    0.0    0.0   15.7   15.7   99.9   16.4   15.7   15.7  803.60    1911     2456
2014-08-19 04:00:00    461736000  ***  ***    0.0    0.0    0.0   15.6   15.6  100.0   16.3   15.6   15.6  803.30    1913     2455
2014-08-19 04:20:00    461737200  ***  ***    0.0    0.0    0.0   15.7   15.7  100.0   16.4   15.7   15.7  803.40    1913     2458
2014-08-19 04:40:00    461738400  ***  ***    0.0    0.0    0.0   15.6   15.6  100.0   16.3   15.6   15.6  803.10    1916     2458
2014-08-19 05:00:00    461739600  ***  ***    0.0    0.0    0.0   15.3   15.3  100.0   16.0   15.3   15.3  803.20    1915     2447
2014-08-19 05:20:00    461740800  ***  ***    0.0    0.0    0.0   15.5   15.5  100.0   16.2   15.5   15.5  803.10    1916     2454
2014-08-19 05:40:00    461742000  ***  ***    0.0    0.0    0.0   15.3   15.3  100.0   16.0   15.3   15.3  803.10    1916     2447
2014-08-19 06:00:00    461743200  ***  ***    0.0    0.0    0.0   15.0   15.0  100.0   15.7   15.0   15.0  803.30    1914     2434
2014-08-19 06:20:00    461744400  ***  ***    0.0    0.0    0.0   15.2   15.2  100.0   15.9   15.2   15.2  803.40    1913     2439
2014-08-19 06:40:00    461745600  ***  ***    0.0    0.0    0.0   15.8   15.8  100.0   16.5   15.8   15.8  803.80    1908     2458
2014-08-19 07:00:00    461746800  ***  ***    0.0    0.0    0.0   15.9   15.9  100.0   16.6   15.9   15.9  803.80    1908     2460
2014-08-19 07:20:00    461748000  ***  ***    0.0    0.0    0.0   16.5   16.5   96.3   17.1   15.9   16.1  803.60    1911     2484
2014-08-19 07:40:00    461749200  ***  ***    0.0    0.0    0.0   17.1   17.1   91.6   17.4   15.7   16.1  803.90    1908     2501
2014-08-19 08:00:00    461750400  ***  ***    0.0    0.0    0.0   20.8   20.8   77.5   21.2   16.7   17.9  803.80    1908     2631
2014-08-19 08:20:00    461751600  ***  ***    0.0    0.0    0.0   18.5   18.5   83.1   18.5   15.5   16.4  803.80    1908     2546
2014-08-19 08:40:00    461752800  ***  ***    1.3    1.3    1.3   17.1   17.1   88.2   17.3   15.1   15.7  803.80    1908     2496
2014-08-19 09:00:00    461754000  ***  ***    0.4    0.4    0.4   17.6   17.6   86.1   17.6   15.2   16.0  804.00    1906     2513
2014-08-19 09:20:00    461755200  ***  ***    0.0    0.0    0.0   18.6   18.6   83.8   18.6   15.8   16.7  804.00    1906     2550
2014-08-19 09:40:00    461756400  ***  ***    0.0    0.0    0.0   18.8   18.8   83.3   18.9   15.9   16.8  804.20    1905     2556
2014-08-19 10:00:00    461757600  ***  ***    0.0    0.0    0.0   19.6   19.6   80.8   19.8   16.2   17.2  804.00    1907     2586
2014-08-19 10:20:00    461758800  ***  ***    0.0    0.0    0.0   19.7   19.7   80.3   19.8   16.3   17.3  804.00    1907     2592
2014-08-19 10:40:00    461760000  ***  ***    0.0    0.0    0.0   21.3   21.3   74.0   21.7   16.5   17.9  803.80    1909     2647
2014-08-19 11:00:00    461761200  ***  ***    0.0    0.0    0.0   23.4   23.4   65.4   23.6   16.6   18.6  803.40    1913     2722
2014-08-19 11:20:00    461762400  ***  ***    0.8    0.8    0.8   19.8   19.8   76.9   19.9   15.6   16.9  803.50    1911     2595
2014-08-19 11:40:00    461763600  ***  ***    0.4    0.4    0.4   17.4   17.4   87.3   17.5   15.3   15.9  803.30    1913     2515
2014-08-19 12:00:00    461764800  ***  ***    1.2    1.2    1.2   14.7   14.7   98.2   15.3   14.4   14.5  804.00    1907     2411
2014-08-19 12:20:00    461766000  ***  ***    0.6    0.6    0.6   14.4   14.4  100.0   15.1   14.4   14.4  804.30    1903     2396
2014-08-19 12:40:00    461767200  ***  ***    0.0    0.0    0.0   14.5   14.5  100.0   15.2   14.5   14.5  804.10    1906     2406
2014-08-19 13:00:00    461768400  ***  ***    0.0    0.0    0.0   14.8   14.8  100.0   15.5   14.8   14.8  804.10    1905     2413
2014-08-19 13:20:00    461769600  ***  ***    0.0    0.0    0.0   14.9   14.9  100.0   15.6   14.9   14.9  804.00    1907     2421
2014-08-19 13:40:00    461770800  ***  ***    0.0    0.0    0.0   15.2   15.2  100.0   15.9   15.2   15.2  803.90    1908     2433
2014-08-19 14:00:00    461772000  ***  ***    0.0    0.0    0.0   14.7   14.7  100.0   15.4   14.7   14.7  803.80    1909     2416
2014-08-19 14:20:00    461773200  ***  ***    0.0    0.0    0.0   14.6   14.6  100.0   15.3   14.6   14.6  803.70    1910     2411
2014-08-19 14:40:00    461774400  ***  ***    0.0    0.0    0.0   15.8   15.8  100.0   16.5   15.8   15.8  803.50    1911     2460
2014-08-19 15:00:00    461775600  ***  ***    0.0    0.0    0.0   15.8   15.8   99.9   16.5   15.8   15.8  803.30    1914     2466
2014-08-19 15:20:00    461776800  ***  ***    0.0    0.0    0.0   15.8   15.8  100.0   16.5   15.8   15.8  803.10    1915     2465
2014-08-19 15:40:00    461778000  ***  ***    0.0    0.0    0.0   16.5   16.5   95.1   17.0   15.7   15.9  802.50    1922     2498
2014-08-19 16:00:00    461779200  ***  ***    0.0    0.0    0.0   19.1   19.1   94.9   19.8   18.3   18.5  802.30    1924     2604
2014-08-19 16:20:00    461780400  ***  ***    0.0    0.0    0.0   17.0   17.0   93.0   17.4   15.9   16.3  802.40    1922     2517
2014-08-19 16:40:00    461781600  ***  ***    0.0    0.0    0.0   16.7   16.7   92.5   17.1   15.5   15.8  802.80    1918     2498
2014-08-19 17:00:00    461782800  ***  ***    0.0    0.0    0.0   15.6   15.6   94.3   16.1   14.7   15.0  802.80    1919     2458
2014-08-19 17:20:00    461784000  ***  ***    0.0    0.0    0.0   15.3   15.3   96.7   15.8   14.8   15.0  802.80    1918     2448
2014-08-19 17:40:00    461785200  ***  ***    0.0    0.0    0.0   15.4   15.4   97.3   15.9   15.0   15.1  802.70    1920     2453
2014-08-19 18:00:00    461786400  ***  ***    0.0    0.0    0.0   14.7   14.7   99.2   15.3   14.6   14.6  802.50    1921     2429
2014-08-19 18:20:00    461787600  ***  ***    0.0    0.0    0.0   14.6   14.6   99.8   15.3   14.5   14.5  802.50    1922     2426
2014-08-19 18:40:00    461788800  ***  ***    0.0    0.0    0.0   14.5   14.5  100.0   15.2   14.5   14.5  802.80    1919     2421
2014-08-19 19:00:00    461790000  ***  ***    0.0    0.0    0.0   14.2   14.2  100.0   14.8   14.2   14.2  802.70    1920     2409
2014-08-19 19:20:00    461791200  ***  ***    0.0    0.0    0.0   14.0   14.0  100.0   14.6   14.0   14.0  802.90    1917     2398
2014-08-19 19:40:00    461792400  ***  ***    0.0    0.0    0.0   14.0   14.0  100.0   14.6   14.0   14.0  802.90    1917     2400
2014-08-19 20:00:00    461793600  ***  ***    0.0    0.0    0.0   13.8   13.8  100.0   14.4   13.8   13.8  803.40    1913     2383
2014-08-19 20:20:00    461794800  ***  ***    0.0    0.0    0.0   13.7   13.7  100.0   14.3   13.7   13.7  803.30    1914     2384
2014-08-19 20:40:00    461796000  ***  ***    0.0    0.0    0.0   13.5   13.5  100.0   14.1   13.5   13.5  803.50    1911     2371
2014-08-19 21:00:00    461797200  ***  ***    0.0    0.0    0.0   13.3   13.3  100.0   13.9   13.3   13.3  803.50    1912     2363
2014-08-19 21:20:00    461798400  ***  ***    0.0    0.0    0.0   12.9   12.9  100.0   13.5   12.9   12.9  803.40    1913     2350
2014-08-19 21:40:00    461799600  ***  ***    0.0    0.0    0.0   13.0   13.0  100.0   13.6   13.0   13.0  803.60    1911     2352
2014-08-19 22:00:00    461800800  ***  ***    0.0    0.0    0.0   13.5   13.5  100.0   14.1   13.5   13.5  803.60    1911     2369
2014-08-19 22:20:00    461802000  ***  ***    0.0    0.0    0.0   13.4   13.4  100.0   14.0   13.4   13.4  803.60    1911     2369
2014-08-19 22:40:00    461803200  ***  ***    0.0    0.0    0.0   13.4   13.4  100.0   14.0   13.4   13.4  803.50    1912     2369
2014-08-19 23:00:00    461804400  ***  ***    0.0    0.0    0.0   13.4   13.4  100.0   14.0   13.4   13.4  803.30    1914     2372
2014-08-19 23:20:00    461805600  ***  ***    0.0    0.0    0.0   13.4   13.4  100.0   14.0   13.4   13.4  803.30    1914     2371
2014-08-19 23:40:00    461806800  ***  ***    0.0    0.0    0.0   13.1   13.1  100.0   13.7   13.1   13.1  803.30    1914     2360
2014-08-20 00:00:00    461808000  ***  ***    0.0    0.0    0.0   13.1   13.1  100.0   13.7   13.1   13.1  803.30    1914     2358
2014-08-20 00:20:00    461809200  ***  ***    0.0    0.0    0.0   13.0   13.0  100.0   13.6   13.0   13.0  802.90    1918     2362
2014-08-20 00:40:00    461810400  ***  ***    0.0    0.0    0.0   13.4   13.4  100.0   14.0   13.4   13.4  803.20    1914     2370
2014-08-20 01:00:00    461811600  ***  ***    0.0    0.0    0.0   13.6   13.6  100.0   14.2   13.6   13.6  803.50    1911     2375
2014-08-20 01:20:00    461812800  ***  ***    0.0    0.0    0.0   13.5   13.5  100.0   14.1   13.5   13.5  803.50    1912     2374
2014-08-20 01:40:00    461814000  ***  ***    0.0    0.0    0.0   13.5   13.5  100.0   14.1   13.5   13.5  803.30    1914     2376
2014-08-20 02:00:00    461815200  ***  ***    0.0    0.0    0.0   13.8   13.8  100.0   14.4   13.8   13.8  803.70    1909     2379
2014-08-20 02:20:00    461816400  ***  ***    0.0    0.0    0.0   13.8   13.8  100.0   14.4   13.8   13.8  803.50    1911     2382
2014-08-20 02:40:00    461817600  ***  ***    0.0    0.0    0.0   13.9   13.9  100.0   14.5   13.9   13.9  803.40    1913     2389
2014-08-20 03:00:00    461818800  ***  ***    0.0    0.0    0.0   13.9   13.9  100.0   14.5   13.9   13.9  803.40    1912     2387
2014-08-20 03:20:00    461820000  ***  ***    0.0    0.0    0.0   13.9   13.9  100.0   14.5   13.9   13.9  803.50    1912     2386
2014-08-20 03:40:00    461821200  ***  ***    0.0    0.0    0.0   13.7   13.7  100.0   14.3   13.7   13.7  803.40    1912     2381
2014-08-20 04:00:00    461822400  ***  ***    0.0    0.0    0.0   13.7   13.7  100.0   14.3   13.7   13.7  803.90    1908     2376
2014-08-20 04:20:00    461823600  ***  ***    0.0    0.0    0.0   13.8   13.8  100.0   14.4   13.8   13.8  803.80    1908     2379
2014-08-20 04:40:00    461824800  ***  ***    0.0    0.0    0.0   13.8   13.8  100.0   14.4   13.8   13.8  803.90    1908     2379
2014-08-20 05:00:00    461826000  ***  ***    0.0    0.0    0.0   13.8   13.8  100.0   14.4   13.8   13.8  803.90    1908     2381
2014-08-20 05:20:00    461827200  ***  ***    0.0    0.0    0.0   13.8   13.8  100.0   14.4   13.8   13.8  803.70    1909     2381
2014-08-20 05:40:00    461828400  ***  ***    0.0    0.0    0.0   13.3   13.3  100.0   13.9   13.3   13.3  803.80    1909     2362
2014-08-20 06:00:00    461829600  ***  ***    0.0    0.0    0.0   13.4   13.4  100.0   14.0   13.4   13.4  804.00    1907     2362
2014-08-20 06:20:00    461830800  ***  ***    0.0    0.0    0.0   13.7   13.7  100.0   14.3   13.7   13.7  804.20    1904     2371
2014-08-20 06:40:00    461832000  ***  ***    0.0    0.0    0.0   14.1   14.1  100.0   14.7   14.1   14.1  804.20    1905     2388
2014-08-20 07:00:00    461833200  ***  ***    0.0    0.0    0.0   14.4   14.4  100.0   15.1   14.4   14.4  804.40    1903     2395
2014-08-20 07:20:00    461834400  ***  ***    0.0    0.0    0.0   15.3   15.3  100.0   16.0   15.3   15.3  804.50    1902     2429
2014-08-20 07:40:00    461835600  ***  ***    0.0    0.0    0.0   15.4   15.4   98.9   16.0   15.2   15.3  804.80    1899     2428
2014-08-20 08:00:00    461836800  ***  ***    0.0    0.0    0.0   15.9   15.9   94.0   16.4   14.9   15.2  804.80    1899     2446
2014-08-20 08:20:00    461838000  ***  ***    0.0    0.0    0.0   16.8   16.8   90.4   17.1   15.2   15.7  804.90    1897     2475
2014-08-20 08:40:00    461839200  ***  ***    0.0    0.0    0.0   16.7   16.7   88.3   16.9   14.8   15.4  804.90    1897     2468
2014-08-20 09:00:00    461840400  ***  ***    0.0    0.0    0.0   17.4   17.4   84.6   17.4   14.8   15.6  805.10    1895     2492
2014-08-20 09:20:00    461841600  ***  ***    0.0    0.0    0.0   17.1   17.1   85.9   17.1   14.7   15.5  805.00    1895     2480
2014-08-20 09:40:00    461842800  ***  ***    0.0    0.0    0.0   21.1   21.1   66.4   21.2   14.6   16.6  805.20    1894     2613
2014-08-20 10:00:00    461844000  ***  ***    0.0    0.0    0.0   20.6   20.6   73.8   20.8   15.8   17.3  805.40    1893     2603
2014-08-20 10:20:00    461845200  ***  ***    0.5    0.5    0.5   22.1   22.1   66.7   22.4   15.7   17.6  804.90    1897     2658
2014-08-20 10:40:00    461846400  ***  ***    0.0    0.0    0.0   23.6   23.6   57.5   23.4   14.7   17.4  804.80    1899     2700
2014-08-20 11:00:00    461847600  ***  ***    0.8    0.8    0.8   20.2   20.2   71.7   20.1   14.9   16.5  804.90    1897     2589
2014-08-20 11:20:00    461848800  ***  ***    0.0    0.0    0.0   24.0   24.0   60.4   24.0   15.9   18.3  805.00    1895     2718
2014-08-20 11:40:00    461850000  ***  ***    0.8    0.8    0.8   20.2   20.2   67.9   20.0   14.1   16.0  804.70    1899     2588
2014-08-20 12:00:00    461851200  ***  ***    0.5    0.5    0.5   21.3   21.3   61.5   21.3   13.6   16.1  804.70    1900     2623
2014-08-20 12:20:00    461852400  ***  ***    0.0    0.0    0.0   19.7   19.7   66.5   19.3   13.3   15.4  804.60    1901     2567
2014-08-20 12:40:00    461853600  ***  ***    1.2    1.2    1.2   20.6   20.6   65.7   20.4   14.0   16.1  804.70    1900     2601
2014-08-20 13:00:00    461854800  ***  ***    0.3    0.3    0.3   23.0   23.0   57.9   22.9   14.2   16.9  804.50    1902     2683
2014-08-20 13:20:00    461856000  ***  ***    0.8    0.8    0.8   22.7   22.7   58.2   22.6   14.1   16.8  804.10    1905     2677
2014-08-20 13:40:00    461857200  ***  ***    0.0    0.0    0.0   25.3   25.3   50.3   24.8   14.2   17.6  804.10    1906     2763
2014-08-20 14:00:00    461858400  ***  ***    0.0    0.0    0.0   23.9   23.9   55.1   23.6   14.4   17.3  803.70    1909     2723
2014-08-20 14:20:00    461859600  ***  ***    0.0    0.0    0.0   25.1   25.1   46.3   24.3   12.7   16.7  803.70    1909     2753
2014-08-20 14:40:00    461860800  ***  ***    0.0    0.0    0.0   27.0   27.0   41.4   26.2   12.8   17.3  803.50    1912     2819
2014-08-20 15:00:00    461862000  ***  ***    0.0    0.0    0.0   25.1   25.1   43.0   24.0   11.7   16.2  803.40    1912     2753
2014-08-20 15:20:00    461863200  ***  ***    0.0    0.0    0.0   25.9   25.9   39.2   24.7   10.9   15.9  803.20    1914     2777
2014-08-20 15:40:00    461864400  ***  ***    0.0    0.0    0.0   21.2   21.2   58.1   21.0   12.6   15.4  803.30    1913     2629
2014-08-20 16:00:00    461865600  ***  ***    1.0    1.0    1.0   20.1   20.1   67.4   19.8   13.8   15.8  803.30    1914     2599
2014-08-20 16:20:00    461866800  ***  ***    0.0    0.0    0.0   18.8   18.8   71.1   18.2   13.4   15.2  803.90    1908     2547
2014-08-20 16:40:00    461868000  ***  ***    0.0    0.0    0.0   19.3   19.3   70.2   18.9   13.7   15.5  803.60    1910     2566
2014-08-20 17:00:00    461869200  ***  ***    0.6    0.6    0.6   17.8   17.8   66.5   16.9   11.5   13.7  803.20    1914     2514
2014-08-20 17:20:00    461870400  ***  ***    0.4    0.4    0.4   18.0   18.0   71.1   17.3   12.7   14.5  803.10    1915     2525
2014-08-20 17:40:00    461871600  ***  ***    0.0    0.0    0.0   18.8   18.8   67.5   18.1   12.7   14.8  803.40    1913     2551
2014-08-20 18:00:00    461872800  ***  ***    0.0    0.0    0.0   18.7   18.7   65.7   17.9   12.1   14.3  803.40    1913     2544
2014-08-20 18:20:00    461874000  ***  ***    0.0    0.0    0.0   18.3   18.3   71.9   17.7   13.1   14.9  803.20    1914     2536
2014-08-20 18:40:00    461875200  ***  ***    0.0    0.0    0.0   17.3   17.3   74.1   16.8   12.6   14.2  803.30    1914     2500
2014-08-20 19:00:00    461876400  ***  ***    0.0    0.0    0.0   16.2   16.2   77.7   15.9   12.3   13.6  803.40    1912     2458
2014-08-20 19:20:00    461877600  ***  ***    0.0    0.0    0.0   15.4   15.4   78.9   15.2   11.7   13.0  803.40    1913     2429
2014-08-20 19:40:00    461878800  ***  ***    0.0    0.0    0.0   14.6   14.6   78.3   14.3   10.9   12.2  803.80    1909     2395
2014-08-20 20:00:00    461880000  ***  ***    0.0    0.0    0.0   14.4   14.4   82.7   14.4   11.5   12.5  804.30    1904     2383
2014-08-20 20:20:00    461881200  ***  ***    0.0    0.0    0.0   13.7   13.7   83.3   13.7   10.9   11.9  804.30    1904     2356
2014-08-20 20:40:00    461882400  ***  ***    0.0    0.0    0.0   13.3   13.3   85.4   13.3   10.9   11.8  804.80    1897     2337
2014-08-20 21:00:00    461883600  ***  ***    0.0    0.0    0.0   13.2   13.2   86.1   13.2   10.9   11.7  804.70    1899     2334
2014-08-20 21:20:00    461884800  ***  ***    0.0    0.0    0.0   13.5   13.5   84.3   13.5   10.9   11.8  804.90    1897     2343
2014-08-20 21:40:00    461886000  ***  ***    0.0    0.0    0.0   13.4   13.4   84.9   13.4   10.9   11.8  804.90    1897     2338
2014-08-20 22:00:00    461887200  ***  ***    0.0    0.0    0.0   13.0   13.0   87.2   13.1   10.9   11.6  804.90    1897     2324
2014-08-20 22:20:00    461888400  ***  ***    0.0    0.0    0.0   12.8   12.8   91.5   13.0   11.5   12.0  804.80    1899     2323
2014-08-20 22:40:00    461889600  ***  ***    0.0    0.0    0.0   12.6   12.6   89.8   12.8   11.0   11.5  805.10    1895     2311
2014-08-20 23:00:00    461890800  ***  ***    0.0    0.0    0.0   12.3   12.3   92.1   12.6   11.0   11.4  804.70    1900     2305
2014-08-20 23:20:00    461892000  ***  ***    0.0    0.0    0.0   12.5   12.5   90.3   12.7   10.9   11.4  804.70    1900     2310
2014-08-20 23:40:00    461893200  ***  ***    0.0    0.0    0.0   12.4   12.4   91.9   12.7   11.1   11.5  804.80    1899     2306
2014-08-21 00:00:00    461894400  ***  ***    0.0    0.0    0.0   12.5   12.5   90.4   12.7   11.0   11.5  805.10    1895     2308
2014-08-21 00:20:00    461895600  ***  ***    0.0    0.0    0.0   12.6   12.6   91.8   12.8   11.3   11.8  805.00    1897     2313
2014-08-21 00:40:00    461896800  ***  ***    0.0    0.0    0.0   12.7   12.7   90.2   12.9   11.2   11.8  804.80    1899     2319
2014-08-21 01:00:00    461898000  ***  ***    0.0    0.0    0.0   12.4   12.4   92.0   12.7   11.2   11.6  804.70    1900     2310
2014-08-21 01:20:00    461899200  ***  ***    0.0    0.0    0.0   12.4   12.4   91.8   12.6   11.1   11.5  804.50    1902     2312
2014-08-21 01:40:00    461900400  ***  ***    0.0    0.0    0.0   12.0   12.0   94.1   12.3   11.1   11.4  804.30    1904     2299
2014-08-21 02:00:00    461901600  ***  ***    0.0    0.0    0.0   12.1   12.1   92.3   12.4   10.9   11.3  804.20    1904     2304
2014-08-21 02:20:00    461902800  ***  ***    0.0    0.0    0.0   12.6   12.6   92.3   12.9   11.4   11.9  804.30    1904     2323
2014-08-21 02:40:00    461904000  ***  ***    0.0    0.0    0.0   12.9   12.9   92.7   13.2   11.7   12.2  804.30    1903     2331
2014-08-21 03:00:00    461905200  ***  ***    0.0    0.0    0.0   12.6   12.6   94.3   13.0   11.7   12.1  804.40    1902     2319
2014-08-21 03:20:00    461906400  ***  ***    0.0    0.0    0.0   12.4   12.4   93.3   12.7   11.3   11.7  804.50    1902     2312
2014-08-21 03:40:00    461907600  ***  ***    0.0    0.0    0.0   12.2   12.2   94.8   12.6   11.4   11.7  804.60    1901     2304
2014-08-21 04:00:00    461908800  ***  ***    0.0    0.0    0.0   12.4   12.4   93.3   12.7   11.3   11.7  804.30    1903     2312
2014-08-21 04:20:00    461910000  ***  ***    0.0    0.0    0.0   12.5   12.5   93.1   12.8   11.4   11.8  804.30    1904     2318
2014-08-21 04:40:00    461911200  ***  ***    0.0    0.0    0.0   12.3   12.3   93.7   12.6   11.3   11.6  804.40    1902     2307
2014-08-21 05:00:00    461912400  ***  ***    0.0    0.0    0.0   12.0   12.0   94.5   12.3   11.1   11.4  804.30    1903     2298
2014-08-21 05:20:00    461913600  ***  ***    0.0    0.0    0.0   12.1   12.1   94.0   12.4   11.2   11.5  804.70    1900     2300
2014-08-21 05:40:00    461914800  ***  ***    0.0    0.0    0.0   12.1   12.1   94.3   12.4   11.2   11.5  804.80    1897     2294
2014-08-21 06:00:00    461916000  ***  ***    0.0    0.0    0.0   12.1   12.1   94.9   12.4   11.3   11.6  804.80    1897     2298
2014-08-21 06:20:00    461917200  ***  ***    0.0    0.0    0.0   12.0   12.0   95.0   12.3   11.3   11.5  805.10    1895     2290
2014-08-21 06:40:00    461918400  ***  ***    0.0    0.0    0.0   12.3   12.3   95.9   12.7   11.7   12.0  805.20    1894     2300
2014-08-21 07:00:00    461919600  ***  ***    0.0    0.0    0.0   12.3   12.3   96.4   12.7   11.7   12.0  805.20    1895     2299
2014-08-21 07:20:00    461920800  ***  ***    0.0    0.0    0.0   12.6   12.6   95.5   13.0   11.9   12.1  805.50    1892     2311
2014-08-21 07:40:00    461922000  ***  ***    0.0    0.0    0.0   13.6   13.6   94.7   14.0   12.8   13.1  805.30    1894     2350
2014-08-21 08:00:00    461923200  ***  ***    0.0    0.0    0.0   16.4   16.4   85.9   16.4   14.0   14.8  805.50    1891     2447
2014-08-21 08:20:00    461924400  ***  ***    0.0    0.0    0.0   16.4   16.4   83.2   16.4   13.5   14.5  805.30    1894     2449
2014-08-21 08:40:00    461925600  ***  ***    0.0    0.0    0.0   18.8   18.8   72.5   18.3   13.8   15.4  805.40    1892     2530
2014-08-21 09:00:00    461926800  ***  ***    0.0    0.0    0.0   20.2   20.2   60.9   19.7   12.4   15.0  805.50    1892     2570
2014-08-21 09:20:00    461928000  ***  ***    0.0    0.0    0.0   21.5   21.5   60.4   21.6   13.5   16.1  805.50    1892     2617
2014-08-21 09:40:00    461929200  ***  ***    0.0    0.0    0.0   23.3   23.3   58.5   23.2   14.7   17.3  805.60    1891     2682
2014-08-21 10:00:00    461930400  ***  ***    0.0    0.0    0.0   22.2   22.2   58.0   22.1   13.6   16.3  805.30    1894     2645
2014-08-21 10:20:00    461931600  ***  ***    0.0    0.0    0.0   24.6   24.6   52.8   24.1   14.4   17.5  805.20    1894     2728
2014-08-21 10:40:00    461932800  ***  ***    0.7    0.7    0.7   22.9   22.9   57.5   22.8   14.0   16.8  805.20    1894     2669
2014-08-21 11:00:00    461934000  ***  ***    0.0    0.0    0.0   23.3   23.3   60.1   23.3   15.1   17.6  805.30    1894     2688
2014-08-21 11:20:00    461935200  ***  ***    1.0    1.0    1.0   23.4   23.4   58.5   23.3   14.8   17.4  805.20    1895     2690
2014-08-21 11:40:00    461936400  ***  ***    0.7    0.7    0.7   24.5   24.5   55.7   24.2   15.0   17.9  805.10    1895     2728
2014-08-21 12:00:00    461937600  ***  ***    0.0    0.0    0.0   22.6   22.6   58.0   22.5   13.9   16.7  804.80    1899     2664
2014-08-21 12:20:00    461938800  ***  ***    0.5    0.5    0.5   22.4   22.4   65.1   22.6   15.5   17.6  805.10    1895     2661
2014-08-21 12:40:00    461940000  ***  ***    0.9    0.9    0.9   21.8   21.8   57.3   21.6   13.0   15.9  804.90    1897     2633
2014-08-21 13:00:00    461941200  ***  ***    0.0    0.0    0.0   25.3   25.3   53.0   25.0   15.0   18.1  804.60    1900     2760
2014-08-21 13:20:00    461942400  ***  ***    0.5    0.5    0.5   24.0   24.0   47.5   23.2   12.2   16.1  804.60    1901     2705
2014-08-21 13:40:00    461943600  ***  ***    1.1    1.1    1.1   23.1   23.1   49.1   22.5   11.8   15.6  804.70    1900     2674
2014-08-21 14:00:00    461944800  ***  ***    0.4    0.4    0.4   26.0   26.0   47.1   25.5   13.9   17.6  804.30    1904     2782
2014-08-21 14:20:00    461946000  ***  ***    1.2    1.2    1.2   24.5   24.5   43.0   23.4   11.1   15.6  804.10    1905     2723
2014-08-21 14:40:00    461947200  ***  ***    0.5    0.5    0.5   23.8   23.8   48.9   23.1   12.4   16.1  804.20    1904     2704
2014-08-21 15:00:00    461948400  ***  ***    0.5    0.5    0.5   21.9   21.9   50.4   21.5   11.1   14.8  804.30    1904     2635
2014-08-21 15:20:00    461949600  ***  ***    0.0    0.0    0.0   21.6   21.6   50.3   21.2   10.8   14.6  804.00    1907     2628
2014-08-21 15:40:00    461950800  ***  ***    0.0    0.0    0.0   21.0   21.0   56.8   20.6   12.1   15.0  803.70    1909     2617
2014-08-21 16:00:00    461952000  ***  ***    0.0    0.0    0.0   20.9   20.9   58.7   20.6   12.5   15.3  804.20    1905     2610
2014-08-21 16:20:00    461953200  ***  ***    1.0    1.0    1.0   20.3   20.3   63.2   20.0   13.1   15.5  804.00    1907     2594
2014-08-21 16:40:00    461954400  ***  ***    0.0    0.0    0.0   19.3   19.3   67.7   18.8   13.2   15.2  804.50    1901     2555
2014-08-21 17:00:00    461955600  ***  ***    0.4    0.4    0.4   19.8   19.8   64.6   19.3   12.9   15.2  804.50    1901     2570
2014-08-21 17:20:00    461956800  ***  ***    0.0    0.0    0.0   19.3   19.3   67.0   18.7   13.0   15.1  804.60    1900     2551
2014-08-21 17:40:00    461958000  ***  ***    0.0    0.0    0.0   19.5   19.5   69.0   19.1   13.7   15.6  804.40    1903     2567
2014-08-21 18:00:00    461959200  ***  ***    0.0    0.0    0.0   18.2   18.2   72.1   17.6   13.1   14.8  804.40    1903     2521
2014-08-21 18:20:00    461960400  ***  ***    0.0    0.0    0.0   18.1   18.1   74.0   17.6   13.4   15.0  804.80    1897     2512
2014-08-21 18:40:00    461961600  ***  ***    0.0    0.0    0.0   18.0   18.0   74.2   17.5   13.3   14.9  805.00    1897     2505
2014-08-21 19:00:00    461962800  ***  ***    0.0    0.0    0.0   17.5   17.5   76.8   17.1   13.4   14.8  805.10    1895     2488
2014-08-21 19:20:00    461964000  ***  ***    0.0    0.0    0.0   16.9   16.9   80.1   16.7   13.5   14.6  805.10    1895     2468
2014-08-21 19:40:00    461965200  ***  ***    0.0    0.0    0.0   16.6   16.6   83.4   16.6   13.7   14.7  805.40    1893     2454
2014-08-21 20:00:00    461966400  ***  ***    0.0    0.0    0.0   15.8   15.8   84.5   15.8   13.2   14.1  805.70    1888     2422
2014-08-21 20:20:00    461967600  ***  ***    0.0    0.0    0.0   15.1   15.1   86.6   15.2   12.8   13.6  805.50    1892     2399
2014-08-21 20:40:00    461968800  ***  ***    0.0    0.0    0.0   14.7   14.7   89.9   14.9   13.1   13.6  805.80    1888     2384
2014-08-21 21:00:00    461970000  ***  ***    0.0    0.0    0.0   14.6   14.6   90.6   14.9   13.0   13.5  806.10    1886     2375
2014-08-21 21:20:00    461971200  ***  ***    0.0    0.0    0.0   14.0   14.0   88.7   14.2   12.1   12.7  806.00    1886     2352
2014-08-21 21:40:00    461972400  ***  ***    0.0    0.0    0.0   14.1   14.1   86.6   14.2   11.9   12.6  805.80    1888     2356
2014-08-21 22:00:00    461973600  ***  ***    0.0    0.0    0.0   14.0   14.0   82.8   14.0   11.1   12.2  805.80    1888     2350
2014-08-21 22:20:00    461974800  ***  ***    0.0    0.0    0.0   13.5   13.5   84.1   13.5   10.9   11.8  806.00    1886     2330
2014-08-21 22:40:00    461976000  ***  ***    0.0    0.0    0.0   13.4   13.4   84.0   13.4   10.7   11.7  806.00    1886     2325
2014-08-21 23:00:00    461977200  ***  ***    0.0    0.0    0.0   13.3   13.3   83.4   13.3   10.6   11.6  805.80    1888     2323
2014-08-21 23:20:00    461978400  ***  ***    0.0    0.0    0.0   13.1   13.1   84.4   13.1   10.5   11.5  806.10    1886     2312
2014-08-21 23:40:00    461979600  ***  ***    0.0    0.0    0.0   13.1   13.1   84.6   13.1   10.5   11.5  805.80    1888     2318
2014-08-22 00:00:00    461980800  ***  ***    0.0    0.0    0.0   13.0   13.0   85.0   13.0   10.5   11.4  805.60    1891     2315
2014-08-22 00:20:00    461982000  ***  ***    0.0    0.0    0.0   13.0   13.0   86.8   13.1   10.9   11.6  805.80    1888     2316
2014-08-22 00:40:00    461983200  ***  ***    0.0    0.0    0.0   13.3   13.3   85.5   13.3   11.0   11.8  805.60    1890     2328
2014-08-22 01:00:00    461984400  ***  ***    0.0    0.0    0.0   13.1   13.1   82.0   13.0   10.1   11.2  805.10    1895     2323
2014-08-22 01:20:00    461985600  ***  ***    0.0    0.0    0.0   13.3   13.3   82.0   13.2   10.2   11.3  805.10    1895     2329
2014-08-22 01:40:00    461986800  ***  ***    0.0    0.0    0.0   13.7   13.7   85.2   13.7   11.3   12.2  805.00    1895     2350
2014-08-22 02:00:00    461988000  ***  ***    0.0    0.0    0.0   13.8   13.8   80.1   13.6   10.4   11.6  805.20    1894     2347
2014-08-22 02:20:00    461989200  ***  ***    0.0    0.0    0.0   13.1   13.1   81.2   13.0   10.0   11.2  805.10    1895     2325
2014-08-22 02:40:00    461990400  ***  ***    0.5    0.5    0.5   13.5   13.5   78.9   13.3   10.0   11.3  805.10    1895     2338
2014-08-22 03:00:00    461991600  ***  ***    0.0    0.0    0.0   13.0   13.0   83.8   13.0   10.3   11.3  805.10    1895     2322
2014-08-22 03:20:00    461992800  ***  ***    0.0    0.0    0.0   12.8   12.8   83.7   12.8   10.1   11.1  805.20    1895     2313
2014-08-22 03:40:00    461994000  ***  ***    0.0    0.0    0.0   12.8   12.8   86.2   12.8   10.6   11.4  805.10    1895     2317
2014-08-22 04:00:00    461995200  ***  ***    0.0    0.0    0.0   13.1   13.1   86.4   13.2   10.8   11.6  805.20    1894     2323
2014-08-22 04:20:00    461996400  ***  ***    0.0    0.0    0.0   12.6   12.6   85.1   12.6   10.1   11.1  805.20    1895     2305
2014-08-22 04:40:00    461997600  ***  ***    0.0    0.0    0.0   12.5   12.5   90.2   12.7   10.9   11.4  804.80    1897     2309
2014-08-22 05:00:00    461998800  ***  ***    0.0    0.0    0.0   12.7   12.7   88.7   12.9   10.9   11.5  804.60    1901     2320
2014-08-22 05:20:00    462000000  ***  ***    0.4    0.4    0.4   12.7   12.7   85.9   12.7   10.4   11.2  804.60    1900     2317
2014-08-22 05:40:00    462001200  ***  ***    0.0    0.0    0.0   12.5   12.5   86.1   12.5   10.3   11.1  804.80    1899     2308
2014-08-22 06:00:00    462002400  ***  ***    0.0    0.0    0.0   12.6   12.6   84.2   12.6   10.0   11.0  805.20    1894     2302
2014-08-22 06:20:00    462003600  ***  ***    0.0    0.0    0.0   12.8   12.8   83.3   12.8   10.0   11.1  805.50    1892     2306
2014-08-22 06:40:00    462004800  ***  ***    0.0    0.0    0.0   12.4   12.4   87.6   12.5   10.4   11.1  805.50    1892     2295
2014-08-22 07:00:00    462006000  ***  ***    0.0    0.0    0.0   12.5   12.5   86.3   12.6   10.3   11.1  805.90    1888     2295
2014-08-22 07:20:00    462007200  ***  ***    0.0    0.0    0.0   12.7   12.7   87.1   12.8   10.6   11.4  805.70    1888     2302
2014-08-22 07:40:00    462008400  ***  ***    0.0    0.0    0.0   12.9   12.9   88.4   13.1   11.0   11.6  805.60    1890     2312
2014-08-22 08:00:00    462009600  ***  ***    0.0    0.0    0.0   15.6   15.6   81.3   15.5   12.4   13.5  805.70    1888     2412
2014-08-22 08:20:00    462010800  ***  ***    0.0    0.0    0.0   18.5   18.5   71.7   17.9   13.3   15.0  805.60    1890     2515
2014-08-22 08:40:00    462012000  ***  ***    1.0    1.0    1.0   18.1   18.1   60.8   16.9   10.4   13.1  805.80    1888     2487
2014-08-22 09:00:00    462013200  ***  ***    1.3    1.3    1.3   18.5   18.5   58.9   17.2   10.3   13.2  805.60    1890     2502
2014-08-22 09:20:00    462014400  ***  ***    0.0    0.0    0.0   19.6   19.6   61.8   18.9   12.1   14.6  805.70    1890     2547
2014-08-22 09:40:00    462015600  ***  ***    0.6    0.6    0.6   20.1   20.1   61.7   19.6   12.5   15.0  805.70    1890     2564
2014-08-22 10:00:00    462016800  ***  ***    1.3    1.3    1.3   18.8   18.8   63.0   17.9   11.6   14.1  805.80    1888     2515
2014-08-22 10:20:00    462018000  ***  ***    2.2    2.2    2.2   19.4   19.4   57.0   18.4   10.6   13.7  805.70    1888     2531
2014-08-22 10:40:00    462019200  ***  ***    0.6    0.6    0.6   20.0   20.0   54.8   19.1   10.6   13.9  805.80    1888     2551
2014-08-22 11:00:00    462020400  ***  ***    0.0    0.0    0.0   21.5   21.5   58.7   21.5   13.0   15.8  805.90    1888     2611
2014-08-22 11:20:00    462021600  ***  ***    0.4    0.4    0.4   22.1   22.1   50.2   21.7   11.2   14.9  805.20    1895     2632
2014-08-22 11:40:00    462022800  ***  ***    0.0    0.0    0.0   24.3   24.3   52.6   23.8   14.0   17.2  805.50    1891     2712
2014-08-22 12:00:00    462024000  ***  ***    0.6    0.6    0.6   22.9   22.9   53.2   22.5   12.9   16.2  805.30    1894     2664
2014-08-22 12:20:00    462025200  ***  ***    1.0    1.0    1.0   22.6   22.6   52.6   22.2   12.4   15.7  805.30    1893     2651
2014-08-22 12:40:00    462026400  ***  ***    0.8    0.8    0.8   22.7   22.7   53.0   22.3   12.6   15.9  805.00    1895     2659
2014-08-22 13:00:00    462027600  ***  ***    1.9    1.9    1.9   22.9   22.9   50.8   22.4   12.1   15.7  805.30    1894     2661
2014-08-22 13:20:00    462028800  ***  ***    0.8    0.8    0.8   23.2   23.2   50.0   22.7   12.2   15.8  804.80    1899     2678
2014-08-22 13:40:00    462030000  ***  ***    0.4    0.4    0.4   22.6   22.6   54.0   22.3   12.8   16.0  804.80    1899     2661
2014-08-22 14:00:00    462031200  ***  ***    0.0    0.0    0.0   19.8   19.8   69.7   19.6   14.1   15.9  805.00    1897     2571
2014-08-22 14:20:00    462032400  ***  ***    0.0    0.0    0.0   19.6   19.6   89.9   20.1   17.9   18.4  804.70    1899     2587
2014-08-22 14:40:00    462033600  ***  ***    0.0    0.0    0.0   21.7   21.7   73.5   22.2   16.7   18.1  804.30    1903     2654
2014-08-22 15:00:00    462034800  ***  ***    0.7    0.7    0.7   19.9   19.9   74.9   19.9   15.3   16.7  804.40    1903     2588
2014-08-22 15:20:00    462036000  ***  ***    1.7    1.7    1.7   19.2   19.2   71.7   18.8   14.0   15.7  804.10    1905     2560
2014-08-22 15:40:00    462037200  ***  ***    0.0    0.0    0.0   20.1   20.1   68.7   19.9   14.2   16.1  804.00    1907     2594
2014-08-22 16:00:00    462038400  ***  ***    0.0    0.0    0.0   18.5   18.5   73.4   18.0   13.7   15.3  804.40    1903     2532
2014-08-22 16:20:00    462039600  ***  ***    0.0    0.0    0.0   15.8   15.8   97.2   16.4   15.3   15.5  805.20    1894     2438
2014-08-22 16:40:00    462040800  ***  ***    0.7    0.7    0.7   16.0   16.0   95.7   16.6   15.4   15.6  804.90    1897     2451
2014-08-22 17:00:00    462042000  ***  ***    0.0    0.0    0.0   16.7   16.7   92.1   17.1   15.4   15.8  804.60    1901     2478
2014-08-22 17:20:00    462043200  ***  ***    0.0    0.0    0.0   16.3   16.3   95.2   16.8   15.5   15.7  804.70    1899     2460
2014-08-22 17:40:00    462044400  ***  ***    0.0    0.0    0.0   15.4   15.4   96.4   15.9   14.9   15.0  804.90    1897     2427
2014-08-22 18:00:00    462045600  ***  ***    0.0    0.0    0.0   15.1   15.1   98.8   15.7   14.9   14.9  804.70    1900     2419
2014-08-22 18:20:00    462046800  ***  ***    0.0    0.0    0.0   15.1   15.1  100.0   15.8   15.1   15.1  804.30    1903     2424
2014-08-22 18:40:00    462048000  ***  ***    0.0    0.0    0.0   14.7   14.7  100.0   15.4   14.7   14.7  804.60    1901     2406
2014-08-22 19:00:00    462049200  ***  ***    0.0    0.0    0.0   14.2   14.2  100.0   14.8   14.2   14.2  804.50    1902     2387
2014-08-22 19:20:00    462050400  ***  ***    0.0    0.0    0.0   13.9   13.9  100.0   14.5   13.9   13.9  804.90    1897     2370
2014-08-22 19:40:00    462051600  ***  ***    0.0    0.0    0.0   13.7   13.7  100.0   14.3   13.7   13.7  805.00    1895     2361
2014-08-22 20:00:00    462052800  ***  ***    0.0    0.0    0.0   13.5   13.5  100.0   14.1   13.5   13.5  805.10    1895     2350
2014-08-22 20:20:00    462054000  ***  ***    0.0    0.0    0.0   13.2   13.2  100.0   13.8   13.2   13.2  805.40    1893     2338
2014-08-22 20:40:00    462055200  ***  ***    0.0    0.0    0.0   13.1   13.1  100.0   13.7   13.1   13.1  805.20    1894     2336
2014-08-22 21:00:00    462056400  ***  ***    0.0    0.0    0.0   13.0   13.0  100.0   13.6   13.0   13.0  805.70    1888     2325
2014-08-22 21:20:00    462057600  ***  ***    0.0    0.0    0.0   13.0   13.0  100.0   13.6   13.0   13.0  805.80    1888     2323
2014-08-22 21:40:00    462058800  ***  ***    0.0    0.0    0.0   13.1   13.1  100.0   13.7   13.1   13.1  805.70    1888     2329
2014-08-22 22:00:00    462060000  ***  ***    0.0    0.0    0.0   13.2   13.2  100.0   13.8   13.2   13.2  805.70    1888     2330
2014-08-22 22:20:00    462061200  ***  ***    0.0    0.0    0.0   13.0   13.0  100.0   13.6   13.0   13.0  805.60    1891     2328
2014-08-22 22:40:00    462062400  ***  ***    0.0    0.0    0.0   12.9   12.9  100.0   13.5   12.9   12.9  805.70    1890     2321
2014-08-22 23:00:00    462063600  ***  ***    0.0    0.0    0.0   12.8   12.8  100.0   13.4   12.8   12.8  805.40    1893     2322
2014-08-22 23:20:00    462064800  ***  ***    0.0    0.0    0.0   12.8   12.8  100.0   13.4   12.8   12.8  805.40    1893     2320
2014-08-22 23:40:00    462066000  ***  ***    0.0    0.0    0.0   12.9   12.9  100.0   13.5   12.9   12.9  805.40    1893     2326
2014-08-23 00:00:00    462067200  ***  ***    0.0    0.0    0.0   13.2   13.2  100.0   13.8   13.2   13.2  805.40    1892     2337
2014-08-23 00:20:00    462068400  ***  ***    0.0    0.0    0.0   13.8   13.8  100.0   14.4   13.8   13.8  805.20    1894     2362
2014-08-23 00:40:00    462069600  ***  ***    0.0    0.0    0.0   14.0   14.0  100.0   14.6   14.0   14.0  805.40    1893     2370
2014-08-23 01:00:00    462070800  ***  ***    0.0    0.0    0.0   14.1   14.1  100.0   14.7   14.1   14.1  805.20    1895     2376
2014-08-23 01:20:00    462072000  ***  ***    0.0    0.0    0.0   14.1   14.1  100.0   14.7   14.1   14.1  805.10    1895     2374
2014-08-23 01:40:00    462073200  ***  ***    0.0    0.0    0.0   14.3   14.3  100.0   15.0   14.3   14.3  805.00    1895     2385
2014-08-23 02:00:00    462074400  ***  ***    0.0    0.0    0.0   14.6   14.6  100.0   15.3   14.6   14.6  804.90    1897     2396
2014-08-23 02:20:00    462075600  ***  ***    0.0    0.0    0.0   14.4   14.4  100.0   15.1   14.4   14.4  804.90    1897     2390
2014-08-23 02:40:00    462076800  ***  ***    0.0    0.0    0.0   14.4   14.4  100.0   15.1   14.4   14.4  805.00    1897     2388
2014-08-23 03:00:00    462078000  ***  ***    0.0    0.0    0.0   14.2   14.2  100.0   14.8   14.2   14.2  805.30    1894     2376
2014-08-23 03:20:00    462079200  ***  ***    0.0    0.0    0.0   13.6   13.6  100.0   14.2   13.6   13.6  805.00    1895     2357
2014-08-23 03:40:00    462080400  ***  ***    0.0    0.0    0.0   13.2   13.2  100.0   13.8   13.2   13.2  804.70    1899     2344
2014-08-23 04:00:00    462081600  ***  ***    0.0    0.0    0.0   12.7   12.7  100.0   13.3   12.7   12.7  804.90    1897     2325
2014-08-23 04:20:00    462082800  ***  ***    0.0    0.0    0.0   12.3   12.3  100.0   12.9   12.3   12.3  804.80    1899     2310
2014-08-23 04:40:00    462084000  ***  ***    0.0    0.0    0.0   12.0   12.0  100.0   12.5   12.0   12.0  804.70    1900     2299
2014-08-23 05:00:00    462085200  ***  ***    0.0    0.0    0.0   12.0   12.0  100.0   12.5   12.0   12.0  804.60    1900     2298
2014-08-23 05:20:00    462086400  ***  ***    0.0    0.0    0.0   11.8   11.8  100.0   12.3   11.8   11.8  804.90    1897     2285
2014-08-23 05:40:00    462087600  ***  ***    0.0    0.0    0.0   11.5   11.5  100.0   12.0   11.5   11.5  804.90    1897     2279
2014-08-23 06:00:00    462088800  ***  ***    0.0    0.0    0.0   11.3   11.3  100.0   11.8   11.3   11.3  805.20    1894     2264
2014-08-23 06:20:00    462090000  ***  ***    0.0    0.0    0.0   11.5   11.5  100.0   12.0   11.5   11.5  805.20    1894     2273
2014-08-23 06:40:00    462091200  ***  ***    0.0    0.0    0.0   11.6   11.6  100.0   12.1   11.6   11.6  805.20    1894     2275
2014-08-23 07:00:00    462092400  ***  ***    0.0    0.0    0.0   11.7   11.7  100.0   12.2   11.7   11.7  805.00    1897     2283
2014-08-23 07:20:00    462093600  ***  ***    0.0    0.0    0.0   11.4   11.4  100.0   11.9   11.4   11.4  805.20    1894     2266
2014-08-23 07:40:00    462094800  ***  ***    0.0    0.0    0.0   11.4   11.4  100.0   11.9   11.4   11.4  805.10    1895     2269
2014-08-23 08:00:00    462096000  ***  ***    0.0    0.0    0.0   13.9   13.9   97.4   14.4   13.5   13.6  805.10    1895     2364
2014-08-23 08:20:00    462097200  ***  ***    0.0    0.0    0.0   14.7   14.7   89.3   14.9   13.0   13.6  805.10    1895     2391
2014-08-23 08:40:00    462098400  ***  ***    1.2    1.2    1.2   17.3   17.3   75.9   16.9   13.0   14.5  805.20    1894     2479
2014-08-23 09:00:00    462099600  ***  ***    0.7    0.7    0.7   18.4   18.4   73.1   17.8   13.5   15.1  805.20    1894     2516
2014-08-23 09:20:00    462100800  ***  ***    0.7    0.7    0.7   20.8   20.8   60.8   20.6   12.9   15.5  805.30    1894     2594
2014-08-23 09:40:00    462102000  ***  ***    0.0    0.0    0.0   25.9   25.9   44.1   25.1   12.7   16.9  804.90    1897     2765
2014-08-23 10:00:00    462103200  ***  ***    0.0    0.0    0.0   25.9   25.9   44.2   25.1   12.7   16.9  805.20    1895     2762
2014-08-23 10:20:00    462104400  ***  ***    0.0    0.0    0.0   23.1   23.1   44.5   22.3   10.4   14.8  805.10    1895     2661
2014-08-23 10:40:00    462105600  ***  ***    0.8    0.8    0.8   22.6   22.6   50.3   22.1   11.8   15.4  805.20    1894     2649
2014-08-23 11:00:00    462106800  ***  ***    1.2    1.2    1.2   21.9   21.9   51.6   21.5   11.5   15.0  805.10    1895     2627
2014-08-23 11:20:00    462108000  ***  ***    0.6    0.6    0.6   22.6   22.6   50.6   22.1   11.9   15.5  805.10    1895     2654
2014-08-23 11:40:00    462109200  ***  ***    0.0    0.0    0.0   23.0   23.0   46.6   22.3   11.0   15.1  805.10    1895     2663
2014-08-23 12:00:00    462110400  ***  ***    1.1    1.1    1.1   22.5   22.5   47.3   21.9   10.8   14.9  804.90    1897     2648
2014-08-23 12:20:00    462111600  ***  ***    2.5    2.5    2.5   21.9   21.9   48.3   21.4   10.5   14.5  804.80    1899     2627
2014-08-23 12:40:00    462112800  ***  ***    0.0    0.0    0.0   23.3   23.3   50.0   22.8   12.3   15.9  804.80    1899     2681
2014-08-23 13:00:00    462114000  ***  ***    0.0    0.0    0.0   23.3   23.3   50.4   22.8   12.5   16.0  804.70    1899     2682
2014-08-23 13:20:00    462115200  ***  ***    0.5    0.5    0.5   24.7   24.7   50.1   24.1   13.7   17.1  804.50    1901     2736
2014-08-23 13:40:00    462116400  ***  ***    0.5    0.5    0.5   21.0   21.0   48.1   20.3    9.6   13.7  804.30    1903     2598
2014-08-23 14:00:00    462117600  ***  ***    1.1    1.1    1.1   22.1   22.1   50.5   21.7   11.3   15.0  804.20    1905     2643
2014-08-23 14:20:00    462118800  ***  ***    0.6    0.6    0.6   24.7   24.7   43.0   23.6   11.3   15.8  803.60    1911     2738
2014-08-23 14:40:00    462120000  ***  ***    0.5    0.5    0.5   22.1   22.1   49.8   21.6   11.2   14.9  803.70    1910     2652
2014-08-23 15:00:00    462121200  ***  ***    0.8    0.8    0.8   23.4   23.4   51.6   22.9   12.9   16.3  803.50    1912     2704
2014-08-23 15:20:00    462122400  ***  ***    1.1    1.1    1.1   24.0   24.0   49.6   23.3   12.8   16.4  803.50    1912     2722
2014-08-23 15:40:00    462123600  ***  ***    2.2    2.2    2.2   22.8   22.8   40.7   21.8    8.8   13.9  803.00    1917     2674
