FORMATTED DATE-TIME           DT   MG   TR     WS     CW     HW     TP     WC     RH     HI     DP     WB      BP      AL       DA
YYYY-MM-DD HH:MM:SS            s  Mag True    m/s    m/s    m/s     °C     °C      %     °C     °C     °C     hPa       m        m
----------------------------------------------------------------------------------------------------------------------------------
2014-09-04 09:40:00    463138800  ***  ***    0.0    0.0    0.0   18.1   18.1   59.0   16.8   10.0   12.8  746.10    2506     3241
2014-09-04 10:00:00    463140000  ***  ***    0.7    0.7    0.7   18.1   18.1   49.5   16.3    7.4   11.4  745.90    2507     3232
2014-09-04 10:20:00    463141200  ***  ***    0.0    0.0    0.0   20.1   20.1   56.0   19.3   11.1   14.1  745.90    2508     3314
2014-09-04 10:40:00    463142400  ***  ***    0.0    0.0    0.0   18.7   18.7   52.5   17.2    8.8   12.3  746.00    2507     3256
2014-09-04 11:00:00    463143600  ***  ***    0.0    0.0    0.0   18.2   18.2   53.9   16.6    8.7   12.2  745.90    2507     3240
2014-09-04 11:20:00    463144800  ***  ***    0.0    0.0    0.0   18.0   18.0   61.8   16.8   10.6   13.1  745.90    2507     3241
2014-09-04 11:40:00    463146000  ***  ***    0.0    0.0    0.0   16.7   16.7   73.6   16.2   11.9   13.4  746.20    2505     3200
2014-09-04 12:00:00    463147200  ***  ***    0.0    0.0    0.0   17.1   17.1   58.5   15.8    8.9   11.9  745.80    2508     3206
2014-09-04 12:20:00    463148400  ***  ***    0.0    0.0    0.0   17.8   17.8   69.8   17.1   12.2   14.0  745.70    2509     3245
2014-09-04 12:40:00    463149600  ***  ***    0.0    0.0    0.0   16.9   16.9   77.1   16.6   12.8   14.1  745.80    2509     3216
2014-09-04 13:00:00    463150800  ***  ***    0.0    0.0    0.0   16.1   16.1   72.7   15.5   11.2   12.8  745.50    2511     3186
2014-09-04 13:20:00    463152000  ***  ***    0.0    0.0    0.0   16.2   16.2   79.8   16.0   12.7   13.8  745.50    2511     3195
2014-09-04 13:40:00    463153200  ***  ***    0.0    0.0    0.0   13.5   13.5   92.3   13.8   12.3   12.7  745.80    2509     3099
2014-09-04 14:00:00    463154400  ***  ***    0.0    0.0    0.0   15.0   15.0   91.3   15.3   13.6   14.0  745.50    2512     3159
2014-09-04 14:20:00    463155600  ***  ***    0.0    0.0    0.0   14.5   14.5   91.4   14.8   13.1   13.6  744.90    2519     3149
2014-09-04 14:40:00    463156800  ***  ***    0.0    0.0    0.0   16.7   16.7   83.5   16.7   13.9   14.8  744.70    2520     3228
2014-09-04 15:00:00    463158000  ***  ***    0.0    0.0    0.0   17.0   17.0   71.4   16.4   11.8   13.5  744.90    2518     3226
2014-09-04 15:20:00    463159200  ***  ***    0.0    0.0    0.0   17.0   17.0   69.8   16.3   11.5   13.3  744.50    2522     3230
2014-09-04 15:40:00    463160400  ***  ***    0.0    0.0    0.0   16.6   16.6   73.8   16.1   11.9   13.4  744.20    2525     3223
2014-09-04 16:00:00    463161600  ***  ***    0.0    0.0    0.0   15.8   15.8   79.1   15.6   12.2   13.4  744.30    2525     3195
2014-09-04 16:20:00    463162800  ***  ***    0.0    0.0    0.0   16.2   16.2   77.7   15.9   12.3   13.6  744.50    2522     3206
2014-09-04 16:40:00    463164000  ***  ***    0.0    0.0    0.0   16.3   16.3   80.5   16.1   12.9   14.0  744.10    2527     3218
2014-09-04 17:00:00    463165200  ***  ***    0.0    0.0    0.0   16.3   16.3   83.0   16.3   13.4   14.3  744.40    2524     3216
2014-09-04 17:20:00    463166400  ***  ***    0.0    0.0    0.0   16.1   16.1   68.9   15.3   10.4   12.4  744.70    2521     3193
2014-09-04 17:40:00    463167600  ***  ***    0.0    0.0    0.0   15.4   15.4   74.6   14.9   10.9   12.4  744.60    2522     3173
2014-09-04 18:00:00    463168800  ***  ***    0.6    0.6    0.6   11.8   11.8   97.8   12.3   11.5   11.6  745.10    2515     3048
2014-09-04 18:20:00    463170000  ***  ***    0.0    0.0    0.0   10.9   10.9   99.2   11.3   10.8   10.8  745.30    2514     3012
2014-09-04 18:40:00    463171200  ***  ***    0.0    0.0    0.0   11.3   11.3  100.0   11.8   11.3   11.3  745.20    2515     3029
2014-09-04 19:00:00    463172400  ***  ***    0.0    0.0    0.0   10.7   10.7  100.0   11.2   10.7   10.7  745.40    2512     3001
2014-09-04 19:20:00    463173600  ***  ***    0.0    0.0    0.0   10.4   10.4  100.0   10.9   10.4   10.4  745.60    2511     2988
2014-09-04 19:40:00    463174800  ***  ***    0.0    0.0    0.0   10.4   10.4  100.0   10.9   10.4   10.4  745.80    2509     2987
2014-09-04 20:00:00    463176000  ***  ***    0.0    0.0    0.0   10.4   10.4  100.0   10.9   10.4   10.4  746.20    2504     2979
2014-09-04 20:20:00    463177200  ***  ***    0.0    0.0    0.0   10.6   10.6  100.0   11.1   10.6   10.6  746.00    2506     2989
2014-09-04 20:40:00    463178400  ***  ***    0.0    0.0    0.0   10.7   10.7  100.0   11.2   10.7   10.7  746.40    2501     2988
2014-09-04 21:00:00    463179600  ***  ***    0.0    0.0    0.0   10.5   10.5  100.0   11.0   10.5   10.5  746.40    2503     2981
2014-09-04 21:20:00    463180800  ***  ***    0.0    0.0    0.0   10.2   10.2  100.0   10.7   10.2   10.2  746.60    2500     2968
2014-09-04 21:40:00    463182000  ***  ***    0.0    0.0    0.0   10.4   10.4  100.0   10.9   10.4   10.4  746.40    2501     2978
2014-09-04 22:00:00    463183200  ***  ***    0.0    0.0    0.0   10.5   10.5  100.0   11.0   10.5   10.5  746.70    2499     2980
2014-09-04 22:20:00    463184400  ***  ***    0.0    0.0    0.0   10.4   10.4  100.0   10.9   10.4   10.4  746.90    2497     2973
2014-09-04 22:40:00    463185600  ***  ***    0.0    0.0    0.0   10.4   10.4  100.0   10.9   10.4   10.4  746.70    2499     2976
2014-09-04 23:00:00    463186800  ***  ***    0.0    0.0    0.0   10.4   10.4  100.0   10.9   10.4   10.4  746.60    2500     2977
2014-09-04 23:20:00    463188000  ***  ***    0.0    0.0    0.0   10.4   10.4  100.0   10.9   10.4   10.4  746.70    2498     2974
2014-09-04 23:40:00    463189200  ***  ***    0.0    0.0    0.0   10.4   10.4  100.0   10.9   10.4   10.4  746.70    2498     2973
2014-09-05 00:00:00    463190400  ***  ***    0.0    0.0    0.0   10.4   10.4  100.0   10.9   10.4   10.4  746.90    2496     2972
2014-09-05 00:20:00    463191600  ***  ***    0.0    0.0    0.0   10.5   10.5  100.0   11.0   10.5   10.5  747.10    2494     2973
2014-09-05 00:40:00    463192800  ***  ***    0.0    0.0    0.0   10.4   10.4  100.0   10.9   10.4   10.4  747.00    2495     2970
2014-09-05 01:00:00    463194000  ***  ***    0.0    0.0    0.0   10.1   10.1  100.0   10.5   10.1   10.1  746.80    2497     2960
2014-09-05 01:20:00    463195200  ***  ***    0.0    0.0    0.0    9.9    9.9  100.0   10.3    9.9    9.9  746.60    2500     2958
2014-09-05 01:40:00    463196400  ***  ***    0.0    0.0    0.0   10.1   10.1  100.0   10.5   10.1   10.1  746.60    2500     2966
2014-09-05 02:00:00    463197600  ***  ***    0.0    0.0    0.0   10.2   10.2  100.0   10.7   10.2   10.2  746.60    2500     2969
2014-09-05 02:20:00    463198800  ***  ***    0.0    0.0    0.0   10.1   10.1  100.0   10.5   10.1   10.1  746.70    2498     2960
2014-09-05 02:40:00    463200000  ***  ***    0.0    0.0    0.0   10.2   10.2  100.0   10.7   10.2   10.2  746.80    2497     2962
2014-09-05 03:00:00    463201200  ***  ***    0.0    0.0    0.0   10.3   10.3  100.0   10.8   10.3   10.3  746.70    2498     2968
2014-09-05 03:20:00    463202400  ***  ***    0.0    0.0    0.0   10.3   10.3  100.0   10.8   10.3   10.3  746.50    2501     2974
2014-09-05 03:40:00    463203600  ***  ***    0.0    0.0    0.0   10.3   10.3  100.0   10.8   10.3   10.3  746.50    2501     2973
2014-09-05 04:00:00    463204800  ***  ***    0.0    0.0    0.0   10.1   10.1  100.0   10.5   10.1   10.1  746.70    2499     2964
2014-09-05 04:20:00    463206000  ***  ***    0.0    0.0    0.0    9.8    9.8  100.0   10.2    9.8    9.8  746.60    2500     2953
2014-09-05 04:40:00    463207200  ***  ***    0.0    0.0    0.0    9.7    9.7  100.0   10.1    9.7    9.7  746.70    2498     2945
2014-09-05 05:00:00    463208400  ***  ***    0.0    0.0    0.0    9.7    9.7  100.0   10.1    9.7    9.7  746.90    2497     2945
2014-09-05 05:20:00    463209600  ***  ***    0.0    0.0    0.0    9.8    9.8  100.0   10.2    9.8    9.8  746.70    2498     2949
2014-09-05 05:40:00    463210800  ***  ***    0.0    0.0    0.0    9.7    9.7  100.0   10.1    9.7    9.7  746.90    2497     2943
2014-09-05 06:00:00    463212000  ***  ***    0.0    0.0    0.0    9.7    9.7  100.0   10.1    9.7    9.7  747.00    2495     2942
2014-09-05 06:20:00    463213200  ***  ***    0.0    0.0    0.0    9.4    9.4  100.0    9.8    9.4    9.4  747.10    2495     2932
2014-09-05 06:40:00    463214400  ***  ***    0.0    0.0    0.0    9.6    9.6  100.0   10.0    9.6    9.6  747.20    2493     2938
2014-09-05 07:00:00    463215600  ***  ***    0.0    0.0    0.0   10.4   10.4  100.0   10.9   10.4   10.4  747.70    2487     2959
2014-09-05 07:20:00    463216800  ***  ***    0.0    0.0    0.0   10.8   10.8  100.0   11.3   10.8   10.8  747.50    2491     2981
2014-09-05 07:40:00    463218000  ***  ***    0.0    0.0    0.0   10.8   10.8  100.0   11.3   10.8   10.8  747.60    2490     2980
2014-09-05 08:00:00    463219200  ***  ***    0.0    0.0    0.0   10.9   10.9  100.0   11.4   10.9   10.9  747.60    2490     2983
2014-09-05 08:20:00    463220400  ***  ***    0.0    0.0    0.0   11.1   11.1  100.0   11.6   11.1   11.1  747.50    2491     2992
2014-09-05 08:40:00    463221600  ***  ***    0.0    0.0    0.0   12.4   12.4   99.0   12.9   12.2   12.3  747.80    2486     3034
2014-09-05 09:00:00    463222800  ***  ***    0.0    0.0    0.0   13.9   13.9   97.4   14.4   13.5   13.6  747.70    2487     3092
2014-09-05 09:20:00    463224000  ***  ***    0.0    0.0    0.0   14.8   14.8   87.6   14.9   12.7   13.4  747.90    2485     3117
2014-09-05 09:40:00    463225200  ***  ***    0.0    0.0    0.0   15.6   15.6   84.6   15.6   13.1   13.9  748.10    2484     3145
2014-09-05 10:00:00    463226400  ***  ***    1.1    1.1    1.1   16.0   16.0   83.1   16.0   13.2   14.1  748.30    2482     3156
2014-09-05 10:20:00    463227600  ***  ***    0.0    0.0    0.0   16.1   16.1   84.9   16.1   13.6   14.4  748.30    2482     3162
2014-09-05 10:40:00    463228800  ***  ***    0.0    0.0    0.0   14.4   14.4   90.7   14.7   12.9   13.4  748.50    2480     3098
2014-09-05 11:00:00    463230000  ***  ***    0.0    0.0    0.0   14.2   14.2   92.7   14.5   13.0   13.4  748.70    2478     3090
2014-09-05 11:20:00    463231200  ***  ***    0.0    0.0    0.0   13.5   13.5   93.9   13.9   12.6   12.9  748.50    2479     3066
2014-09-05 11:40:00    463232400  ***  ***    0.0    0.0    0.0   13.2   13.2   97.2   13.7   12.7   12.9  748.50    2480     3056
2014-09-05 12:00:00    463233600  ***  ***    0.0    0.0    0.0   13.5   13.5   98.3   14.0   13.2   13.3  748.40    2481     3069
2014-09-05 12:20:00    463234800  ***  ***    0.0    0.0    0.0   13.5   13.5   95.8   14.0   12.9   13.1  748.20    2482     3071
2014-09-05 12:40:00    463236000  ***  ***    0.0    0.0    0.0   13.3   13.3   97.7   13.8   12.9   13.0  748.10    2483     3065
2014-09-05 13:00:00    463237200  ***  ***    0.0    0.0    0.0   12.9   12.9  100.0   13.5   12.9   12.9  748.20    2482     3052
2014-09-05 13:20:00    463238400  ***  ***    0.0    0.0    0.0   12.8   12.8  100.0   13.4   12.8   12.8  748.10    2484     3048
2014-09-05 13:40:00    463239600  ***  ***    0.0    0.0    0.0   13.5   13.5  100.0   14.1   13.5   13.5  747.70    2487     3078
2014-09-05 14:00:00    463240800  ***  ***    0.0    0.0    0.0   14.7   14.7   98.3   15.3   14.5   14.6  747.70    2487     3126
2014-09-05 14:20:00    463242000  ***  ***    0.0    0.0    0.0   14.5   14.5   97.4   15.0   14.1   14.2  747.80    2487     3116
2014-09-05 14:40:00    463243200  ***  ***    0.0    0.0    0.0   14.5   14.5   98.7   15.1   14.3   14.4  747.40    2492     3124
2014-09-05 15:00:00    463244400  ***  ***    0.0    0.0    0.0   14.7   14.7   96.1   15.2   14.1   14.3  747.00    2495     3132
2014-09-05 15:20:00    463245600  ***  ***    0.0    0.0    0.0   15.0   15.0   94.3   15.4   14.1   14.4  747.20    2494     3141
2014-09-05 15:40:00    463246800  ***  ***    0.0    0.0    0.0   15.5   15.5   94.4   16.0   14.6   14.9  747.10    2494     3159
2014-09-05 16:00:00    463248000  ***  ***    0.0    0.0    0.0   15.2   15.2   96.1   15.7   14.6   14.8  747.40    2492     3149
2014-09-05 16:20:00    463249200  ***  ***    0.0    0.0    0.0   14.7   14.7   95.8   15.2   14.1   14.3  747.50    2490     3126
2014-09-05 16:40:00    463250400  ***  ***    0.0    0.0    0.0   14.9   14.9   96.7   15.4   14.4   14.6  747.40    2492     3136
2014-09-05 17:00:00    463251600  ***  ***    0.0    0.0    0.0   13.8   13.8   98.7   14.4   13.6   13.7  747.40    2492     3095
2014-09-05 17:20:00    463252800  ***  ***    0.0    0.0    0.0   13.0   13.0   99.0   13.5   12.8   12.9  747.30    2492     3065
2014-09-05 17:40:00    463254000  ***  ***    0.0    0.0    0.0   12.4   12.4  100.0   13.0   12.4   12.4  747.60    2489     3039
2014-09-05 18:00:00    463255200  ***  ***    0.0    0.0    0.0   12.3   12.3  100.0   12.9   12.3   12.3  747.80    2487     3033
2014-09-05 18:20:00    463256400  ***  ***    0.0    0.0    0.0   12.0   12.0  100.0   12.5   12.0   12.0  748.00    2484     3016
2014-09-05 18:40:00    463257600  ***  ***    0.0    0.0    0.0   11.4   11.4  100.0   11.9   11.4   11.4  747.80    2487     3000
2014-09-05 19:00:00    463258800  ***  ***    0.0    0.0    0.0   11.1   11.1  100.0   11.6   11.1   11.1  747.90    2486     2987
2014-09-05 19:20:00    463260000  ***  ***    0.0    0.0    0.0   10.8   10.8  100.0   11.3   10.8   10.8  748.30    2482     2970
2014-09-05 19:40:00    463261200  ***  ***    0.0    0.0    0.0   10.6   10.6  100.0   11.1   10.6   10.6  748.40    2481     2959
2014-09-05 20:00:00    463262400  ***  ***    0.0    0.0    0.0   10.9   10.9  100.0   11.4   10.9   10.9  748.40    2480     2971
2014-09-05 20:20:00    463263600  ***  ***    0.0    0.0    0.0   10.9   10.9  100.0   11.4   10.9   10.9  748.60    2479     2968
2014-09-05 20:40:00    463264800  ***  ***    0.0    0.0    0.0   10.7   10.7  100.0   11.2   10.7   10.7  749.00    2474     2956
2014-09-05 21:00:00    463266000  ***  ***    0.0    0.0    0.0   10.6   10.6  100.0   11.1   10.6   10.6  748.90    2475     2952
2014-09-05 21:20:00    463267200  ***  ***    0.0    0.0    0.0   10.4   10.4  100.0   10.9   10.4   10.4  748.90    2476     2947
2014-09-05 21:40:00    463268400  ***  ***    0.0    0.0    0.0   10.7   10.7  100.0   11.2   10.7   10.7  749.00    2475     2956
2014-09-05 22:00:00    463269600  ***  ***    0.0    0.0    0.0   11.1   11.1  100.0   11.6   11.1   11.1  749.20    2472     2967
2014-09-05 22:20:00    463270800  ***  ***    0.0    0.0    0.0   11.2   11.2  100.0   11.7   11.2   11.2  749.30    2472     2971
2014-09-05 22:40:00    463272000  ***  ***    0.0    0.0    0.0   10.8   10.8  100.0   11.3   10.8   10.8  749.10    2474     2960
2014-09-05 23:00:00    463273200  ***  ***    0.0    0.0    0.0   10.6   10.6  100.0   11.1   10.6   10.6  748.90    2476     2954
2014-09-05 23:20:00    463274400  ***  ***    0.0    0.0    0.0   11.5   11.5  100.0   12.0   11.5   11.5  749.10    2474     2985
2014-09-05 23:40:00    463275600  ***  ***    0.0    0.0    0.0   11.4   11.4  100.0   11.9   11.4   11.4  749.10    2474     2983
2014-09-06 00:00:00    463276800  ***  ***    0.0    0.0    0.0   11.7   11.7  100.0   12.2   11.7   11.7  748.90    2476     2995
2014-09-06 00:20:00    463278000  ***  ***    0.0    0.0    0.0   11.3   11.3  100.0   11.8   11.3   11.3  748.70    2477     2981
2014-09-06 00:40:00    463279200  ***  ***    0.0    0.0    0.0   11.1   11.1  100.0   11.6   11.1   11.1  748.70    2478     2975
2014-09-06 01:00:00    463280400  ***  ***    0.0    0.0    0.0   10.7   10.7  100.0   11.2   10.7   10.7  748.60    2478     2960
2014-09-06 01:20:00    463281600  ***  ***    0.0    0.0    0.0   10.6   10.6  100.0   11.1   10.6   10.6  749.00    2475     2952
2014-09-06 01:40:00    463282800  ***  ***    0.0    0.0    0.0   10.6   10.6  100.0   11.1   10.6   10.6  748.70    2477     2955
2014-09-06 02:00:00    463284000  ***  ***    0.0    0.0    0.0   10.1   10.1  100.0   10.5   10.1   10.1  748.50    2479     2938
2014-09-06 02:20:00    463285200  ***  ***    0.0    0.0    0.0   10.4   10.4  100.0   10.9   10.4   10.4  748.30    2482     2953
2014-09-06 02:40:00    463286400  ***  ***    0.0    0.0    0.0   10.4   10.4  100.0   10.9   10.4   10.4  748.40    2481     2951
2014-09-06 03:00:00    463287600  ***  ***    0.0    0.0    0.0   11.2   11.2  100.0   11.7   11.2   11.2  748.40    2481     2984
2014-09-06 03:20:00    463288800  ***  ***    0.0    0.0    0.0   11.7   11.7  100.0   12.2   11.7   11.7  748.60    2479     3000
2014-09-06 03:40:00    463290000  ***  ***    0.0    0.0    0.0   12.2   12.2  100.0   12.8   12.2   12.2  748.10    2483     3023
2014-09-06 04:00:00    463291200  ***  ***    0.4    0.4    0.4   11.8   11.8  100.0   12.3   11.8   11.8  748.30    2482     3007
2014-09-06 04:20:00    463292400  ***  ***    0.4    0.4    0.4   12.0   12.0  100.0   12.5   12.0   12.0  748.10    2483     3017
2014-09-06 04:40:00    463293600  ***  ***    0.4    0.4    0.4   12.4   12.4  100.0   13.0   12.4   12.4  748.30    2482     3029
2014-09-06 05:00:00    463294800  ***  ***    0.0    0.0    0.0   12.5   12.5  100.0   13.1   12.5   12.5  748.40    2481     3031
2014-09-06 05:20:00    463296000  ***  ***    0.0    0.0    0.0   12.4   12.4  100.0   13.0   12.4   12.4  748.30    2482     3030
2014-09-06 05:40:00    463297200  ***  ***    0.0    0.0    0.0   12.4   12.4  100.0   13.0   12.4   12.4  748.30    2482     3031
2014-09-06 06:00:00    463298400  ***  ***    0.0    0.0    0.0   12.6   12.6  100.0   13.2   12.6   12.6  748.50    2479     3035
2014-09-06 06:20:00    463299600  ***  ***    0.0    0.0    0.0   12.6   12.6  100.0   13.2   12.6   12.6  748.90    2476     3031
2014-09-06 06:40:00    463300800  ***  ***    0.7    0.7    0.7   12.6   12.6  100.0   13.2   12.6   12.6  748.60    2478     3035
2014-09-06 07:00:00    463302000  ***  ***    0.7    0.7    0.7   12.8   12.8  100.0   13.4   12.8   12.8  748.80    2477     3039
2014-09-06 07:20:00    463303200  ***  ***    1.1    1.1    1.1   12.8   12.7  100.0   13.4   12.8   12.8  748.90    2476     3037
2014-09-06 07:40:00    463304400  ***  ***    0.0    0.0    0.0   12.9   12.9  100.0   13.5   12.9   12.9  748.70    2477     3042
2014-09-06 08:00:00    463305600  ***  ***    0.8    0.8    0.8   12.8   12.8  100.0   13.4   12.8   12.8  748.90    2476     3037
2014-09-06 08:20:00    463306800  ***  ***    0.9    0.9    0.9   12.9   12.9  100.0   13.5   12.9   12.9  749.10    2474     3041
2014-09-06 08:40:00    463308000  ***  ***    0.0    0.0    0.0   13.3   13.3  100.0   13.9   13.3   13.3  749.40    2471     3052
2014-09-06 09:00:00    463309200  ***  ***    0.0    0.0    0.0   13.0   13.0  100.0   13.6   13.0   13.0  749.00    2474     3044
2014-09-06 09:20:00    463310400  ***  ***    0.4    0.4    0.4   13.2   13.2  100.0   13.8   13.2   13.2  749.40    2471     3047
2014-09-06 09:40:00    463311600  ***  ***    0.4    0.4    0.4   13.0   13.0  100.0   13.6   13.0   13.0  749.60    2468     3039
2014-09-06 10:00:00    463312800  ***  ***    0.4    0.4    0.4   13.4   13.4  100.0   14.0   13.4   13.4  749.60    2468     3053
2014-09-06 10:20:00    463314000  ***  ***    0.8    0.8    0.8   13.5   13.5  100.0   14.1   13.5   13.5  749.40    2470     3058
2014-09-06 10:40:00    463315200  ***  ***    0.0    0.0    0.0   14.5   14.5  100.0   15.2   14.5   14.5  749.40    2470     3096
2014-09-06 11:00:00    463316400  ***  ***    0.0    0.0    0.0   13.5   13.5  100.0   14.1   13.5   13.5  749.50    2468     3056
2014-09-06 11:20:00    463317600  ***  ***    0.6    0.6    0.6   13.5   13.5  100.0   14.1   13.5   13.5  749.70    2467     3054
2014-09-06 11:40:00    463318800  ***  ***    0.0    0.0    0.0   13.6   13.6  100.0   14.2   13.6   13.6  749.20    2472     3065
2014-09-06 12:00:00    463320000  ***  ***    0.5    0.5    0.5   13.1   13.1  100.0   13.7   13.1   13.1  749.10    2473     3046
2014-09-06 12:20:00    463321200  ***  ***    0.0    0.0    0.0   13.1   13.1  100.0   13.7   13.1   13.1  748.80    2477     3053
2014-09-06 12:40:00    463322400  ***  ***    0.0    0.0    0.0   13.1   13.1  100.0   13.7   13.1   13.1  749.00    2475     3048
2014-09-06 13:00:00    463323600  ***  ***    0.0    0.0    0.0   12.8   12.8  100.0   13.4   12.8   12.8  748.60    2479     3042
2014-09-06 13:20:00    463324800  ***  ***    1.2    1.2    1.2   12.7   12.5  100.0   13.3   12.7   12.7  749.00    2475     3034
2014-09-06 13:40:00    463326000  ***  ***    0.0    0.0    0.0   12.9   12.9  100.0   13.5   12.9   12.9  748.80    2476     3044
2014-09-06 14:00:00    463327200  ***  ***    0.0    0.0    0.0   13.1   13.1  100.0   13.7   13.1   13.1  748.70    2478     3053
2014-09-06 14:20:00    463328400  ***  ***    0.0    0.0    0.0   13.1   13.1  100.0   13.7   13.1   13.1  747.80    2487     3065
2014-09-06 14:40:00    463329600  ***  ***    0.0    0.0    0.0   13.1   13.1  100.0   13.7   13.1   13.1  748.10    2484     3062
2014-09-06 15:00:00    463330800  ***  ***    0.0    0.0    0.0   13.2   13.2  100.0   13.8   13.2   13.2  748.10    2484     3065
2014-09-06 15:20:00    463332000  ***  ***    0.0    0.0    0.0   13.6   13.6  100.0   14.2   13.6   13.6  747.80    2487     3084
2014-09-06 15:40:00    463333200  ***  ***    0.0    0.0    0.0   13.6   13.6  100.0   14.2   13.6   13.6  747.40    2491     3086
2014-09-06 16:00:00    463334400  ***  ***    0.0    0.0    0.0   13.4   13.4  100.0   14.0   13.4   13.4  747.60    2490     3079
2014-09-06 16:20:00    463335600  ***  ***    0.0    0.0    0.0   13.3   13.3  100.0   13.9   13.3   13.3  747.80    2487     3073
2014-09-06 16:40:00    463336800  ***  ***    0.0    0.0    0.0   13.1   13.1  100.0   13.7   13.1   13.1  747.70    2487     3063
2014-09-06 17:00:00    463338000  ***  ***    0.0    0.0    0.0   12.9   12.9  100.0   13.5   12.9   12.9  747.80    2487     3056
2014-09-06 17:20:00    463339200  ***  ***    0.0    0.0    0.0   12.8   12.8  100.0   13.4   12.8   12.8  747.60    2490     3056
2014-09-06 17:40:00    463340400  ***  ***    0.0    0.0    0.0   12.6   12.6  100.0   13.2   12.6   12.6  747.40    2492     3049
2014-09-06 18:00:00    463341600  ***  ***    0.0    0.0    0.0   12.3   12.3  100.0   12.9   12.3   12.3  747.60    2489     3035
2014-09-06 18:20:00    463342800  ***  ***    0.0    0.0    0.0   12.1   12.1  100.0   12.6   12.1   12.1  747.60    2490     3028
2014-09-06 18:40:00    463344000  ***  ***    1.1    1.1    1.1   12.3   12.2  100.0   12.9   12.3   12.3  747.70    2487     3033
2014-09-06 19:00:00    463345200  ***  ***    0.0    0.0    0.0   12.1   12.1  100.0   12.6   12.1   12.1  747.60    2489     3029
2014-09-06 19:20:00    463346400  ***  ***    0.0    0.0    0.0   12.2   12.2  100.0   12.8   12.2   12.2  748.20    2482     3023
2014-09-06 19:40:00    463347600  ***  ***    0.0    0.0    0.0   12.4   12.4  100.0   13.0   12.4   12.4  748.30    2481     3031
2014-09-06 20:00:00    463348800  ***  ***    0.0    0.0    0.0   12.4   12.4  100.0   13.0   12.4   12.4  748.40    2481     3030
2014-09-06 20:20:00    463350000  ***  ***    0.0    0.0    0.0   12.4   12.4  100.0   13.0   12.4   12.4  748.70    2478     3025
2014-09-06 20:40:00    463351200  ***  ***    0.0    0.0    0.0   12.3   12.3  100.0   12.9   12.3   12.3  748.60    2478     3021
2014-09-06 21:00:00    463352400  ***  ***    0.0    0.0    0.0   12.3   12.3  100.0   12.9   12.3   12.3  748.60    2479     3021
2014-09-06 21:20:00    463353600  ***  ***    0.0    0.0    0.0   12.2   12.2  100.0   12.8   12.2   12.2  748.30    2481     3023
2014-09-06 21:40:00    463354800  ***  ***    0.0    0.0    0.0   12.2   12.2  100.0   12.8   12.2   12.2  748.80    2477     3018
2014-09-06 22:00:00    463356000  ***  ***    0.0    0.0    0.0   12.2   12.2  100.0   12.8   12.2   12.2  748.50    2479     3018
2014-09-06 22:20:00    463357200  ***  ***    0.0    0.0    0.0   12.3   12.3  100.0   12.9   12.3   12.3  748.70    2478     3021
2014-09-06 22:40:00    463358400  ***  ***    0.0    0.0    0.0   12.2   12.2  100.0   12.8   12.2   12.2  748.60    2479     3018
2014-09-06 23:00:00    463359600  ***  ***    0.0    0.0    0.0   12.1   12.1  100.0   12.6   12.1   12.1  748.50    2480     3015
2014-09-06 23:20:00    463360800  ***  ***    0.0    0.0    0.0   12.0   12.0  100.0   12.5   12.0   12.0  748.20    2483     3018
2014-09-06 23:40:00    463362000  ***  ***    0.0    0.0    0.0   11.9   11.9  100.0   12.4   11.9   11.9  748.10    2483     3013
2014-09-07 00:00:00    463363200  ***  ***    0.0    0.0    0.0   11.9   11.9  100.0   12.4   11.9   11.9  748.20    2482     3010
2014-09-07 00:20:00    463364400  ***  ***    0.9    0.9    0.9   11.8   11.8  100.0   12.3   11.8   11.8  747.90    2486     3011
2014-09-07 00:40:00    463365600  ***  ***    0.0    0.0    0.0   11.6   11.6  100.0   12.1   11.6   11.6  747.80    2487     3008
2014-09-07 01:00:00    463366800  ***  ***    0.0    0.0    0.0   11.5   11.5  100.0   12.0   11.5   11.5  747.50    2491     3008
2014-09-07 01:20:00    463368000  ***  ***    0.0    0.0    0.0   11.4   11.4  100.0   11.9   11.4   11.4  747.70    2489     3001
2014-09-07 01:40:00    463369200  ***  ***    0.0    0.0    0.0   11.3   11.3  100.0   11.8   11.3   11.3  747.30    2492     3001
2014-09-07 02:00:00    463370400  ***  ***    0.0    0.0    0.0   11.1   11.1  100.0   11.6   11.1   11.1  747.20    2493     2993
2014-09-07 02:20:00    463371600  ***  ***    0.7    0.7    0.7   11.1   11.1  100.0   11.6   11.1   11.1  747.60    2490     2989
2014-09-07 02:40:00    463372800  ***  ***    0.0    0.0    0.0   10.8   10.8  100.0   11.3   10.8   10.8  747.10    2495     2983
2014-09-07 03:00:00    463374000  ***  ***    0.0    0.0    0.0   10.9   10.9  100.0   11.4   10.9   10.9  747.00    2496     2990
2014-09-07 03:20:00    463375200  ***  ***    0.0    0.0    0.0   10.7   10.7  100.0   11.2   10.7   10.7  747.10    2495     2981
2014-09-07 03:40:00    463376400  ***  ***    0.0    0.0    0.0   10.9   10.9  100.0   11.4   10.9   10.9  747.00    2495     2988
2014-09-07 04:00:00    463377600  ***  ***    0.0    0.0    0.0   11.2   11.2  100.0   11.7   11.2   11.2  747.00    2496     3001
2014-09-07 04:20:00    463378800  ***  ***    0.0    0.0    0.0   11.2   11.2  100.0   11.7   11.2   11.2  746.90    2496     3000
2014-09-07 04:40:00    463380000  ***  ***    0.0    0.0    0.0   11.1   11.1  100.0   11.6   11.1   11.1  747.30    2492     2992
2014-09-07 05:00:00    463381200  ***  ***    0.0    0.0    0.0   11.0   11.0  100.0   11.5   11.0   11.0  747.10    2494     2991
2014-09-07 05:20:00    463382400  ***  ***    0.0    0.0    0.0   11.0   11.0  100.0   11.5   11.0   11.0  747.20    2494     2991
2014-09-07 05:40:00    463383600  ***  ***    0.0    0.0    0.0   10.9   10.9  100.0   11.4   10.9   10.9  747.40    2491     2984
2014-09-07 06:00:00    463384800  ***  ***    0.0    0.0    0.0   10.9   10.9  100.0   11.4   10.9   10.9  747.30    2493     2987
2014-09-07 06:20:00    463386000  ***  ***    0.0    0.0    0.0   11.1   11.1  100.0   11.6   11.1   11.1  747.40    2492     2993
2014-09-07 06:40:00    463387200  ***  ***    0.0    0.0    0.0   11.3   11.3  100.0   11.8   11.3   11.3  747.60    2490     2997
2014-09-07 07:00:00    463388400  ***  ***    0.0    0.0    0.0   11.4   11.4  100.0   11.9   11.4   11.4  747.70    2489     3001
2014-09-07 07:20:00    463389600  ***  ***    0.0    0.0    0.0   11.5   11.5  100.0   12.0   11.5   11.5  747.80    2486     3002
2014-09-07 07:40:00    463390800  ***  ***    0.0    0.0    0.0   11.5   11.5  100.0   12.0   11.5   11.5  747.90    2486     3001
2014-09-07 08:00:00    463392000  ***  ***    0.0    0.0    0.0   11.9   11.9  100.0   12.4   11.9   11.9  748.00    2485     3015
2014-09-07 08:20:00    463393200  ***  ***    0.0    0.0    0.0   12.1   12.1  100.0   12.6   12.1   12.1  748.20    2482     3018
2014-09-07 08:40:00    463394400  ***  ***    1.3    1.3    1.3   12.2   11.8  100.0   12.8   12.2   12.2  748.10    2484     3026
2014-09-07 09:00:00    463395600  ***  ***    0.0    0.0    0.0   12.2   12.2  100.0   12.8   12.2   12.2  748.30    2482     3021
2014-09-07 09:20:00    463396800  ***  ***    0.8    0.8    0.8   12.7   12.7  100.0   13.3   12.7   12.7  748.60    2478     3038
2014-09-07 09:40:00    463398000  ***  ***    1.0    1.0    1.0   12.8   12.8  100.0   13.4   12.8   12.8  748.70    2477     3039
2014-09-07 10:00:00    463399200  ***  ***    0.0    0.0    0.0   12.7   12.7  100.0   13.3   12.7   12.7  748.80    2477     3037
2014-09-07 10:20:00    463400400  ***  ***    0.0    0.0    0.0   13.2   13.2  100.0   13.8   13.2   13.2  749.00    2475     3052
2014-09-07 10:40:00    463401600  ***  ***    0.6    0.6    0.6   12.9   12.9  100.0   13.5   12.9   12.9  748.70    2478     3045
2014-09-07 11:00:00    463402800  ***  ***    0.0    0.0    0.0   13.0   13.0  100.0   13.6   13.0   13.0  748.30    2481     3053
2014-09-07 11:20:00    463404000  ***  ***    0.0    0.0    0.0   13.0   13.0  100.0   13.6   13.0   13.0  748.70    2477     3049
2014-09-07 11:40:00    463405200  ***  ***    0.0    0.0    0.0   13.0   13.0  100.0   13.6   13.0   13.0  748.80    2477     3049
2014-09-07 12:00:00    463406400  ***  ***    0.0    0.0    0.0   12.9   12.9  100.0   13.5   12.9   12.9  748.70    2477     3044
2014-09-07 12:20:00    463407600  ***  ***    0.0    0.0    0.0   12.6   12.6  100.0   13.2   12.6   12.6  748.50    2479     3035
2014-09-07 12:40:00    463408800  ***  ***    0.0    0.0    0.0   13.1   13.1  100.0   13.7   13.1   13.1  748.30    2482     3060
2014-09-07 13:00:00    463410000  ***  ***    0.0    0.0    0.0   13.0   13.0  100.0   13.6   13.0   13.0  748.30    2481     3053
2014-09-07 13:20:00    463411200  ***  ***    0.0    0.0    0.0   13.7   13.7  100.0   14.3   13.7   13.7  747.90    2485     3085
2014-09-07 13:40:00    463412400  ***  ***    0.0    0.0    0.0   13.8   13.8  100.0   14.4   13.8   13.8  747.50    2490     3095
2014-09-07 14:00:00    463413600  ***  ***    0.0    0.0    0.0   14.1   14.1  100.0   14.7   14.1   14.1  747.50    2491     3106
2014-09-07 14:20:00    463414800  ***  ***    0.0    0.0    0.0   13.8   13.8  100.0   14.4   13.8   13.8  747.10    2495     3101
2014-09-07 14:40:00    463416000  ***  ***    0.0    0.0    0.0   13.1   13.1  100.0   13.7   13.1   13.1  747.10    2495     3075
2014-09-07 15:00:00    463417200  ***  ***    0.0    0.0    0.0   13.3   13.3  100.0   13.9   13.3   13.3  746.90    2497     3085
2014-09-07 15:20:00    463418400  ***  ***    0.0    0.0    0.0   13.8   13.8  100.0   14.4   13.8   13.8  746.70    2499     3105
2014-09-07 15:40:00    463419600  ***  ***    0.0    0.0    0.0   14.0   14.0   99.5   14.6   13.9   13.9  746.40    2503     3117
2014-09-07 16:00:00    463420800  ***  ***    0.0    0.0    0.0   13.3   13.3  100.0   13.9   13.3   13.3  746.40    2503     3091
2014-09-07 16:20:00    463422000  ***  ***    0.0    0.0    0.0   13.0   13.0  100.0   13.6   13.0   13.0  746.50    2501     3079
2014-09-07 16:40:00    463423200  ***  ***    0.0    0.0    0.0   13.2   13.2  100.0   13.8   13.2   13.2  746.40    2503     3087
2014-09-07 17:00:00    463424400  ***  ***    0.0    0.0    0.0   13.9   13.9  100.0   14.5   13.9   13.9  746.40    2503     3115
2014-09-07 17:20:00    463425600  ***  ***    0.0    0.0    0.0   13.8   13.8   99.1   14.4   13.7   13.7  746.70    2499     3107
2014-09-07 17:40:00    463426800  ***  ***    0.0    0.0    0.0   13.4   13.4  100.0   14.0   13.4   13.4  746.60    2499     3091
2014-09-07 18:00:00    463428000  ***  ***    0.0    0.0    0.0   13.2   13.2  100.0   13.8   13.2   13.2  746.80    2498     3081
2014-09-07 18:20:00    463429200  ***  ***    0.0    0.0    0.0   12.6   12.6  100.0   13.2   12.6   12.6  746.70    2499     3059
2014-09-07 18:40:00    463430400  ***  ***    0.0    0.0    0.0   11.9   11.9  100.0   12.4   11.9   11.9  746.80    2498     3031
2014-09-07 19:00:00    463431600  ***  ***    0.0    0.0    0.0   11.2   11.2  100.0   11.7   11.2   11.2  746.90    2497     3002
2014-09-07 19:20:00    463432800  ***  ***    0.0    0.0    0.0   10.9   10.9  100.0   11.4   10.9   10.9  747.10    2495     2989
2014-09-07 19:40:00    463434000  ***  ***    0.0    0.0    0.0   10.7   10.7  100.0   11.2   10.7   10.7  747.10    2495     2981
2014-09-07 20:00:00    463435200  ***  ***    0.0    0.0    0.0   10.4   10.4  100.0   10.9   10.4   10.4  747.20    2493     2966
2014-09-07 20:20:00    463436400  ***  ***    0.0    0.0    0.0   10.1   10.1  100.0   10.5   10.1   10.1  747.30    2492     2953
2014-09-07 20:40:00    463437600  ***  ***    0.0    0.0    0.0    9.7    9.7  100.0   10.1    9.7    9.7  747.70    2489     2933
2014-09-07 21:00:00    463438800  ***  ***    0.0    0.0    0.0    9.3    9.3  100.0    9.7    9.3    9.3  747.50    2490     2921
2014-09-07 21:20:00    463440000  ***  ***    0.0    0.0    0.0    9.4    9.4  100.0    9.8    9.4    9.4  747.70    2489     2924
2014-09-07 21:40:00    463441200  ***  ***    0.0    0.0    0.0   10.0   10.0  100.0   10.4   10.0   10.0  747.70    2489     2944
2014-09-07 22:00:00    463442400  ***  ***    0.0    0.0    0.0   10.2   10.2  100.0   10.7   10.2   10.2  747.60    2489     2953
2014-09-07 22:20:00    463443600  ***  ***    0.0    0.0    0.0    9.9    9.9  100.0   10.3    9.9    9.9  747.90    2486     2939
2014-09-07 22:40:00    463444800  ***  ***    0.0    0.0    0.0   10.3   10.3  100.0   10.8   10.3   10.3  748.00    2485     2954
2014-09-07 23:00:00    463446000  ***  ***    0.0    0.0    0.0   10.3   10.3  100.0   10.8   10.3   10.3  747.70    2487     2955
2014-09-07 23:20:00    463447200  ***  ***    0.0    0.0    0.0   10.3   10.3  100.0   10.8   10.3   10.3  747.50    2490     2959
2014-09-07 23:40:00    463448400  ***  ***    0.0    0.0    0.0   10.8   10.8  100.0   11.3   10.8   10.8  747.50    2490     2977
2014-09-08 00:00:00    463449600  ***  ***    0.0    0.0    0.0   10.3   10.3  100.0   10.8   10.3   10.3  747.60    2490     2957
2014-09-08 00:20:00    463450800  ***  ***    0.0    0.0    0.0   10.5   10.5  100.0   11.0   10.5   10.5  747.50    2490     2966
2014-09-08 00:40:00    463452000  ***  ***    0.0    0.0    0.0   10.4   10.4  100.0   10.9   10.4   10.4  747.20    2493     2967
2014-09-08 01:00:00    463453200  ***  ***    0.0    0.0    0.0   10.6   10.6  100.0   11.1   10.6   10.6  747.50    2490     2971
2014-09-08 01:20:00    463454400  ***  ***    0.0    0.0    0.0   10.2   10.2  100.0   10.7   10.2   10.2  747.00    2496     2962
2014-09-08 01:40:00    463455600  ***  ***    0.0    0.0    0.0   10.1   10.1  100.0   10.5   10.1   10.1  747.00    2496     2959
2014-09-08 02:00:00    463456800  ***  ***    0.0    0.0    0.0    9.6    9.6  100.0   10.0    9.6    9.6  746.60    2500     2943
2014-09-08 02:20:00    463458000  ***  ***    0.0    0.0    0.0    9.4    9.4  100.0    9.8    9.4    9.4  746.80    2498     2934
2014-09-08 02:40:00    463459200  ***  ***    0.0    0.0    0.0    9.7    9.7  100.0   10.1    9.7    9.7  746.20    2504     2951
2014-09-08 03:00:00    463460400  ***  ***    0.0    0.0    0.0    9.5    9.5  100.0    9.9    9.5    9.5  746.20    2504     2944
2014-09-08 03:20:00    463461600  ***  ***    0.0    0.0    0.0    9.7    9.7  100.0   10.1    9.7    9.7  746.20    2504     2953
2014-09-08 03:40:00    463462800  ***  ***    0.0    0.0    0.0    9.7    9.7  100.0   10.1    9.7    9.7  746.30    2504     2952
2014-09-08 04:00:00    463464000  ***  ***    0.0    0.0    0.0    9.6    9.6  100.0   10.0    9.6    9.6  745.80    2508     2956
2014-09-08 04:20:00    463465200  ***  ***    0.0    0.0    0.0    9.7    9.7  100.0   10.1    9.7    9.7  746.20    2505     2953
2014-09-08 04:40:00    463466400  ***  ***    0.0    0.0    0.0    9.7    9.7  100.0   10.1    9.7    9.7  746.20    2505     2952
2014-09-08 05:00:00    463467600  ***  ***    0.0    0.0    0.0    9.4    9.4  100.0    9.8    9.4    9.4  746.20    2504     2939
2014-09-08 05:20:00    463468800  ***  ***    0.0    0.0    0.0    9.4    9.4  100.0    9.8    9.4    9.4  746.20    2504     2941
2014-09-08 05:40:00    463470000  ***  ***    0.0    0.0    0.0    9.1    9.1  100.0    9.5    9.1    9.1  746.20    2505     2932
2014-09-08 06:00:00    463471200  ***  ***    0.0    0.0    0.0    9.4    9.4  100.0    9.8    9.4    9.4  746.50    2501     2939
2014-09-08 06:20:00    463472400  ***  ***    0.0    0.0    0.0    9.2    9.2  100.0    9.6    9.2    9.2  746.70    2499     2929
2014-09-08 06:40:00    463473600  ***  ***    0.0    0.0    0.0    9.1    9.1  100.0    9.5    9.1    9.1  746.90    2496     2921
2014-09-08 07:00:00    463474800  ***  ***    0.0    0.0    0.0    9.2    9.2  100.0    9.6    9.2    9.2  746.70    2498     2929
2014-09-08 07:20:00    463476000  ***  ***    0.0    0.0    0.0    9.6    9.6  100.0   10.0    9.6    9.6  747.00    2496     2940
2014-09-08 07:40:00    463477200  ***  ***    0.0    0.0    0.0   10.4   10.4  100.0   10.9   10.4   10.4  747.10    2494     2967
2014-09-08 08:00:00    463478400  ***  ***    0.0    0.0    0.0   10.9   10.9  100.0   11.4   10.9   10.9  747.20    2494     2986
2014-09-08 08:20:00    463479600  ***  ***    0.0    0.0    0.0   13.0   13.0  100.0   13.6   13.0   13.0  747.50    2490     3063
2014-09-08 08:40:00    463480800  ***  ***    0.0    0.0    0.0   13.2   13.2  100.0   13.8   13.2   13.2  747.40    2492     3074
2014-09-08 09:00:00    463482000  ***  ***    0.0    0.0    0.0   13.0   13.0  100.0   13.6   13.0   13.0  747.50    2491     3065
2014-09-08 09:20:00    463483200  ***  ***    0.0    0.0    0.0   13.2   13.2  100.0   13.8   13.2   13.2  747.60    2490     3073
2014-09-08 09:40:00    463484400  ***  ***    0.0    0.0    0.0   12.9   12.9  100.0   13.5   12.9   12.9  747.50    2491     3062
2014-09-08 10:00:00    463485600  ***  ***    0.7    0.7    0.7   12.9   12.9  100.0   13.5   12.9   12.9  747.80    2487     3057
2014-09-08 10:20:00    463486800  ***  ***    0.0    0.0    0.0   12.8   12.8  100.0   13.4   12.8   12.8  747.80    2486     3052
2014-09-08 10:40:00    463488000  ***  ***    0.0    0.0    0.0   13.0   13.0  100.0   13.6   13.0   13.0  747.70    2489     3061
2014-09-08 11:00:00    463489200  ***  ***    0.0    0.0    0.0   13.9   13.9  100.0   14.5   13.9   13.9  747.80    2486     3095
2014-09-08 11:20:00    463490400  ***  ***    0.0    0.0    0.0   13.7   13.7  100.0   14.3   13.7   13.7  747.50    2491     3094
2014-09-08 11:40:00    463491600  ***  ***    0.0    0.0    0.0   13.4   13.4  100.0   14.0   13.4   13.4  747.50    2491     3079
2014-09-08 12:00:00    463492800  ***  ***    0.0    0.0    0.0   13.6   13.6  100.0   14.2   13.6   13.6  747.50    2490     3085
2014-09-08 12:20:00    463494000  ***  ***    0.0    0.0    0.0   13.6   13.6  100.0   14.2   13.6   13.6  747.30    2492     3088
2014-09-08 12:40:00    463495200  ***  ***    0.0    0.0    0.0   14.3   14.3  100.0   15.0   14.3   14.3  747.20    2493     3118
2014-09-08 13:00:00    463496400  ***  ***    0.6    0.6    0.6   14.3   14.3  100.0   15.0   14.3   14.3  747.10    2495     3121
2014-09-08 13:20:00    463497600  ***  ***    0.0    0.0    0.0   14.0   14.0  100.0   14.6   14.0   14.0  746.90    2497     3111
2014-09-08 13:40:00    463498800  ***  ***    0.0    0.0    0.0   13.7   13.7  100.0   14.3   13.7   13.7  747.10    2494     3095
2014-09-08 14:00:00    463500000  ***  ***    0.0    0.0    0.0   13.4   13.4  100.0   14.0   13.4   13.4  747.00    2496     3087
2014-09-08 14:20:00    463501200  ***  ***    0.0    0.0    0.0   12.6   12.6  100.0   13.2   12.6   12.6  747.00    2496     3054
2014-09-08 14:40:00    463502400  ***  ***    0.0    0.0    0.0   12.9   12.9  100.0   13.5   12.9   12.9  746.80    2498     3068
2014-09-08 15:00:00    463503600  ***  ***    0.0    0.0    0.0   12.8   12.8  100.0   13.4   12.8   12.8  747.10    2495     3063
2014-09-08 15:20:00    463504800  ***  ***    0.0    0.0    0.0   12.9   12.9  100.0   13.5   12.9   12.9  746.70    2499     3072
2014-09-08 15:40:00    463506000  ***  ***    0.0    0.0    0.0   13.1   13.1  100.0   13.7   13.1   13.1  747.00    2495     3074
2014-09-08 16:00:00    463507200  ***  ***    0.0    0.0    0.0   13.3   13.3  100.0   13.9   13.3   13.3  747.10    2495     3082
2014-09-08 16:20:00    463508400  ***  ***    0.0    0.0    0.0   13.4   13.4  100.0   14.0   13.4   13.4  747.00    2495     3086
2014-09-08 16:40:00    463509600  ***  ***    0.0    0.0    0.0   13.3   13.3  100.0   13.9   13.3   13.3  746.80    2498     3085
2014-09-08 17:00:00    463510800  ***  ***    0.0    0.0    0.0   13.4   13.4  100.0   14.0   13.4   13.4  746.70    2498     3088
2014-09-08 17:20:00    463512000  ***  ***    0.0    0.0    0.0   13.6   13.6  100.0   14.2   13.6   13.6  746.20    2504     3103
2014-09-08 17:40:00    463513200  ***  ***    0.0    0.0    0.0   13.4   13.4  100.0   14.0   13.4   13.4  746.20    2504     3096
2014-09-08 18:00:00    463514400  ***  ***    0.0    0.0    0.0   13.0   13.0  100.0   13.6   13.0   13.0  746.30    2504     3082
2014-09-08 18:20:00    463515600  ***  ***    0.0    0.0    0.0   12.4   12.4  100.0   13.0   12.4   12.4  746.30    2504     3058
2014-09-08 18:40:00    463516800  ***  ***    0.0    0.0    0.0   11.8   11.8  100.0   12.3   11.8   11.8  746.40    2503     3032
2014-09-08 19:00:00    463518000  ***  ***    0.0    0.0    0.0   11.6   11.6  100.0   12.1   11.6   11.6  746.60    2500     3021
2014-09-08 19:20:00    463519200  ***  ***    0.0    0.0    0.0   11.4   11.4  100.0   11.9   11.4   11.4  746.90    2497     3011
2014-09-08 19:40:00    463520400  ***  ***    0.0    0.0    0.0   11.6   11.6  100.0   12.1   11.6   11.6  746.70    2498     3019
2014-09-08 20:00:00    463521600  ***  ***    0.0    0.0    0.0   11.8   11.8  100.0   12.3   11.8   11.8  747.20    2494     3022
2014-09-08 20:20:00    463522800  ***  ***    0.0    0.0    0.0   11.1   11.1  100.0   11.6   11.1   11.1  747.40    2492     2993
2014-09-08 20:40:00    463524000  ***  ***    0.0    0.0    0.0   11.0   11.0  100.0   11.5   11.0   11.0  747.50    2490     2984
2014-09-08 21:00:00    463525200  ***  ***    0.0    0.0    0.0   10.8   10.8  100.0   11.3   10.8   10.8  747.70    2489     2976
2014-09-08 21:20:00    463526400  ***  ***    0.0    0.0    0.0   11.0   11.0  100.0   11.5   11.0   11.0  747.80    2487     2984
2014-09-08 21:40:00    463527600  ***  ***    0.0    0.0    0.0   11.1   11.1  100.0   11.6   11.1   11.1  747.90    2486     2985
2014-09-08 22:00:00    463528800  ***  ***    0.0    0.0    0.0   11.1   11.1  100.0   11.6   11.1   11.1  747.80    2487     2987
2014-09-08 22:20:00    463530000  ***  ***    0.0    0.0    0.0   11.1   11.1  100.0   11.6   11.1   11.1  747.90    2486     2987
2014-09-08 22:40:00    463531200  ***  ***    0.0    0.0    0.0   11.0   11.0  100.0   11.5   11.0   11.0  748.00    2485     2981
2014-09-08 23:00:00    463532400  ***  ***    0.0    0.0    0.0   10.9   10.9  100.0   11.4   10.9   10.9  747.80    2487     2979
2014-09-08 23:20:00    463533600  ***  ***    0.0    0.0    0.0   10.9   10.9  100.0   11.4   10.9   10.9  748.00    2485     2976
2014-09-08 23:40:00    463534800  ***  ***    0.0    0.0    0.0   10.8   10.8  100.0   11.3   10.8   10.8  747.70    2489     2979
2014-09-09 00:00:00    463536000  ***  ***    0.0    0.0    0.0   10.8   10.8  100.0   11.3   10.8   10.8  747.80    2487     2978
2014-09-09 00:20:00    463537200  ***  ***    0.0    0.0    0.0   11.0   11.0  100.0   11.5   11.0   11.0  747.70    2489     2983
2014-09-09 00:40:00    463538400  ***  ***    0.0    0.0    0.0   10.9   10.9  100.0   11.4   10.9   10.9  747.50    2491     2983
2014-09-09 01:00:00    463539600  ***  ***    0.0    0.0    0.0   10.5   10.5  100.0   11.0   10.5   10.5  747.50    2490     2966
2014-09-09 01:20:00    463540800  ***  ***    0.0    0.0    0.0   10.4   10.4  100.0   10.9   10.4   10.4  747.40    2491     2962
2014-09-09 01:40:00    463542000  ***  ***    0.0    0.0    0.0   10.5   10.5  100.0   11.0   10.5   10.5  747.20    2494     2971
2014-09-09 02:00:00    463543200  ***  ***    0.0    0.0    0.0   10.6   10.6  100.0   11.1   10.6   10.6  747.10    2495     2975
2014-09-09 02:20:00    463544400  ***  ***    0.0    0.0    0.0   10.8   10.8  100.0   11.3   10.8   10.8  747.50    2491     2980
2014-09-09 02:40:00    463545600  ***  ***    0.0    0.0    0.0   11.3   11.3  100.0   11.8   11.3   11.3  747.10    2495     3003
2014-09-09 03:00:00    463546800  ***  ***    0.0    0.0    0.0   11.5   11.5  100.0   12.0   11.5   11.5  747.20    2493     3010
2014-09-09 03:20:00    463548000  ***  ***    0.0    0.0    0.0   11.5   11.5  100.0   12.0   11.5   11.5  747.10    2495     3011
2014-09-09 03:40:00    463549200  ***  ***    0.0    0.0    0.0   11.5   11.5  100.0   12.0   11.5   11.5  746.90    2496     3011
2014-09-09 04:00:00    463550400  ***  ***    0.0    0.0    0.0   11.5   11.5  100.0   12.0   11.5   11.5  747.20    2494     3010
2014-09-09 04:20:00    463551600  ***  ***    0.0    0.0    0.0   11.5   11.5  100.0   12.0   11.5   11.5  746.90    2496     3011
2014-09-09 04:40:00    463552800  ***  ***    0.0    0.0    0.0   11.6   11.6  100.0   12.1   11.6   11.6  746.90    2497     3018
2014-09-09 05:00:00    463554000  ***  ***    0.0    0.0    0.0   11.5   11.5  100.0   12.0   11.5   11.5  747.20    2494     3010
2014-09-09 05:20:00    463555200  ***  ***    0.0    0.0    0.0   11.5   11.5  100.0   12.0   11.5   11.5  747.00    2495     3010
2014-09-09 05:40:00    463556400  ***  ***    0.0    0.0    0.0   11.4   11.4  100.0   11.9   11.4   11.4  747.20    2494     3008
2014-09-09 06:00:00    463557600  ***  ***    0.0    0.0    0.0   11.6   11.6  100.0   12.1   11.6   11.6  747.10    2495     3016
2014-09-09 06:20:00    463558800  ***  ***    0.0    0.0    0.0   11.6   11.6  100.0   12.1   11.6   11.6  747.20    2494     3014
2014-09-09 06:40:00    463560000  ***  ***    0.0    0.0    0.0   11.7   11.7  100.0   12.2   11.7   11.7  747.40    2491     3013
2014-09-09 07:00:00    463561200  ***  ***    0.0    0.0    0.0   11.7   11.7  100.0   12.2   11.7   11.7  747.60    2490     3011
2014-09-09 07:20:00    463562400  ***  ***    0.0    0.0    0.0   11.0   11.0  100.0   11.5   11.0   11.0  747.60    2490     2987
2014-09-09 07:40:00    463563600  ***  ***    0.0    0.0    0.0   11.1   11.1  100.0   11.6   11.1   11.1  747.60    2490     2992
2014-09-09 08:00:00    463564800  ***  ***    0.0    0.0    0.0   11.7   11.7  100.0   12.2   11.7   11.7  747.40    2492     3016
2014-09-09 08:20:00    463566000  ***  ***    0.0    0.0    0.0   11.8   11.8  100.0   12.3   11.8   11.8  747.60    2490     3018
2014-09-09 08:40:00    463567200  ***  ***    0.0    0.0    0.0   12.4   12.4  100.0   13.0   12.4   12.4  747.90    2485     3033
2014-09-09 09:00:00    463568400  ***  ***    0.7    0.7    0.7   12.9   12.9  100.0   13.5   12.9   12.9  747.70    2487     3056
2014-09-09 09:20:00    463569600  ***  ***    0.0    0.0    0.0   13.6   13.6   96.8   14.1   13.1   13.3  747.80    2486     3079
2014-09-09 09:40:00    463570800  ***  ***    0.0    0.0    0.0   13.5   13.5   95.8   14.0   12.8   13.0  748.10    2484     3073
2014-09-09 10:00:00    463572000  ***  ***    0.8    0.8    0.8   14.3   14.3   91.8   14.6   13.0   13.4  747.90    2485     3101
2014-09-09 10:20:00    463573200  ***  ***    0.0    0.0    0.0   18.2   18.2   84.8   18.2   15.6   16.4  748.10    2484     3245
2014-09-09 10:40:00    463574400  ***  ***    0.9    0.9    0.9   17.1   17.1   81.3   17.0   13.9   14.9  747.80    2486     3200
2014-09-09 11:00:00    463575600  ***  ***    0.0    0.0    0.0   20.8   20.8   70.3   20.9   15.2   16.9  747.50    2491     3335
2014-09-09 11:20:00    463576800  ***  ***    0.0    0.0    0.0   17.5   17.5   69.3   16.7   11.8   13.6  747.20    2494     3213
2014-09-09 11:40:00    463578000  ***  ***    0.7    0.7    0.7   18.6   18.6   70.8   18.0   13.2   14.9  747.10    2495     3258
2014-09-09 12:00:00    463579200  ***  ***    0.7    0.7    0.7   18.3   18.3   68.1   17.5   12.3   14.2  747.00    2496     3245
2014-09-09 12:20:00    463580400  ***  ***    0.9    0.9    0.9   18.0   18.0   72.4   17.4   13.0   14.6  747.10    2495     3238
2014-09-09 12:40:00    463581600  ***  ***    0.8    0.8    0.8   16.7   16.7   74.4   16.2   12.1   13.6  746.90    2497     3192
2014-09-09 13:00:00    463582800  ***  ***    0.0    0.0    0.0   15.7   15.7   81.1   15.6   12.4   13.5  746.60    2499     3161
2014-09-09 13:20:00    463584000  ***  ***    0.0    0.0    0.0   18.8   18.8   74.1   18.4   14.0   15.5  746.50    2500     3274
2014-09-09 13:40:00    463585200  ***  ***    0.0    0.0    0.0   18.3   18.3   67.0   17.4   12.1   14.1  746.30    2504     3255
2014-09-09 14:00:00    463586400  ***  ***    0.0    0.0    0.0   16.5   16.5   74.1   16.0   11.9   13.4  746.40    2503     3191
2014-09-09 14:20:00    463587600  ***  ***    0.0    0.0    0.0   16.7   16.7   69.0   15.9   11.0   12.9  746.20    2505     3196
2014-09-09 14:40:00    463588800  ***  ***    0.0    0.0    0.0   17.0   17.0   65.3   16.0   10.4   12.7  745.90    2508     3206
2014-09-09 15:00:00    463590000  ***  ***    1.4    1.4    1.4   16.5   16.5   62.9   15.5    9.4   12.0  745.90    2507     3184
2014-09-09 15:20:00    463591200  ***  ***    0.0    0.0    0.0   15.6   15.6   66.4   14.8    9.3   11.5  746.00    2507     3154
2014-09-09 15:40:00    463592400  ***  ***    0.0    0.0    0.0   15.3   15.3   69.1   14.6    9.7   11.6  745.70    2509     3150
2014-09-09 16:00:00    463593600  ***  ***    0.0    0.0    0.0   15.0   15.0   67.5   14.3    9.1   11.3  745.80    2509     3138
2014-09-09 16:20:00    463594800  ***  ***    0.0    0.0    0.0   14.3   14.3   72.0   13.8    9.4   11.2  745.80    2508     3115
2014-09-09 16:40:00    463596000  ***  ***    0.0    0.0    0.0   14.2   14.2   71.5   13.7    9.1   11.0  746.00    2506     3106
2014-09-09 17:00:00    463597200  ***  ***    0.0    0.0    0.0   13.6   13.6   68.7   13.0    8.0   10.1  745.80    2508     3085
2014-09-09 17:20:00    463598400  ***  ***    0.0    0.0    0.0   13.4   13.4   67.3   12.7    7.5    9.8  745.70    2509     3077
2014-09-09 17:40:00    463599600  ***  ***    0.0    0.0    0.0   12.7   12.7   71.7   12.2    7.7    9.6  746.00    2507     3052
2014-09-09 18:00:00    463600800  ***  ***    0.0    0.0    0.0   12.4   12.4   77.5   12.1    8.6   10.0  746.00    2506     3043
2014-09-09 18:20:00    463602000  ***  ***    0.0    0.0    0.0   11.8   11.8   84.2   11.8    9.2   10.2  746.00    2507     3025
2014-09-09 18:40:00    463603200  ***  ***    0.0    0.0    0.0   11.3   11.3   91.1   11.5    9.9   10.4  746.10    2505     3010
2014-09-09 19:00:00    463604400  ***  ***    0.0    0.0    0.0   10.3   10.3   97.1   10.6    9.9   10.0  746.10    2505     2976
2014-09-09 19:20:00    463605600  ***  ***    0.0    0.0    0.0   10.8   10.8   98.4   11.2   10.6   10.7  746.10    2506     2999
2014-09-09 19:40:00    463606800  ***  ***    0.0    0.0    0.0   11.0   11.0   95.1   11.3   10.3   10.5  746.40    2501     2999
2014-09-09 20:00:00    463608000  ***  ***    0.0    0.0    0.0   10.4   10.4   94.4   10.7    9.5    9.9  746.30    2504     2976
2014-09-09 20:20:00    463609200  ***  ***    0.0    0.0    0.0   10.3   10.3   94.6   10.6    9.5    9.8  746.50    2500     2971
2014-09-09 20:40:00    463610400  ***  ***    0.0    0.0    0.0    9.7    9.7   98.8   10.1    9.6    9.6  746.80    2498     2947
2014-09-09 21:00:00    463611600  ***  ***    0.0    0.0    0.0   10.1   10.1   98.9   10.5   10.0   10.0  746.80    2498     2962
2014-09-09 21:20:00    463612800  ***  ***    0.0    0.0    0.0   10.3   10.3   98.6   10.7   10.1   10.2  746.60    2500     2971
2014-09-09 21:40:00    463614000  ***  ***    0.0    0.0    0.0   10.4   10.4   99.5   10.9   10.4   10.4  746.70    2499     2975
2014-09-09 22:00:00    463615200  ***  ***    0.0    0.0    0.0   10.2   10.2  100.0   10.7   10.2   10.2  746.50    2501     2970
2014-09-09 22:20:00    463616400  ***  ***    0.0    0.0    0.0   10.3   10.3  100.0   10.8   10.3   10.3  746.30    2504     2977
2014-09-09 22:40:00    463617600  ***  ***    0.0    0.0    0.0   10.5   10.5  100.0   11.0   10.5   10.5  746.60    2499     2980
2014-09-09 23:00:00    463618800  ***  ***    0.0    0.0    0.0   10.7   10.7  100.0   11.2   10.7   10.7  746.50    2500     2986
2014-09-09 23:20:00    463620000  ***  ***    0.0    0.0    0.0   10.5   10.5  100.0   11.0   10.5   10.5  746.30    2504     2984
2014-09-09 23:40:00    463621200  ***  ***    0.0    0.0    0.0   10.4   10.4  100.0   10.9   10.4   10.4  746.50    2501     2977
2014-09-10 00:00:00    463622400  ***  ***    0.0    0.0    0.0   10.7   10.7  100.0   11.2   10.7   10.7  746.40    2501     2989
2014-09-10 00:20:00    463623600  ***  ***    0.0    0.0    0.0   10.3   10.3  100.0   10.8   10.3   10.3  746.30    2504     2974
2014-09-10 00:40:00    463624800  ***  ***    0.0    0.0    0.0   10.0   10.0  100.0   10.4   10.0   10.0  746.30    2504     2965
2014-09-10 01:00:00    463626000  ***  ***    0.0    0.0    0.0    9.7    9.7  100.0   10.1    9.7    9.7  746.60    2500     2948
2014-09-10 01:20:00    463627200  ***  ***    0.0    0.0    0.0    9.4    9.4  100.0    9.8    9.4    9.4  746.40    2503     2940
2014-09-10 01:40:00    463628400  ***  ***    0.0    0.0    0.0    9.0    9.0   98.9    9.3    8.8    8.9  746.10    2506     2927
2014-09-10 02:00:00    463629600  ***  ***    0.0    0.0    0.0    8.9    8.9   95.9    9.2    8.3    8.6  746.30    2503     2920
2014-09-10 02:20:00    463630800  ***  ***    0.0    0.0    0.0    8.7    8.7   95.6    8.9    8.0    8.2  746.10    2505     2914
2014-09-10 02:40:00    463632000  ***  ***    0.0    0.0    0.0    8.4    8.4   95.7    8.7    7.8    8.1  746.20    2505     2904
2014-09-10 03:00:00    463633200  ***  ***    0.0    0.0    0.0    8.9    8.9   96.7    9.2    8.4    8.6  745.70    2510     2929
2014-09-10 03:20:00    463634400  ***  ***    0.0    0.0    0.0    9.0    9.0   98.4    9.3    8.7    8.9  745.90    2507     2928
2014-09-10 03:40:00    463635600  ***  ***    0.0    0.0    0.0    9.0    9.0   98.8    9.3    8.8    8.9  746.00    2507     2931
2014-09-10 04:00:00    463636800  ***  ***    0.0    0.0    0.0    8.8    8.8   96.0    9.1    8.2    8.5  745.90    2508     2920
2014-09-10 04:20:00    463638000  ***  ***    0.0    0.0    0.0    8.1    8.1   96.7    8.4    7.6    7.8  745.90    2508     2896
2014-09-10 04:40:00    463639200  ***  ***    0.0    0.0    0.0    8.3    8.3   94.0    8.5    7.4    7.8  745.70    2509     2902
2014-09-10 05:00:00    463640400  ***  ***    0.0    0.0    0.0    8.7    8.7   99.4    9.1    8.6    8.6  746.10    2505     2914
2014-09-10 05:20:00    463641600  ***  ***    0.0    0.0    0.0    7.8    7.8  100.0    8.1    7.8    7.8  746.20    2505     2883
2014-09-10 05:40:00    463642800  ***  ***    0.0    0.0    0.0    7.9    7.9  100.0    8.2    7.9    7.9  746.20    2504     2884
2014-09-10 06:00:00    463644000  ***  ***    0.0    0.0    0.0    7.9    7.9   98.7    8.2    7.7    7.8  746.20    2505     2886
2014-09-10 06:20:00    463645200  ***  ***    0.0    0.0    0.0    7.6    7.6   98.5    7.9    7.3    7.4  746.30    2504     2871
2014-09-10 06:40:00    463646400  ***  ***    0.0    0.0    0.0    7.7    7.7   94.7    7.9    6.9    7.2  746.60    2500     2870
2014-09-10 07:00:00    463647600  ***  ***    0.0    0.0    0.0    7.6    7.6   91.9    7.8    6.4    6.9  746.70    2499     2864
2014-09-10 07:20:00    463648800  ***  ***    0.0    0.0    0.0    7.5    7.5   92.2    7.7    6.3    6.8  746.70    2499     2859
2014-09-10 07:40:00    463650000  ***  ***    0.0    0.0    0.0    7.8    7.8   92.9    8.0    6.7    7.1  747.00    2496     2867
2014-09-10 08:00:00    463651200  ***  ***    0.0    0.0    0.0    8.6    8.6   88.6    8.7    6.8    7.5  747.00    2496     2896
2014-09-10 08:20:00    463652400  ***  ***    0.0    0.0    0.0    9.8    9.8   75.2    9.5    5.6    7.4  747.10    2495     2930
2014-09-10 08:40:00    463653600  ***  ***    0.0    0.0    0.0    9.6    9.6   77.1    9.4    5.8    7.4  747.50    2491     2919
2014-09-10 09:00:00    463654800  ***  ***    0.0    0.0    0.0   12.6   12.6   63.6   11.8    5.9    8.6  747.40    2492     3024
2014-09-10 09:20:00    463656000  ***  ***    0.0    0.0    0.0   13.5   13.5   67.1   12.8    7.5    9.8  747.70    2487     3054
2014-09-10 09:40:00    463657200  ***  ***    0.4    0.4    0.4   13.9   13.9   65.7   13.2    7.6   10.0  747.80    2486     3069
2014-09-10 10:00:00    463658400  ***  ***    0.0    0.0    0.0   13.9   13.9   59.0   12.9    6.0    9.2  747.90    2485     3061
2014-09-10 10:20:00    463659600  ***  ***    0.0    0.0    0.0   18.5   18.5   42.6   16.3    5.6   10.6  747.70    2487     3217
2014-09-10 10:40:00    463660800  ***  ***    0.0    0.0    0.0   20.9   20.9   42.3   19.9    7.7   12.5  747.70    2487     3302
2014-09-10 11:00:00    463662000  ***  ***    0.5    0.5    0.5   21.8   21.8   38.3   20.8    7.0   12.4  747.40    2492     3334
2014-09-10 11:20:00    463663200  ***  ***    1.1    1.1    1.1   19.4   19.4   42.5   17.7    6.3   11.3  747.40    2491     3251
2014-09-10 11:40:00    463664400  ***  ***    0.8    0.8    0.8   18.7   18.7   39.0   16.5    4.5   10.2  747.20    2493     3225
2014-09-10 12:00:00    463665600  ***  ***    0.5    0.5    0.5   18.9   18.9   38.7   16.8    4.5   10.3  747.30    2493     3231
2014-09-10 12:20:00    463666800  ***  ***    0.7    0.7    0.7   19.3   19.3   41.8   17.5    6.0   11.2  747.20    2494     3252
2014-09-10 12:40:00    463668000  ***  ***    0.6    0.6    0.6   19.6   19.6   43.8   18.1    6.9   11.7  747.20    2493     3262
2014-09-10 13:00:00    463669200  ***  ***    0.4    0.4    0.4   18.2   18.2   43.8   16.1    5.7   10.6  746.90    2496     3216
2014-09-10 13:20:00    463670400  ***  ***    0.0    0.0    0.0   20.5   20.5   42.8   19.3    7.4   12.2  746.70    2499     3301
2014-09-10 13:40:00    463671600  ***  ***    0.0    0.0    0.0   18.8   18.8   46.2   17.0    7.0   11.4  747.10    2494     3236
2014-09-10 14:00:00    463672800  ***  ***    0.0    0.0    0.0   17.0   17.0   48.4   15.2    6.1   10.3  746.90    2496     3177
2014-09-10 14:20:00    463674000  ***  ***    0.0    0.0    0.0   16.6   16.6   46.5   14.7    5.1    9.7  746.90    2497     3163
2014-09-10 14:40:00    463675200  ***  ***    0.0    0.0    0.0   16.6   16.6   53.2   15.1    7.1   10.7  746.70    2498     3170
2014-09-10 15:00:00    463676400  ***  ***    0.0    0.0    0.0   16.8   16.8   53.2   15.3    7.2   10.9  746.30    2504     3182
2014-09-10 15:20:00    463677600  ***  ***    0.0    0.0    0.0   15.7   15.7   52.1   14.2    5.9    9.8  746.40    2503     3141
2014-09-10 15:40:00    463678800  ***  ***    0.8    0.8    0.8   15.1   15.1   52.6   13.7    5.4    9.3  746.30    2504     3120
2014-09-10 16:00:00    463680000  ***  ***    0.0    0.0    0.0   14.0   14.0   66.5   13.3    7.8   10.2  746.60    2500     3088
2014-09-10 16:20:00    463681200  ***  ***    0.0    0.0    0.0   14.2   14.2   63.9   13.4    7.5   10.1  746.40    2501     3095
2014-09-10 16:40:00    463682400  ***  ***    0.0    0.0    0.0   13.6   13.6   70.0   13.0    8.3   10.4  746.40    2501     3079
2014-09-10 17:00:00    463683600  ***  ***    0.0    0.0    0.0   13.0   13.0   73.9   12.6    8.4   10.1  746.30    2504     3061
2014-09-10 17:20:00    463684800  ***  ***    0.0    0.0    0.0   12.3   12.3   80.6   12.1    9.0   10.3  746.20    2504     3038
2014-09-10 17:40:00    463686000  ***  ***    0.0    0.0    0.0   12.3   12.3   76.6   12.0    8.3    9.9  746.20    2504     3036
2014-09-10 18:00:00    463687200  ***  ***    0.0    0.0    0.0   11.7   11.7   78.3   11.5    8.1    9.5  746.20    2505     3018
2014-09-10 18:20:00    463688400  ***  ***    0.0    0.0    0.0   11.1   11.1   85.2   11.1    8.7    9.6  746.20    2504     2995
2014-09-10 18:40:00    463689600  ***  ***    0.0    0.0    0.0   10.1   10.1   91.7   10.3    8.8    9.3  746.10    2505     2963
2014-09-10 19:00:00    463690800  ***  ***    0.0    0.0    0.0    9.7    9.7   92.2    9.9    8.5    9.0  746.50    2500     2945
2014-09-10 19:20:00    463692000  ***  ***    0.0    0.0    0.0    9.4    9.4   92.4    9.6    8.2    8.7  746.50    2501     2933
2014-09-10 19:40:00    463693200  ***  ***    0.0    0.0    0.0    9.4    9.4   93.3    9.6    8.3    8.7  747.00    2496     2927
2014-09-10 20:00:00    463694400  ***  ***    0.0    0.0    0.0    9.2    9.2   92.8    9.4    8.1    8.5  746.80    2498     2923
2014-09-10 20:20:00    463695600  ***  ***    0.0    0.0    0.0    9.2    9.2   92.2    9.4    8.0    8.5  746.70    2499     2923
2014-09-10 20:40:00    463696800  ***  ***    0.0    0.0    0.0    9.0    9.0   93.8    9.2    8.1    8.5  746.80    2497     2916
2014-09-10 21:00:00    463698000  ***  ***    0.0    0.0    0.0    9.0    9.0   93.2    9.2    8.0    8.4  747.20    2493     2910
2014-09-10 21:20:00    463699200  ***  ***    0.0    0.0    0.0    8.8    8.8   93.8    9.0    7.8    8.2  747.10    2495     2904
2014-09-10 21:40:00    463700400  ***  ***    0.0    0.0    0.0    9.0    9.0   93.7    9.2    8.0    8.4  746.90    2497     2914
2014-09-10 22:00:00    463701600  ***  ***    0.0    0.0    0.0    8.6    8.6   95.0    8.8    7.9    8.2  747.30    2493     2896
2014-09-10 22:20:00    463702800  ***  ***    0.0    0.0    0.0    8.3    8.3   97.6    8.6    7.9    8.1  747.10    2495     2887
2014-09-10 22:40:00    463704000  ***  ***    0.0    0.0    0.0    8.2    8.2   96.5    8.5    7.7    7.9  747.20    2494     2882
2014-09-10 23:00:00    463705200  ***  ***    0.0    0.0    0.0    8.3    8.3   97.5    8.6    7.9    8.1  747.50    2491     2882
2014-09-10 23:20:00    463706400  ***  ***    0.0    0.0    0.0    8.3    8.3   99.0    8.6    8.1    8.2  747.30    2492     2884
2014-09-10 23:40:00    463707600  ***  ***    0.0    0.0    0.0    8.2    8.2   99.6    8.6    8.2    8.2  747.40    2492     2883
2014-09-11 00:00:00    463708800  ***  ***    0.0    0.0    0.0    8.0    8.0  100.0    8.3    8.0    8.0  747.20    2494     2877
2014-09-11 00:20:00    463710000  ***  ***    0.0    0.0    0.0    7.9    7.9  100.0    8.2    7.9    7.9  747.30    2493     2871
2014-09-11 00:40:00    463711200  ***  ***    0.0    0.0    0.0    7.8    7.8  100.0    8.1    7.8    7.8  747.30    2493     2869
2014-09-11 01:00:00    463712400  ***  ***    0.0    0.0    0.0    7.8    7.8  100.0    8.1    7.8    7.8  747.20    2493     2867
2014-09-11 01:20:00    463713600  ***  ***    0.0    0.0    0.0    7.8    7.8  100.0    8.1    7.8    7.8  747.20    2494     2869
2014-09-11 01:40:00    463714800  ***  ***    0.0    0.0    0.0    7.7    7.7  100.0    8.0    7.7    7.7  747.10    2495     2868
2014-09-11 02:00:00    463716000  ***  ***    0.0    0.0    0.0    7.7    7.7  100.0    8.0    7.7    7.7  746.80    2498     2869
2014-09-11 02:20:00    463717200  ***  ***    0.0    0.0    0.0    8.0    8.0   97.8    8.3    7.7    7.8  746.80    2498     2880
2014-09-11 02:40:00    463718400  ***  ***    0.0    0.0    0.0    8.0    8.0   96.3    8.3    7.5    7.7  746.80    2498     2880
2014-09-11 03:00:00    463719600  ***  ***    0.0    0.0    0.0    7.9    7.9   96.6    8.2    7.4    7.6  746.90    2497     2875
2014-09-11 03:20:00    463720800  ***  ***    0.0    0.0    0.0    7.9    7.9   94.4    8.1    7.1    7.4  746.80    2498     2875
2014-09-11 03:40:00    463722000  ***  ***    0.0    0.0    0.0    7.8    7.8   94.2    8.0    6.9    7.3  746.70    2498     2871
2014-09-11 04:00:00    463723200  ***  ***    0.0    0.0    0.0    7.6    7.6   97.2    7.8    7.1    7.3  746.50    2501     2867
2014-09-11 04:20:00    463724400  ***  ***    0.0    0.0    0.0    7.5    7.5   94.6    7.7    6.7    7.0  746.60    2500     2862
2014-09-11 04:40:00    463725600  ***  ***    0.0    0.0    0.0    7.6    7.6   93.7    7.8    6.6    7.0  746.70    2498     2861
2014-09-11 05:00:00    463726800  ***  ***    0.0    0.0    0.0    7.5    7.5   94.9    7.7    6.7    7.0  746.60    2499     2860
2014-09-11 05:20:00    463728000  ***  ***    0.0    0.0    0.0    7.7    7.7   93.4    7.9    6.7    7.1  747.00    2496     2863
2014-09-11 05:40:00    463729200  ***  ***    0.0    0.0    0.0    7.5    7.5   93.6    7.7    6.6    7.0  746.90    2496     2858
2014-09-11 06:00:00    463730400  ***  ***    0.0    0.0    0.0    7.5    7.5   95.0    7.7    6.8    7.1  747.20    2494     2855
2014-09-11 06:20:00    463731600  ***  ***    0.0    0.0    0.0    7.9    7.9   92.6    8.1    6.8    7.3  747.20    2494     2869
2014-09-11 06:40:00    463732800  ***  ***    0.0    0.0    0.0    8.0    8.0   92.8    8.2    6.9    7.4  747.30    2492     2870
2014-09-11 07:00:00    463734000  ***  ***    0.0    0.0    0.0    8.2    8.2   93.4    8.4    7.2    7.6  747.40    2491     2878
2014-09-11 07:20:00    463735200  ***  ***    0.0    0.0    0.0    8.5    8.5   93.0    8.7    7.5    7.9  747.10    2494     2892
2014-09-11 07:40:00    463736400  ***  ***    0.0    0.0    0.0    9.0    9.0   93.3    9.2    8.0    8.4  747.10    2495     2912
2014-09-11 08:00:00    463737600  ***  ***    0.0    0.0    0.0   10.1   10.1   87.9   10.2    8.2    8.9  747.40    2491     2945
2014-09-11 08:20:00    463738800  ***  ***    0.0    0.0    0.0   10.7   10.7   88.9   10.8    8.9    9.6  747.30    2492     2970
2014-09-11 08:40:00    463740000  ***  ***    0.0    0.0    0.0   11.6   11.6   84.6   11.6    9.1   10.0  747.20    2493     3004
2014-09-11 09:00:00    463741200  ***  ***    0.0    0.0    0.0   13.6   13.6   71.3   13.1    8.6   10.5  747.30    2493     3070
2014-09-11 09:20:00    463742400  ***  ***    0.0    0.0    0.0   15.1   15.1   59.3   14.0    7.3   10.3  747.60    2490     3111
2014-09-11 09:40:00    463743600  ***  ***    0.0    0.0    0.0   15.4   15.4   57.6   14.2    7.1   10.3  747.70    2489     3120
2014-09-11 10:00:00    463744800  ***  ***    0.7    0.7    0.7   16.1   16.1   54.5   14.7    6.9   10.5  748.00    2485     3136
2014-09-11 10:20:00    463746000  ***  ***    0.8    0.8    0.8   18.9   18.9   63.0   18.0   11.7   14.1  747.80    2486     3251
2014-09-11 10:40:00    463747200  ***  ***    0.0    0.0    0.0   17.6   17.6   69.6   16.9   12.0   13.8  748.00    2485     3207
2014-09-11 11:00:00    463748400  ***  ***    0.0    0.0    0.0   16.3   16.3   72.9   15.7   11.5   13.1  748.00    2485     3163
2014-09-11 11:20:00    463749600  ***  ***    0.0    0.0    0.0   20.5   20.5   63.5   20.2   13.3   15.6  747.70    2487     3311
2014-09-11 11:40:00    463750800  ***  ***    0.0    0.0    0.0   16.0   16.0   76.8   15.6   11.9   13.2  747.70    2489     3158
2014-09-11 12:00:00    463752000  ***  ***    0.0    0.0    0.0   16.1   16.1   77.1   15.8   12.1   13.4  747.80    2487     3159
2014-09-11 12:20:00    463753200  ***  ***    0.0    0.0    0.0   16.2   16.2   77.4   15.9   12.2   13.5  747.70    2487     3162
2014-09-11 12:40:00    463754400  ***  ***    0.0    0.0    0.0   16.4   16.4   73.7   15.9   11.7   13.3  747.50    2491     3174
2014-09-11 13:00:00    463755600  ***  ***    0.0    0.0    0.0   16.1   16.1   75.7   15.7   11.8   13.2  747.50    2490     3162
2014-09-11 13:20:00    463756800  ***  ***    0.0    0.0    0.0   14.1   14.1   85.8   14.1   11.8   12.5  747.60    2489     3094
2014-09-11 13:40:00    463758000  ***  ***    0.0    0.0    0.0   11.7   11.7  100.0   12.2   11.7   11.7  747.20    2493     3018
2014-09-11 14:00:00    463759200  ***  ***    0.0    0.0    0.0   13.7   13.7  100.0   14.3   13.7   13.7  746.90    2497     3100
2014-09-11 14:20:00    463760400  ***  ***    0.0    0.0    0.0   12.7   12.7  100.0   13.3   12.7   12.7  746.70    2498     3063
2014-09-11 14:40:00    463761600  ***  ***    0.0    0.0    0.0   13.0   13.0  100.0   13.6   13.0   13.0  746.70    2499     3075
2014-09-11 15:00:00    463762800  ***  ***    0.0    0.0    0.0   13.0   13.0  100.0   13.6   13.0   13.0  746.60    2499     3076
2014-09-11 15:20:00    463764000  ***  ***    0.0    0.0    0.0   13.4   13.4  100.0   14.0   13.4   13.4  746.40    2501     3094
2014-09-11 15:40:00    463765200  ***  ***    0.0    0.0    0.0   14.0   14.0  100.0   14.6   14.0   14.0  746.30    2504     3119
2014-09-11 16:00:00    463766400  ***  ***    0.0    0.0    0.0   13.5   13.5   99.6   14.1   13.4   13.4  746.10    2506     3103
2014-09-11 16:20:00    463767600  ***  ***    0.0    0.0    0.0   13.6   13.6   97.4   14.1   13.2   13.3  746.30    2504     3101
2014-09-11 16:40:00    463768800  ***  ***    0.0    0.0    0.0   13.1   13.1   97.8   13.6   12.7   12.8  746.10    2506     3085
2014-09-11 17:00:00    463770000  ***  ***    0.0    0.0    0.0   12.4   12.4   99.6   13.0   12.4   12.4  746.00    2506     3061
2014-09-11 17:20:00    463771200  ***  ***    0.0    0.0    0.0   12.1   12.1  100.0   12.6   12.1   12.1  746.30    2504     3046
2014-09-11 17:40:00    463772400  ***  ***    0.0    0.0    0.0   11.8   11.8  100.0   12.3   11.8   11.8  746.40    2503     3033
2014-09-11 18:00:00    463773600  ***  ***    0.0    0.0    0.0   11.6   11.6  100.0   12.1   11.6   11.6  746.50    2501     3024
2014-09-11 18:20:00    463774800  ***  ***    0.0    0.0    0.0   11.3   11.3  100.0   11.8   11.3   11.3  746.50    2500     3010
2014-09-11 18:40:00    463776000  ***  ***    0.0    0.0    0.0   11.0   11.0  100.0   11.5   11.0   11.0  746.40    2501     3001
2014-09-11 19:00:00    463777200  ***  ***    0.0    0.0    0.0   11.0   11.0   99.7   11.5   10.9   10.9  746.40    2503     3000
2014-09-11 19:20:00    463778400  ***  ***    0.0    0.0    0.0   10.9   10.9   98.9   11.3   10.8   10.8  746.80    2497     2992
2014-09-11 19:40:00    463779600  ***  ***    0.0    0.0    0.0   10.8   10.8   99.1   11.2   10.7   10.7  747.00    2496     2987
2014-09-11 20:00:00    463780800  ***  ***    0.0    0.0    0.0   10.4   10.4   99.7   10.9   10.3   10.3  746.80    2498     2972
2014-09-11 20:20:00    463782000  ***  ***    0.0    0.0    0.0   10.0   10.0  100.0   10.4   10.0   10.0  747.20    2494     2953
2014-09-11 20:40:00    463783200  ***  ***    0.0    0.0    0.0   10.0   10.0   99.8   10.4    9.9    9.9  747.00    2495     2953
2014-09-11 21:00:00    463784400  ***  ***    0.0    0.0    0.0    9.8    9.8  100.0   10.2    9.8    9.8  747.00    2496     2949
2014-09-11 21:20:00    463785600  ***  ***    0.0    0.0    0.0    9.8    9.8   99.9   10.2    9.8    9.8  747.10    2494     2944
2014-09-11 21:40:00    463786800  ***  ***    0.0    0.0    0.0    9.6    9.6  100.0   10.0    9.6    9.6  747.20    2493     2937
2014-09-11 22:00:00    463788000  ***  ***    0.0    0.0    0.0    9.5    9.5  100.0    9.9    9.5    9.5  747.20    2493     2933
2014-09-11 22:20:00    463789200  ***  ***    0.0    0.0    0.0    9.5    9.5  100.0    9.9    9.5    9.5  746.90    2497     2936
2014-09-11 22:40:00    463790400  ***  ***    0.0    0.0    0.0    9.4    9.4   99.9    9.8    9.4    9.4  747.20    2493     2928
2014-09-11 23:00:00    463791600  ***  ***    0.0    0.0    0.0    9.5    9.5   98.4    9.9    9.3    9.4  747.20    2493     2932
2014-09-11 23:20:00    463792800  ***  ***    0.0    0.0    0.0    9.5    9.5   99.4    9.9    9.4    9.4  747.30    2492     2930
2014-09-11 23:40:00    463794000  ***  ***    0.0    0.0    0.0    9.4    9.4   98.7    9.8    9.2    9.3  747.20    2493     2928
2014-09-12 00:00:00    463795200  ***  ***    0.0    0.0    0.0    9.2    9.2   98.0    9.6    8.9    9.0  747.20    2493     2919
2014-09-12 00:20:00    463796400  ***  ***    0.0    0.0    0.0    9.1    9.1   99.0    9.4    9.0    9.0  747.30    2493     2918
2014-09-12 00:40:00    463797600  ***  ***    0.0    0.0    0.0    8.9    8.9   98.7    9.2    8.7    8.8  747.10    2495     2913
2014-09-12 01:00:00    463798800  ***  ***    0.0    0.0    0.0    8.9    8.9   98.9    9.2    8.7    8.8  746.80    2497     2914
2014-09-12 01:20:00    463800000  ***  ***    0.0    0.0    0.0    8.5    8.5   99.8    8.9    8.5    8.5  747.20    2493     2896
2014-09-12 01:40:00    463801200  ***  ***    0.0    0.0    0.0    8.7    8.7  100.0    9.1    8.7    8.7  746.80    2498     2907
2014-09-12 02:00:00    463802400  ***  ***    0.0    0.0    0.0    8.4    8.4  100.0    8.8    8.4    8.4  746.90    2497     2896
2014-09-12 02:20:00    463803600  ***  ***    0.0    0.0    0.0    8.4    8.4  100.0    8.8    8.4    8.4  746.70    2498     2898
2014-09-12 02:40:00    463804800  ***  ***    0.0    0.0    0.0    8.3    8.3  100.0    8.7    8.3    8.3  746.90    2497     2893
2014-09-12 03:00:00    463806000  ***  ***    0.0    0.0    0.0    8.4    8.4  100.0    8.8    8.4    8.4  746.60    2500     2900
2014-09-12 03:20:00    463807200  ***  ***    0.0    0.0    0.0    9.1    9.1  100.0    9.5    9.1    9.1  746.80    2498     2923
2014-09-12 03:40:00    463808400  ***  ***    0.0    0.0    0.0    8.8    8.8  100.0    9.2    8.8    8.8  746.50    2501     2917
2014-09-12 04:00:00    463809600  ***  ***    0.5    0.5    0.5    9.1    9.1   97.7    9.4    8.8    8.9  746.70    2499     2924
2014-09-12 04:20:00    463810800  ***  ***    0.0    0.0    0.0    9.2    9.2   97.5    9.6    8.8    8.9  746.30    2504     2931
2014-09-12 04:40:00    463812000  ***  ***    0.0    0.0    0.0    8.5    8.5  100.0    8.9    8.5    8.5  746.60    2500     2903
2014-09-12 05:00:00    463813200  ***  ***    0.0    0.0    0.0    8.1    8.1  100.0    8.4    8.1    8.1  746.80    2498     2887
2014-09-12 05:20:00    463814400  ***  ***    0.0    0.0    0.0    8.1    8.1  100.0    8.4    8.1    8.1  747.00    2495     2883
2014-09-12 05:40:00    463815600  ***  ***    0.0    0.0    0.0    8.1    8.1  100.0    8.4    8.1    8.1  747.20    2493     2878
2014-09-12 06:00:00    463816800  ***  ***    0.0    0.0    0.0    8.6    8.6  100.0    9.0    8.6    8.6  747.20    2494     2900
2014-09-12 06:20:00    463818000  ***  ***    0.0    0.0    0.0    8.5    8.5  100.0    8.9    8.5    8.5  747.00    2495     2897
2014-09-12 06:40:00    463819200  ***  ***    0.0    0.0    0.0    8.3    8.3  100.0    8.7    8.3    8.3  747.40    2492     2884
2014-09-12 07:00:00    463820400  ***  ***    0.0    0.0    0.0    8.6    8.6  100.0    9.0    8.6    8.6  747.30    2493     2896
2014-09-12 07:20:00    463821600  ***  ***    0.0    0.0    0.0    8.9    8.9  100.0    9.3    8.9    8.9  747.20    2493     2911
2014-09-12 07:40:00    463822800  ***  ***    0.0    0.0    0.0    9.8    9.8   99.6   10.2    9.7    9.7  747.30    2493     2941
2014-09-12 08:00:00    463824000  ***  ***    0.8    0.8    0.8   11.6   11.6   90.9   11.8   10.1   10.6  747.30    2493     3006
2014-09-12 08:20:00    463825200  ***  ***    0.0    0.0    0.0   11.5   11.5   95.8   11.9   10.9   11.1  747.60    2490     3002
2014-09-12 08:40:00    463826400  ***  ***    0.4    0.4    0.4   12.6   12.6   90.4   12.8   11.1   11.6  747.60    2490     3040
2014-09-12 09:00:00    463827600  ***  ***    0.0    0.0    0.0   13.2   13.2   92.4   13.5   12.0   12.4  747.70    2487     3062
2014-09-12 09:20:00    463828800  ***  ***    0.0    0.0    0.0   15.7   15.7   75.2   15.3   11.3   12.8  747.60    2489     3145
2014-09-12 09:40:00    463830000  ***  ***    0.8    0.8    0.8   15.2   15.2   81.0   15.1   11.9   13.0  747.90    2486     3128
2014-09-12 10:00:00    463831200  ***  ***    0.8    0.8    0.8   15.6   15.6   81.3   15.5   12.4   13.4  747.60    2490     3147
2014-09-12 10:20:00    463832400  ***  ***    0.0    0.0    0.0   19.7   19.7   63.1   19.1   12.5   14.8  747.70    2489     3283
2014-09-12 10:40:00    463833600  ***  ***    0.4    0.4    0.4   20.1   20.1   62.4   19.6   12.7   15.0  747.60    2489     3297
2014-09-12 11:00:00    463834800  ***  ***    1.1    1.1    1.1   19.6   19.6   66.1   19.1   13.1   15.1  747.50    2491     3286
2014-09-12 11:20:00    463836000  ***  ***    1.1    1.1    1.1   19.3   19.3   63.5   18.6   12.2   14.5  747.40    2491     3273
2014-09-12 11:40:00    463837200  ***  ***    0.8    0.8    0.8   19.7   19.7   64.0   19.2   12.8   15.0  747.40    2491     3288
2014-09-12 12:00:00    463838400  ***  ***    0.8    0.8    0.8   20.4   20.4   62.7   20.0   13.1   15.4  747.60    2490     3311
2014-09-12 12:20:00    463839600  ***  ***    1.0    1.0    1.0   19.5   19.5   64.3   18.9   12.6   14.8  747.40    2492     3280
2014-09-12 12:40:00    463840800  ***  ***    0.5    0.5    0.5   19.0   19.0   63.4   18.1   11.9   14.2  747.30    2493     3262
2014-09-12 13:00:00    463842000  ***  ***    0.6    0.6    0.6   19.2   19.2   62.6   18.4   11.9   14.3  747.20    2494     3270
2014-09-12 13:20:00    463843200  ***  ***    1.0    1.0    1.0   17.8   17.8   68.8   17.0   12.0   13.9  746.90    2497     3229
2014-09-12 13:40:00    463844400  ***  ***    0.6    0.6    0.6   17.4   17.4   71.8   16.8   12.3   13.9  746.80    2498     3218
2014-09-12 14:00:00    463845600  ***  ***    0.0    0.0    0.0   17.3   17.3   71.0   16.6   11.9   13.6  746.70    2499     3213
2014-09-12 14:20:00    463846800  ***  ***    0.6    0.6    0.6   18.1   18.1   66.5   17.2   11.8   13.8  746.60    2500     3243
2014-09-12 14:40:00    463848000  ***  ***    0.0    0.0    0.0   17.6   17.6   69.1   16.8   11.8   13.7  746.40    2501     3226
2014-09-12 15:00:00    463849200  ***  ***    0.0    0.0    0.0   17.3   17.3   70.9   16.6   12.0   13.7  746.00    2507     3223
2014-09-12 15:20:00    463850400  ***  ***    0.0    0.0    0.0   16.9   16.9   72.4   16.3   11.9   13.5  746.20    2504     3206
2014-09-12 15:40:00    463851600  ***  ***    0.0    0.0    0.0   15.7   15.7   77.6   15.4   11.8   13.1  746.50    2501     3164
2014-09-12 16:00:00    463852800  ***  ***    0.0    0.0    0.0   15.9   15.9   76.0   15.5   11.7   13.1  746.30    2503     3171
2014-09-12 16:20:00    463854000  ***  ***    0.0    0.0    0.0   15.4   15.4   79.2   15.2   11.8   13.0  746.40    2503     3152
2014-09-12 16:40:00    463855200  ***  ***    0.0    0.0    0.0   15.1   15.1   79.8   14.9   11.6   12.8  746.20    2504     3145
2014-09-12 17:00:00    463856400  ***  ***    0.0    0.0    0.0   15.3   15.3   74.4   14.8   10.8   12.4  746.30    2504     3146
2014-09-12 17:20:00    463857600  ***  ***    0.0    0.0    0.0   14.6   14.6   80.7   14.5   11.4   12.5  746.40    2503     3126
2014-09-12 17:40:00    463858800  ***  ***    0.0    0.0    0.0   14.2   14.2   84.9   14.2   11.7   12.6  746.20    2505     3115
2014-09-12 18:00:00    463860000  ***  ***    0.0    0.0    0.0   14.0   14.0   83.0   14.0   11.2   12.2  746.50    2501     3103
2014-09-12 18:20:00    463861200  ***  ***    0.0    0.0    0.0   12.9   12.9   89.0   13.1   11.2   11.8  746.70    2498     3063
2014-09-12 18:40:00    463862400  ***  ***    0.0    0.0    0.0   12.6   12.6   88.7   12.8   10.8   11.4  746.60    2500     3053
2014-09-12 19:00:00    463863600  ***  ***    1.2    1.2    1.2   12.8   12.6   85.5   12.8   10.5   11.3  746.60    2500     3059
2014-09-12 19:20:00    463864800  ***  ***    1.3    1.3    1.3   12.8   12.5   86.7   12.9   10.6   11.4  747.30    2492     3047
2014-09-12 19:40:00    463866000  ***  ***    1.1    1.1    1.1   12.6   12.5   87.2   12.7   10.5   11.2  747.50    2491     3039
2014-09-12 20:00:00    463867200  ***  ***    0.8    0.8    0.8   12.3   12.3   88.4   12.5   10.5   11.1  747.80    2486     3024
2014-09-12 20:20:00    463868400  ***  ***    0.7    0.7    0.7   12.0   12.0   90.4   12.2   10.5   11.0  747.60    2490     3019
2014-09-12 20:40:00    463869600  ***  ***    0.0    0.0    0.0   11.2   11.2   94.4   11.5   10.4   10.7  747.70    2489     2990
2014-09-12 21:00:00    463870800  ***  ***    0.0    0.0    0.0   11.2   11.2   95.3   11.5   10.5   10.7  747.80    2487     2988
2014-09-12 21:20:00    463872000  ***  ***    0.0    0.0    0.0   10.9   10.9   97.4   11.3   10.5   10.6  747.60    2490     2980
2014-09-12 21:40:00    463873200  ***  ***    0.0    0.0    0.0   10.6   10.6   97.5   11.0   10.2   10.3  747.20    2493     2972
2014-09-12 22:00:00    463874400  ***  ***    0.0    0.0    0.0   10.8   10.8   95.1   11.1   10.1   10.4  747.10    2495     2982
2014-09-12 22:20:00    463875600  ***  ***    0.0    0.0    0.0   11.5   11.5   90.8   11.7   10.1   10.6  746.90    2496     3008
2014-09-12 22:40:00    463876800  ***  ***    0.0    0.0    0.0   11.0   11.0   92.4   11.3    9.8   10.2  747.20    2494     2985
2014-09-12 23:00:00    463878000  ***  ***    0.0    0.0    0.0   10.9   10.9   97.3   11.3   10.5   10.6  747.20    2494     2984
2014-09-12 23:20:00    463879200  ***  ***    0.0    0.0    0.0   11.3   11.3   99.6   11.8   11.3   11.3  747.30    2492     3001
2014-09-12 23:40:00    463880400  ***  ***    0.0    0.0    0.0   10.9   10.9  100.0   11.4   10.9   10.9  746.90    2496     2990
2014-09-13 00:00:00    463881600  ***  ***    0.0    0.0    0.0   10.9   10.9   97.7   11.3   10.6   10.7  747.20    2493     2985
2014-09-13 00:20:00    463882800  ***  ***    0.0    0.0    0.0   10.9   10.9   97.0   11.3   10.4   10.6  747.10    2495     2986
2014-09-13 00:40:00    463884000  ***  ***    0.0    0.0    0.0   10.8   10.8   97.6   11.2   10.4   10.5  747.20    2494     2981
2014-09-13 01:00:00    463885200  ***  ***    0.0    0.0    0.0   10.7   10.7   98.5   11.1   10.5   10.6  747.20    2493     2978
2014-09-13 01:20:00    463886400  ***  ***    0.0    0.0    0.0   10.7   10.7  100.0   11.2   10.7   10.7  747.30    2493     2980
2014-09-13 01:40:00    463887600  ***  ***    0.0    0.0    0.0   10.8   10.8  100.0   11.3   10.8   10.8  746.90    2497     2989
2014-09-13 02:00:00    463888800  ***  ***    0.0    0.0    0.0   10.6   10.6  100.0   11.1   10.6   10.6  747.00    2496     2979
2014-09-13 02:20:00    463890000  ***  ***    0.0    0.0    0.0   10.7   10.7  100.0   11.2   10.7   10.7  747.00    2495     2980
2014-09-13 02:40:00    463891200  ***  ***    0.0    0.0    0.0   10.5   10.5  100.0   11.0   10.5   10.5  747.00    2496     2976
2014-09-13 03:00:00    463892400  ***  ***    0.0    0.0    0.0    9.9    9.9  100.0   10.3    9.9    9.9  746.60    2500     2957
2014-09-13 03:20:00    463893600  ***  ***    0.0    0.0    0.0   10.0   10.0  100.0   10.4   10.0   10.0  746.50    2500     2960
2014-09-13 03:40:00    463894800  ***  ***    0.0    0.0    0.0    8.9    8.9  100.0    9.3    8.9    8.9  746.70    2499     2917
