FORMATTED DATE-TIME           DT   MG   TR     WS     CW     HW     TP     WC     RH     HI     DP     WB      BP      AL       DA
YYYY-MM-DD HH:MM:SS            s  Mag True    m/s    m/s    m/s     °C     °C      %     °C     °C     °C     hPa       m        m
----------------------------------------------------------------------------------------------------------------------------------
2014-09-03 10:00:00    463053600  ***  ***    0.6    0.6    0.6   22.4   22.4   36.3   21.2    6.7   12.5  753.90    2423     3268
2014-09-03 10:20:00    463054800  ***  ***    0.8    0.8    0.8   21.6   21.6   33.7   20.4    5.0   11.5  753.90    2422     3237
2014-09-03 10:40:00    463056000  ***  ***    0.7    0.7    0.7   22.2   22.2   35.7   21.0    6.3   12.3  753.90    2423     3261
2014-09-03 11:00:00    463057200  ***  ***    0.0    0.0    0.0   24.7   24.7   30.5   22.9    6.2   13.1  753.80    2424     3345
2014-09-03 11:20:00    463058400  ***  ***    0.7    0.7    0.7   23.9   23.9   36.7   22.6    8.2   13.8  753.80    2424     3323
2014-09-03 11:40:00    463059600  ***  ***    0.8    0.8    0.8   24.8   24.8   28.9   22.9    5.5   12.8  753.70    2424     3346
2014-09-03 12:00:00    463060800  ***  ***    0.4    0.4    0.4   22.5   22.5   37.9   21.4    7.4   12.9  753.40    2428     3281
2014-09-03 12:20:00    463062000  ***  ***    0.0    0.0    0.0   21.5   21.5   38.2   20.6    6.7   12.2  753.40    2428     3245
2014-09-03 12:40:00    463063200  ***  ***    0.0    0.0    0.0   22.0   22.0   34.6   20.9    5.7   12.0  753.10    2430     3263
2014-09-03 13:00:00    463064400  ***  ***    0.8    0.8    0.8   21.3   21.3   38.3   20.3    6.5   12.1  753.10    2430     3241
2014-09-03 13:20:00    463065600  ***  ***    1.0    1.0    1.0   20.6   20.6   44.6   19.5    8.2   12.7  753.00    2433     3228
2014-09-03 13:40:00    463066800  ***  ***    0.4    0.4    0.4   21.1   21.1   41.6   20.2    7.6   12.5  752.80    2435     3245
2014-09-03 14:00:00    463068000  ***  ***    0.0    0.0    0.0   21.0   21.0   42.3   20.0    7.7   12.5  752.60    2437     3244
2014-09-03 14:20:00    463069200  ***  ***    0.0    0.0    0.0   21.7   21.7   36.5   20.7    6.2   12.1  752.40    2439     3263
2014-09-03 14:40:00    463070400  ***  ***    1.1    1.1    1.1   20.2   20.2   41.3   18.8    6.6   11.8  752.20    2440     3216
2014-09-03 15:00:00    463071600  ***  ***    0.0    0.0    0.0   20.7   20.7   39.0   19.5    6.3   11.8  752.10    2442     3236
2014-09-03 15:20:00    463072800  ***  ***    0.0    0.0    0.0   20.5   20.5   46.8   19.5    8.8   12.9  752.20    2441     3237
2014-09-03 15:40:00    463074000  ***  ***    0.8    0.8    0.8   19.2   19.2   49.2   17.7    8.3   12.3  752.00    2443     3193
2014-09-03 16:00:00    463075200  ***  ***    0.0    0.0    0.0   23.0   23.0   44.9   22.2   10.4   14.6  751.70    2445     3330
2014-09-03 16:20:00    463076400  ***  ***    0.0    0.0    0.0   20.9   20.9   45.0   20.1    8.5   12.9  751.50    2447     3254
2014-09-03 16:40:00    463077600  ***  ***    0.5    0.5    0.5   21.2   21.2   41.4   20.3    7.6   12.5  751.40    2448     3262
2014-09-03 17:00:00    463078800  ***  ***    0.4    0.4    0.4   19.5   19.5   46.3   18.0    7.7   12.1  751.60    2446     3206
2014-09-03 17:20:00    463080000  ***  ***    0.0    0.0    0.0   19.4   19.4   49.9   18.0    8.7   12.6  751.70    2445     3206
2014-09-03 17:40:00    463081200  ***  ***    3.1    3.1    3.1   16.8   16.2   55.6   15.4    7.8   11.2  751.80    2445     3114
2014-09-03 18:00:00    463082400  ***  ***    0.0    0.0    0.0   17.3   17.3   43.3   15.3    4.7    9.8  751.90    2443     3118
2014-09-03 18:20:00    463083600  ***  ***    0.7    0.7    0.7   18.2   18.2   43.3   16.1    5.5   10.5  751.40    2449     3158
2014-09-03 18:40:00    463084800  ***  ***    1.6    1.6    1.6   18.3   18.3   42.9   16.2    5.5   10.5  751.50    2447     3159
2014-09-03 19:00:00    463086000  ***  ***    0.4    0.4    0.4   18.0   18.0   44.9   15.9    5.8   10.6  751.70    2446     3148
2014-09-03 19:20:00    463087200  ***  ***    0.6    0.6    0.6   17.1   17.1   49.9   15.4    6.6   10.7  751.80    2444     3120
2014-09-03 19:40:00    463088400  ***  ***    0.7    0.7    0.7   16.5   16.5   52.2   14.9    6.7   10.5  752.00    2443     3099
2014-09-03 20:00:00    463089600  ***  ***    1.0    1.0    1.0   17.1   17.1   48.4   15.3    6.1   10.4  752.00    2443     3116
2014-09-03 20:20:00    463090800  ***  ***    1.1    1.1    1.1   16.7   16.7   50.5   15.0    6.4   10.4  752.50    2438     3097
2014-09-03 20:40:00    463092000  ***  ***    0.5    0.5    0.5   16.6   16.6   51.1   15.0    6.4   10.4  752.50    2437     3092
2014-09-03 21:00:00    463093200  ***  ***    1.2    1.2    1.2   16.8   16.8   48.1   15.0    5.8   10.1  752.70    2435     3095
2014-09-03 21:20:00    463094400  ***  ***    1.1    1.1    1.1   17.9   17.9   42.8   15.7    5.1   10.3  752.60    2436     3130
2014-09-03 21:40:00    463095600  ***  ***    0.0    0.0    0.0   17.6   17.6   45.7   15.6    5.7   10.4  752.60    2436     3123
2014-09-03 22:00:00    463096800  ***  ***    0.0    0.0    0.0   16.8   16.8   48.1   15.0    5.7   10.1  752.50    2438     3098
2014-09-03 22:20:00    463098000  ***  ***    0.0    0.0    0.0   17.0   17.0   47.4   15.2    5.7   10.2  752.30    2439     3106
2014-09-03 22:40:00    463099200  ***  ***    0.8    0.8    0.8   17.0   17.0   45.7   15.1    5.2    9.9  752.20    2440     3107
2014-09-03 23:00:00    463100400  ***  ***    0.6    0.6    0.6   16.8   16.8   47.4   15.0    5.5   10.0  752.00    2442     3103
2014-09-03 23:20:00    463101600  ***  ***    1.1    1.1    1.1   16.6   16.6   47.7   14.8    5.4    9.9  752.20    2440     3094
2014-09-03 23:40:00    463102800  ***  ***    0.6    0.6    0.6   16.1   16.1   49.2   14.5    5.5    9.7  752.10    2442     3081
2014-09-04 00:00:00    463104000  ***  ***    1.5    1.5    1.5   15.6   15.6   54.0   14.2    6.3   10.0  752.20    2441     3063
2014-09-04 00:20:00    463105200  ***  ***    0.7    0.7    0.7   15.8   15.8   53.2   14.4    6.3   10.1  752.10    2442     3074
2014-09-04 00:40:00    463106400  ***  ***    0.6    0.6    0.6   15.8   15.8   53.8   14.4    6.4   10.1  752.00    2443     3074
2014-09-04 01:00:00    463107600  ***  ***    0.5    0.5    0.5   15.1   15.1   56.2   13.8    6.4    9.8  751.80    2445     3053
2014-09-04 01:20:00    463108800  ***  ***    0.0    0.0    0.0   15.8   15.8   52.1   14.3    6.0    9.9  751.70    2445     3074
2014-09-04 01:40:00    463110000  ***  ***    0.7    0.7    0.7   15.6   15.6   51.8   14.1    5.7    9.7  751.70    2445     3067
2014-09-04 02:00:00    463111200  ***  ***    0.5    0.5    0.5   16.7   16.7   46.3   14.8    5.1    9.8  751.70    2445     3101
2014-09-04 02:20:00    463112400  ***  ***    0.0    0.0    0.0   15.6   15.6   51.3   14.1    5.5    9.5  751.60    2447     3068
2014-09-04 02:40:00    463113600  ***  ***    0.0    0.0    0.0   15.5   15.5   48.7   13.8    4.7    9.1  751.70    2446     3063
2014-09-04 03:00:00    463114800  ***  ***    0.0    0.0    0.0   16.3   16.3   44.2   14.4    4.1    9.1  751.60    2447     3088
2014-09-04 03:20:00    463116000  ***  ***    0.0    0.0    0.0   16.3   16.3   44.3   14.4    4.1    9.1  751.60    2447     3088
2014-09-04 03:40:00    463117200  ***  ***    0.0    0.0    0.0   16.8   16.8   43.1   14.8    4.2    9.4  751.60    2447     3106
2014-09-04 04:00:00    463118400  ***  ***    0.7    0.7    0.7   17.1   17.1   42.6   15.0    4.3    9.5  751.40    2448     3117
2014-09-04 04:20:00    463119600  ***  ***    0.4    0.4    0.4   16.8   16.8   43.7   14.8    4.4    9.5  751.40    2448     3107
2014-09-04 04:40:00    463120800  ***  ***    0.0    0.0    0.0   16.6   16.6   44.8   14.6    4.6    9.5  751.40    2449     3104
2014-09-04 05:00:00    463122000  ***  ***    0.6    0.6    0.6   16.4   16.4   46.7   14.6    5.0    9.6  751.40    2449     3097
2014-09-04 05:20:00    463123200  ***  ***    0.4    0.4    0.4   15.8   15.8   51.2   14.3    5.7    9.8  751.70    2445     3074
2014-09-04 05:40:00    463124400  ***  ***    0.4    0.4    0.4   16.1   16.1   49.1   14.5    5.4    9.7  751.60    2446     3084
2014-09-04 06:00:00    463125600  ***  ***    0.4    0.4    0.4   16.1   16.1   48.5   14.4    5.2    9.5  751.60    2447     3085
2014-09-04 06:20:00    463126800  ***  ***    1.2    1.2    1.2   16.6   16.6   43.7   14.6    4.2    9.4  751.60    2447     3099
2014-09-04 06:40:00    463128000  ***  ***    3.0    3.0    3.0   13.0   11.6   63.2   12.2    6.1    8.9  751.90    2443     2978
2014-09-04 07:00:00    463129200  ***  ***    0.0    0.0    0.0   13.5   13.5   60.7   12.6    6.1    9.0  752.10    2441     2994
2014-09-04 07:20:00    463130400  ***  ***    0.0    0.0    0.0   14.5   14.5   57.6   13.3    6.2    9.5  752.20    2441     3027
2014-09-04 07:40:00    463131600  ***  ***    1.6    1.6    1.6   16.2   16.2   48.8   14.6    5.4    9.8  752.10    2442     3083
2014-09-04 08:00:00    463132800  ***  ***    1.6    1.6    1.6   16.3   16.3   50.3   14.6    6.0   10.1  752.10    2442     3088
2014-09-04 08:20:00    463134000  ***  ***    1.3    1.3    1.3   17.3   17.3   50.2   15.5    6.9   10.9  752.20    2441     3124
2014-09-04 08:40:00    463135200  ***  ***    0.9    0.9    0.9   17.7   17.7   46.5   15.7    6.1   10.6  752.20    2441     3134
2014-09-04 09:00:00    463136400  ***  ***    0.0    0.0    0.0   18.7   18.7   43.0   16.7    5.9   10.9  752.40    2438     3162
2014-09-04 09:20:00    463137600  ***  ***    0.0    0.0    0.0   21.2   21.2   39.9   20.2    7.0   12.3  752.50    2438     3247
2014-09-04 09:40:00    463138800  ***  ***    1.0    1.0    1.0   20.3   20.3   39.9   18.9    6.2   11.6  752.70    2435     3213
2014-09-04 10:00:00    463140000  ***  ***    0.0    0.0    0.0   22.1   22.1   43.0   21.4    8.9   13.5  752.70    2435     3281
2014-09-04 10:20:00    463141200  ***  ***    0.0    0.0    0.0   23.1   23.1   42.6   22.2    9.7   14.2  752.90    2434     3316
2014-09-04 10:40:00    463142400  ***  ***    0.0    0.0    0.0   23.2   23.2   41.4   22.2    9.3   14.1  752.90    2433     3314
2014-09-04 11:00:00    463143600  ***  ***    0.7    0.7    0.7   22.1   22.1   44.9   21.4    9.5   13.8  752.60    2436     3284
2014-09-04 11:20:00    463144800  ***  ***    0.0    0.0    0.0   22.2   22.2   44.5   21.5    9.6   13.9  752.70    2435     3288
2014-09-04 11:40:00    463146000  ***  ***    1.5    1.5    1.5   18.8   18.8   50.5   17.2    8.3   12.2  752.70    2436     3171
2014-09-04 12:00:00    463147200  ***  ***    0.0    0.0    0.0   18.6   18.6   54.7   17.2    9.3   12.6  752.70    2435     3166
2014-09-04 12:20:00    463148400  ***  ***    0.0    0.0    0.0   17.1   17.1   64.2   16.1   10.3   12.6  752.60    2436     3124
2014-09-04 12:40:00    463149600  ***  ***    0.0    0.0    0.0   18.1   18.1   68.2   17.3   12.2   14.1  752.50    2438     3167
2014-09-04 13:00:00    463150800  ***  ***    0.0    0.0    0.0   18.2   18.2   61.7   17.0   10.8   13.3  752.30    2439     3167
2014-09-04 13:20:00    463152000  ***  ***    0.0    0.0    0.0   16.8   16.8   65.9   15.9   10.4   12.6  752.50    2438     3115
2014-09-04 13:40:00    463153200  ***  ***    0.7    0.7    0.7   15.8   15.8   74.0   15.3   11.1   12.7  752.40    2438     3085
2014-09-04 14:00:00    463154400  ***  ***    0.0    0.0    0.0   19.0   19.0   62.4   18.1   11.7   14.1  752.00    2442     3199
2014-09-04 14:20:00    463155600  ***  ***    0.0    0.0    0.0   21.5   21.5   53.2   21.3   11.6   14.9  751.50    2448     3289
2014-09-04 14:40:00    463156800  ***  ***    0.5    0.5    0.5   21.5   21.5   51.1   21.2   10.9   14.4  751.50    2448     3284
2014-09-04 15:00:00    463158000  ***  ***    0.4    0.4    0.4   22.4   22.4   49.4   21.9   11.3   14.9  751.30    2451     3320
2014-09-04 15:20:00    463159200  ***  ***    0.0    0.0    0.0   23.2   23.2   53.1   22.8   13.1   16.2  751.40    2449     3352
2014-09-04 15:40:00    463160400  ***  ***    0.0    0.0    0.0   22.4   22.4   44.5   21.6    9.7   14.0  750.90    2454     3318
2014-09-04 16:00:00    463161600  ***  ***    0.0    0.0    0.0   26.2   26.2   36.5   24.8   10.2   15.4  751.20    2452     3439
2014-09-04 16:20:00    463162800  ***  ***    1.5    1.5    1.5   20.8   20.8   53.5   20.2   11.0   14.2  750.80    2454     3270
2014-09-04 16:40:00    463164000  ***  ***    0.0    0.0    0.0   19.4   19.4   58.4   18.5   11.0   13.8  751.10    2453     3222
2014-09-04 17:00:00    463165200  ***  ***    0.0    0.0    0.0   19.8   19.8   54.9   18.9   10.4   13.6  751.10    2453     3232
2014-09-04 17:20:00    463166400  ***  ***    0.0    0.0    0.0   19.5   19.5   55.3   18.5   10.3   13.4  751.30    2451     3221
2014-09-04 17:40:00    463167600  ***  ***    0.0    0.0    0.0   18.3   18.3   56.6   16.9    9.6   12.7  751.20    2451     3178
2014-09-04 18:00:00    463168800  ***  ***    0.0    0.0    0.0   17.6   17.6   57.0   16.2    9.0   12.1  751.60    2447     3147
2014-09-04 18:20:00    463170000  ***  ***    0.7    0.7    0.7   15.3   15.3   70.6   14.7   10.0   11.9  751.70    2446     3076
2014-09-04 18:40:00    463171200  ***  ***    0.7    0.7    0.7   14.8   14.8   69.1   14.1    9.2   11.2  752.00    2443     3050
2014-09-04 19:00:00    463172400  ***  ***    1.2    1.2    1.2   13.1   13.0   76.8   12.8    9.1   10.6  751.80    2444     2993
2014-09-04 19:20:00    463173600  ***  ***    1.4    1.4    1.4   15.1   15.1   61.6   14.1    7.8   10.6  752.00    2443     3056
2014-09-04 19:40:00    463174800  ***  ***    2.7    2.7    2.7   15.0   14.2   61.1   14.0    7.5   10.4  752.50    2438     3043
2014-09-04 20:00:00    463176000  ***  ***    1.5    1.5    1.5   13.9   13.6   67.3   13.2    7.9   10.3  752.90    2434     3003
2014-09-04 20:20:00    463177200  ***  ***    2.3    2.3    2.3   14.5   13.8   65.3   13.7    8.1   10.5  752.90    2433     3024
2014-09-04 20:40:00    463178400  ***  ***    0.0    0.0    0.0   14.3   14.3   65.2   13.5    7.8   10.3  753.20    2429     3010
2014-09-04 21:00:00    463179600  ***  ***    0.7    0.7    0.7   12.4   12.4   80.7   12.3    9.2   10.4  753.40    2427     2950
2014-09-04 21:20:00    463180800  ***  ***    0.0    0.0    0.0   13.2   13.2   73.0   12.7    8.4   10.2  753.30    2429     2975
2014-09-04 21:40:00    463182000  ***  ***    0.0    0.0    0.0   14.6   14.6   65.6   13.8    8.2   10.6  753.20    2429     3022
2014-09-04 22:00:00    463183200  ***  ***    1.1    1.1    1.1   12.7   12.6   80.1   12.5    9.4   10.6  753.60    2426     2959
2014-09-04 22:20:00    463184400  ***  ***    0.0    0.0    0.0   12.3   12.3   84.1   12.3    9.7   10.6  753.60    2426     2948
2014-09-04 22:40:00    463185600  ***  ***    0.6    0.6    0.6   11.6   11.6   94.0   11.9   10.7   11.1  753.70    2425     2926
2014-09-04 23:00:00    463186800  ***  ***    0.8    0.8    0.8   11.8   11.8   91.9   12.1   10.5   11.0  753.70    2424     2931
2014-09-04 23:20:00    463188000  ***  ***    0.0    0.0    0.0   11.6   11.6   93.8   11.9   10.6   11.0  753.80    2424     2923
2014-09-04 23:40:00    463189200  ***  ***    0.0    0.0    0.0   12.6   12.6   81.8   12.5    9.6   10.7  753.80    2424     2955
2014-09-05 00:00:00    463190400  ***  ***    0.0    0.0    0.0   12.1   12.1   87.9   12.2   10.2   10.9  754.00    2422     2936
2014-09-05 00:20:00    463191600  ***  ***    0.0    0.0    0.0   12.9   12.9   78.4   12.6    9.2   10.5  754.10    2420     2957
2014-09-05 00:40:00    463192800  ***  ***    0.5    0.5    0.5   11.9   11.9   84.4   11.9    9.4   10.3  753.80    2424     2930
2014-09-05 01:00:00    463194000  ***  ***    0.8    0.8    0.8   11.8   11.8   84.1   11.8    9.3   10.2  753.80    2424     2926
2014-09-05 01:20:00    463195200  ***  ***    0.7    0.7    0.7   12.4   12.4   81.6   12.3    9.3   10.4  753.60    2426     2949
2014-09-05 01:40:00    463196400  ***  ***    0.6    0.6    0.6   12.5   12.5   82.4   12.4    9.6   10.7  753.70    2424     2951
2014-09-05 02:00:00    463197600  ***  ***    0.7    0.7    0.7   12.3   12.3   83.7   12.3    9.6   10.6  753.70    2425     2945
2014-09-05 02:20:00    463198800  ***  ***    0.6    0.6    0.6   12.3   12.3   83.9   12.3    9.7   10.6  753.60    2426     2947
2014-09-05 02:40:00    463200000  ***  ***    0.9    0.9    0.9   12.8   12.8   79.2   12.6    9.3   10.6  753.90    2423     2957
2014-09-05 03:00:00    463201200  ***  ***    0.0    0.0    0.0   12.4   12.4   82.1   12.3    9.4   10.5  753.40    2427     2949
2014-09-05 03:20:00    463202400  ***  ***    0.4    0.4    0.4   12.4   12.4   82.3   12.3    9.4   10.5  753.50    2427     2949
2014-09-05 03:40:00    463203600  ***  ***    0.0    0.0    0.0   12.4   12.4   80.6   12.2    9.2   10.4  753.60    2426     2949
2014-09-05 04:00:00    463204800  ***  ***    0.0    0.0    0.0   12.7   12.7   77.2   12.4    8.8   10.3  753.50    2427     2957
2014-09-05 04:20:00    463206000  ***  ***    0.5    0.5    0.5   12.3   12.3   78.8   12.1    8.8   10.1  753.50    2427     2946
2014-09-05 04:40:00    463207200  ***  ***    0.0    0.0    0.0   12.1   12.1   80.3   11.9    8.8   10.0  753.60    2426     2935
2014-09-05 05:00:00    463208400  ***  ***    1.2    1.2    1.2   12.6   12.4   78.0   12.3    8.9   10.3  753.60    2426     2953
2014-09-05 05:20:00    463209600  ***  ***    0.0    0.0    0.0   12.4   12.4   79.4   12.2    8.9   10.2  753.70    2424     2942
2014-09-05 05:40:00    463210800  ***  ***    0.8    0.8    0.8   12.8   12.8   73.5   12.4    8.2   10.0  753.70    2424     2955
2014-09-05 06:00:00    463212000  ***  ***    0.5    0.5    0.5   12.2   12.2   77.5   12.0    8.4    9.8  754.00    2422     2932
2014-09-05 06:20:00    463213200  ***  ***    0.5    0.5    0.5   12.3   12.3   79.6   12.1    8.8   10.1  753.90    2423     2939
2014-09-05 06:40:00    463214400  ***  ***    0.0    0.0    0.0   13.0   13.0   77.2   12.7    9.1   10.6  754.00    2421     2961
2014-09-05 07:00:00    463215600  ***  ***    0.0    0.0    0.0   13.7   13.7   74.5   13.3    9.3   10.9  754.10    2420     2985
2014-09-05 07:20:00    463216800  ***  ***    0.0    0.0    0.0   14.0   14.0   75.5   13.6    9.7   11.2  754.30    2419     2996
2014-09-05 07:40:00    463218000  ***  ***    0.0    0.0    0.0   14.5   14.5   73.1   14.0    9.7   11.4  754.20    2420     3013
2014-09-05 08:00:00    463219200  ***  ***    0.0    0.0    0.0   15.4   15.4   65.7   14.6    9.0   11.3  754.30    2419     3039
2014-09-05 08:20:00    463220400  ***  ***    0.0    0.0    0.0   18.1   18.1   63.8   17.1   11.1   13.4  754.30    2419     3139
2014-09-05 08:40:00    463221600  ***  ***    0.0    0.0    0.0   17.1   17.1   70.7   16.4   11.8   13.5  754.70    2415     3105
2014-09-05 09:00:00    463222800  ***  ***    0.4    0.4    0.4   15.6   15.6   75.7   15.2   11.4   12.8  754.60    2416     3053
2014-09-05 09:20:00    463224000  ***  ***    0.0    0.0    0.0   17.8   17.8   69.5   17.1   12.1   13.9  754.70    2414     3125
2014-09-05 09:40:00    463225200  ***  ***    0.3    0.3    0.3   18.0   18.0   73.4   17.5   13.2   14.8  754.80    2413     3136
2014-09-05 10:00:00    463226400  ***  ***    0.0    0.0    0.0   18.9   18.9   74.0   18.5   14.2   15.7  755.10    2411     3168
2014-09-05 10:20:00    463227600  ***  ***    0.0    0.0    0.0   20.0   20.0   67.1   19.7   13.7   15.7  755.10    2411     3202
2014-09-05 10:40:00    463228800  ***  ***    0.0    0.0    0.0   17.9   17.9   70.8   17.2   12.5   14.3  755.10    2410     3125
2014-09-05 11:00:00    463230000  ***  ***    0.0    0.0    0.0   16.9   16.9   74.1   16.4   12.3   13.8  755.30    2409     3093
2014-09-05 11:20:00    463231200  ***  ***    0.0    0.0    0.0   16.2   16.2   76.7   15.8   12.1   13.4  755.10    2411     3070
2014-09-05 11:40:00    463232400  ***  ***    0.7    0.7    0.7   15.5   15.5   80.1   15.3   12.1   13.2  755.20    2409     3042
2014-09-05 12:00:00    463233600  ***  ***    0.5    0.5    0.5   14.6   14.6   86.9   14.7   12.5   13.2  755.30    2409     3016
2014-09-05 12:20:00    463234800  ***  ***    0.0    0.0    0.0   14.5   14.5   90.3   14.8   13.0   13.5  755.20    2410     3015
2014-09-05 12:40:00    463236000  ***  ***    0.0    0.0    0.0   14.8   14.8   88.8   15.0   13.0   13.6  755.00    2411     3027
2014-09-05 13:00:00    463237200  ***  ***    0.5    0.5    0.5   14.6   14.6   89.5   14.8   12.9   13.5  755.20    2410     3018
2014-09-05 13:20:00    463238400  ***  ***    0.0    0.0    0.0   14.9   14.9   88.5   15.1   13.0   13.6  755.10    2411     3030
2014-09-05 13:40:00    463239600  ***  ***    0.0    0.0    0.0   15.3   15.3   89.6   15.5   13.6   14.1  755.00    2411     3050
2014-09-05 14:00:00    463240800  ***  ***    0.4    0.4    0.4   18.1   18.1   73.2   17.6   13.3   14.9  754.80    2414     3142
2014-09-05 14:20:00    463242000  ***  ***    0.0    0.0    0.0   17.4   17.4   74.7   16.9   12.8   14.3  754.40    2418     3121
2014-09-05 14:40:00    463243200  ***  ***    0.0    0.0    0.0   17.5   17.5   74.0   17.0   12.8   14.3  754.20    2420     3126
2014-09-05 15:00:00    463244400  ***  ***    0.0    0.0    0.0   16.5   16.5   80.6   16.3   13.2   14.3  754.00    2422     3100
2014-09-05 15:20:00    463245600  ***  ***    0.0    0.0    0.0   17.1   17.1   78.3   16.8   13.3   14.5  754.10    2421     3118
2014-09-05 15:40:00    463246800  ***  ***    0.0    0.0    0.0   17.5   17.5   69.1   16.7   11.8   13.6  754.10    2420     3124
2014-09-05 16:00:00    463248000  ***  ***    0.0    0.0    0.0   17.0   17.0   81.5   16.9   13.8   14.8  754.10    2420     3115
2014-09-05 16:20:00    463249200  ***  ***    0.0    0.0    0.0   21.3   21.3   62.9   21.3   14.0   16.2  753.90    2423     3264
2014-09-05 16:40:00    463250400  ***  ***    0.0    0.0    0.0   17.9   17.9   78.3   17.6   14.1   15.3  754.20    2420     3146
2014-09-05 17:00:00    463251600  ***  ***    0.0    0.0    0.0   18.1   18.1   71.2   17.4   12.8   14.5  754.20    2420     3145
2014-09-05 17:20:00    463252800  ***  ***    0.0    0.0    0.0   17.0   17.0   72.4   16.4   12.1   13.7  754.10    2421     3109
2014-09-05 17:40:00    463254000  ***  ***    0.0    0.0    0.0   15.8   15.8   78.3   15.5   12.0   13.2  754.30    2419     3065
2014-09-05 18:00:00    463255200  ***  ***    0.5    0.5    0.5   15.4   15.4   81.1   15.3   12.2   13.2  754.50    2417     3050
2014-09-05 18:20:00    463256400  ***  ***    0.0    0.0    0.0   15.1   15.1   76.2   14.7   10.9   12.3  754.40    2418     3035
2014-09-05 18:40:00    463257600  ***  ***    0.0    0.0    0.0   15.5   15.5   65.9   14.7    9.2   11.4  754.70    2414     3038
2014-09-05 19:00:00    463258800  ***  ***    0.4    0.4    0.4   15.1   15.1   70.3   14.5    9.7   11.6  754.80    2414     3025
2014-09-05 19:20:00    463260000  ***  ***    0.0    0.0    0.0   14.8   14.8   74.6   14.3   10.4   12.0  755.10    2410     3015
2014-09-05 19:40:00    463261200  ***  ***    0.0    0.0    0.0   14.4   14.4   75.4   14.0   10.1   11.6  755.10    2411     3001
2014-09-05 20:00:00    463262400  ***  ***    0.0    0.0    0.0   14.9   14.9   70.8   14.3    9.6   11.5  755.40    2408     3011
2014-09-05 20:20:00    463263600  ***  ***    0.0    0.0    0.0   14.7   14.7   69.0   14.0    9.1   11.2  755.70    2404     2998
2014-09-05 20:40:00    463264800  ***  ***    0.8    0.8    0.8   14.9   14.9   71.0   14.3    9.7   11.5  755.90    2402     3005
2014-09-05 21:00:00    463266000  ***  ***    0.8    0.8    0.8   14.8   14.8   74.7   14.3   10.3   11.9  755.70    2403     3005
2014-09-05 21:20:00    463267200  ***  ***    0.6    0.6    0.6   15.4   15.4   72.8   14.8   10.6   12.3  756.00    2401     3025
2014-09-05 21:40:00    463268400  ***  ***    0.7    0.7    0.7   15.4   15.4   73.8   14.9   10.7   12.4  756.20    2398     3020
2014-09-05 22:00:00    463269600  ***  ***    1.0    1.0    1.0   14.9   14.9   74.5   14.4   10.4   12.0  756.20    2399     3003
2014-09-05 22:20:00    463270800  ***  ***    1.3    1.3    1.3   14.7   14.7   73.5   14.2   10.0   11.7  756.10    2400     2997
2014-09-05 22:40:00    463272000  ***  ***    2.2    2.2    2.2   14.9   14.3   79.4   14.7   11.4   12.6  756.00    2401     3010
2014-09-05 23:00:00    463273200  ***  ***    0.6    0.6    0.6   14.5   14.5   82.4   14.4   11.6   12.6  755.90    2401     2999
2014-09-05 23:20:00    463274400  ***  ***    1.2    1.2    1.2   14.8   14.8   82.1   14.7   11.7   12.8  756.10    2399     3005
2014-09-05 23:40:00    463275600  ***  ***    0.7    0.7    0.7   15.1   15.1   79.6   14.9   11.6   12.8  756.00    2401     3020
2014-09-06 00:00:00    463276800  ***  ***    1.6    1.6    1.6   14.7   14.5   81.9   14.6   11.6   12.7  755.90    2401     3005
2014-09-06 00:20:00    463278000  ***  ***    1.4    1.4    1.4   14.7   14.7   79.7   14.5   11.2   12.4  755.70    2404     3008
2014-09-06 00:40:00    463279200  ***  ***    1.9    1.9    1.9   14.2   13.6   82.4   14.1   11.2   12.2  755.80    2403     2988
2014-09-06 01:00:00    463280400  ***  ***    1.3    1.3    1.3   14.0   13.9   81.2   13.9   10.8   12.0  755.70    2403     2981
2014-09-06 01:20:00    463281600  ***  ***    1.7    1.7    1.7   14.3   13.9   79.1   14.1   10.7   12.0  755.70    2404     2992
2014-09-06 01:40:00    463282800  ***  ***    1.7    1.7    1.7   14.4   14.0   78.2   14.1   10.6   12.0  755.60    2405     2995
2014-09-06 02:00:00    463284000  ***  ***    2.4    2.4    2.4   14.2   13.3   79.4   14.0   10.7   12.0  755.70    2403     2988
2014-09-06 02:20:00    463285200  ***  ***    1.9    1.9    1.9   14.3   13.7   80.1   14.1   10.9   12.1  755.60    2405     2993
2014-09-06 02:40:00    463286400  ***  ***    2.0    2.0    2.0   13.9   13.2   83.0   13.9   11.0   12.0  755.60    2405     2980
2014-09-06 03:00:00    463287600  ***  ***    1.1    1.1    1.1   14.1   14.1   80.9   14.0   10.9   12.0  755.40    2408     2989
2014-09-06 03:20:00    463288800  ***  ***    1.6    1.6    1.6   13.8   13.4   82.0   13.7   10.8   11.9  755.30    2409     2980
2014-09-06 03:40:00    463290000  ***  ***    0.9    0.9    0.9   13.3   13.3   88.4   13.5   11.5   12.1  755.20    2410     2968
2014-09-06 04:00:00    463291200  ***  ***    1.7    1.7    1.7   13.5   13.0   90.5   13.7   12.0   12.5  755.40    2408     2973
2014-09-06 04:20:00    463292400  ***  ***    1.5    1.5    1.5   13.3   12.9   93.0   13.6   12.2   12.6  755.20    2409     2971
2014-09-06 04:40:00    463293600  ***  ***    2.0    2.0    2.0   13.5   12.7   95.1   13.9   12.7   13.0  755.40    2408     2977
2014-09-06 05:00:00    463294800  ***  ***    3.1    3.1    3.1   13.5   12.1   97.1   14.0   13.0   13.2  755.30    2409     2980
2014-09-06 05:20:00    463296000  ***  ***    1.9    1.9    1.9   13.4   12.7   98.6   13.9   13.1   13.2  755.40    2408     2975
2014-09-06 05:40:00    463297200  ***  ***    2.3    2.3    2.3   13.3   12.3   99.2   13.8   13.2   13.2  755.50    2406     2971
2014-09-06 06:00:00    463298400  ***  ***    1.7    1.7    1.7   13.3   12.7   99.8   13.9   13.3   13.3  755.50    2405     2971
2014-09-06 06:20:00    463299600  ***  ***    0.9    0.9    0.9   13.3   13.3  100.0   13.9   13.3   13.3  755.50    2406     2972
2014-09-06 06:40:00    463300800  ***  ***    0.0    0.0    0.0   13.5   13.5  100.0   14.1   13.5   13.5  755.70    2403     2974
2014-09-06 07:00:00    463302000  ***  ***    2.9    2.9    2.9   13.4   12.1  100.0   14.0   13.4   13.4  755.90    2402     2972
2014-09-06 07:20:00    463303200  ***  ***    3.1    3.1    3.1   13.5   12.1  100.0   14.1   13.5   13.5  756.00    2401     2973
2014-09-06 07:40:00    463304400  ***  ***    2.5    2.5    2.5   13.7   12.7  100.0   14.3   13.7   13.7  755.90    2402     2984
2014-09-06 08:00:00    463305600  ***  ***    1.9    1.9    1.9   13.9   13.3  100.0   14.5   13.9   13.9  756.10    2400     2986
2014-09-06 08:20:00    463306800  ***  ***    2.1    2.1    2.1   13.9   13.1  100.0   14.5   13.9   13.9  756.10    2399     2988
2014-09-06 08:40:00    463308000  ***  ***    3.1    3.1    3.1   13.8   12.5  100.0   14.4   13.8   13.8  756.20    2398     2981
2014-09-06 09:00:00    463309200  ***  ***    2.2    2.2    2.2   13.9   13.1  100.0   14.5   13.9   13.9  756.30    2398     2984
2014-09-06 09:20:00    463310400  ***  ***    3.6    3.6    3.6   13.9   12.4  100.0   14.5   13.9   13.9  756.40    2397     2985
2014-09-06 09:40:00    463311600  ***  ***    1.9    1.9    1.9   14.2   13.6  100.0   14.8   14.2   14.2  756.50    2396     2995
2014-09-06 10:00:00    463312800  ***  ***    2.2    2.2    2.2   14.6   13.9  100.0   15.3   14.6   14.6  756.50    2396     3009
2014-09-06 10:20:00    463314000  ***  ***    1.5    1.5    1.5   14.7   14.6  100.0   15.4   14.7   14.7  756.30    2398     3018
2014-09-06 10:40:00    463315200  ***  ***    0.6    0.6    0.6   15.1   15.1  100.0   15.8   15.1   15.1  756.50    2396     3031
2014-09-06 11:00:00    463316400  ***  ***    0.7    0.7    0.7   14.2   14.2  100.0   14.8   14.2   14.2  756.30    2397     2997
2014-09-06 11:20:00    463317600  ***  ***    0.9    0.9    0.9   14.3   14.3  100.0   15.0   14.3   14.3  756.30    2397     3000
2014-09-06 11:40:00    463318800  ***  ***    0.0    0.0    0.0   14.3   14.3  100.0   15.0   14.3   14.3  756.20    2399     3001
2014-09-06 12:00:00    463320000  ***  ***    0.0    0.0    0.0   14.1   14.1  100.0   14.7   14.1   14.1  756.20    2399     2996
2014-09-06 12:20:00    463321200  ***  ***    0.4    0.4    0.4   13.9   13.9  100.0   14.5   13.9   13.9  755.90    2402     2990
2014-09-06 12:40:00    463322400  ***  ***    0.5    0.5    0.5   13.8   13.8  100.0   14.4   13.8   13.8  755.90    2402     2986
2014-09-06 13:00:00    463323600  ***  ***    0.4    0.4    0.4   13.6   13.6  100.0   14.2   13.6   13.6  755.70    2404     2981
2014-09-06 13:20:00    463324800  ***  ***    0.5    0.5    0.5   13.5   13.5  100.0   14.1   13.5   13.5  755.80    2402     2975
2014-09-06 13:40:00    463326000  ***  ***    1.4    1.4    1.4   13.6   13.4  100.0   14.2   13.6   13.6  755.50    2406     2983
2014-09-06 14:00:00    463327200  ***  ***    1.9    1.9    1.9   13.7   13.0  100.0   14.3   13.7   13.7  755.50    2406     2989
2014-09-06 14:20:00    463328400  ***  ***    1.6    1.6    1.6   14.0   13.7  100.0   14.6   14.0   14.0  755.20    2409     3003
2014-09-06 14:40:00    463329600  ***  ***    2.1    2.1    2.1   14.1   13.4  100.0   14.7   14.1   14.1  755.10    2410     3006
2014-09-06 15:00:00    463330800  ***  ***    1.8    1.8    1.8   14.1   13.6  100.0   14.7   14.1   14.1  754.70    2414     3012
2014-09-06 15:20:00    463332000  ***  ***    2.4    2.4    2.4   14.1   13.2  100.0   14.7   14.1   14.1  754.70    2414     3012
2014-09-06 15:40:00    463333200  ***  ***    2.1    2.1    2.1   14.2   13.5  100.0   14.8   14.2   14.2  754.70    2415     3018
2014-09-06 16:00:00    463334400  ***  ***    0.8    0.8    0.8   14.3   14.3  100.0   15.0   14.3   14.3  754.60    2416     3022
2014-09-06 16:20:00    463335600  ***  ***    1.1    1.1    1.1   14.3   14.3  100.0   15.0   14.3   14.3  754.50    2417     3025
2014-09-06 16:40:00    463336800  ***  ***    1.2    1.2    1.2   14.2   14.2  100.0   14.8   14.2   14.2  754.30    2418     3022
2014-09-06 17:00:00    463338000  ***  ***    0.9    0.9    0.9   14.2   14.2  100.0   14.8   14.2   14.2  754.60    2416     3019
2014-09-06 17:20:00    463339200  ***  ***    0.7    0.7    0.7   14.2   14.2  100.0   14.8   14.2   14.2  754.40    2417     3020
2014-09-06 17:40:00    463340400  ***  ***    0.0    0.0    0.0   14.0   14.0  100.0   14.6   14.0   14.0  754.20    2419     3016
2014-09-06 18:00:00    463341600  ***  ***    0.4    0.4    0.4   13.8   13.8  100.0   14.4   13.8   13.8  754.40    2418     3007
2014-09-06 18:20:00    463342800  ***  ***    0.5    0.5    0.5   13.6   13.6  100.0   14.2   13.6   13.6  754.30    2418     2998
2014-09-06 18:40:00    463344000  ***  ***    1.0    1.0    1.0   13.8   13.8  100.0   14.4   13.8   13.8  754.60    2415     3001
2014-09-06 19:00:00    463345200  ***  ***    2.0    2.0    2.0   14.0   13.3   99.7   14.6   13.9   13.9  754.40    2417     3011
2014-09-06 19:20:00    463346400  ***  ***    0.7    0.7    0.7   13.7   13.7  100.0   14.3   13.7   13.7  754.90    2413     2994
2014-09-06 19:40:00    463347600  ***  ***    0.4    0.4    0.4   13.8   13.8  100.0   14.4   13.8   13.8  755.20    2410     2996
2014-09-06 20:00:00    463348800  ***  ***    1.5    1.5    1.5   13.8   13.5  100.0   14.4   13.8   13.8  755.50    2406     2992
2014-09-06 20:20:00    463350000  ***  ***    2.7    2.7    2.7   13.9   12.8  100.0   14.5   13.9   13.9  755.50    2406     2995
2014-09-06 20:40:00    463351200  ***  ***    1.3    1.3    1.3   13.8   13.7  100.0   14.4   13.8   13.8  755.70    2403     2988
2014-09-06 21:00:00    463352400  ***  ***    1.4    1.4    1.4   13.5   13.3  100.0   14.1   13.5   13.5  755.70    2404     2979
2014-09-06 21:20:00    463353600  ***  ***    0.6    0.6    0.6   13.5   13.5  100.0   14.1   13.5   13.5  755.70    2403     2974
2014-09-06 21:40:00    463354800  ***  ***    1.0    1.0    1.0   13.3   13.3  100.0   13.9   13.3   13.3  755.80    2403     2970
2014-09-06 22:00:00    463356000  ***  ***    0.8    0.8    0.8   13.2   13.2   97.6   13.7   12.9   13.0  755.50    2406     2968
2014-09-06 22:20:00    463357200  ***  ***    1.2    1.2    1.2   13.3   13.2   98.0   13.8   12.9   13.0  755.60    2405     2968
2014-09-06 22:40:00    463358400  ***  ***    1.6    1.6    1.6   13.3   12.8   98.7   13.8   13.1   13.2  755.60    2405     2969
2014-09-06 23:00:00    463359600  ***  ***    1.0    1.0    1.0   13.0   13.0   99.8   13.6   13.0   13.0  755.50    2406     2962
2014-09-06 23:20:00    463360800  ***  ***    0.7    0.7    0.7   12.9   12.9  100.0   13.5   12.9   12.9  755.20    2409     2960
2014-09-06 23:40:00    463362000  ***  ***    1.0    1.0    1.0   12.7   12.7  100.0   13.3   12.7   12.7  755.20    2409     2953
2014-09-07 00:00:00    463363200  ***  ***    0.5    0.5    0.5   12.7   12.7  100.0   13.3   12.7   12.7  755.30    2409     2949
2014-09-07 00:20:00    463364400  ***  ***    0.6    0.6    0.6   12.5   12.5  100.0   13.1   12.5   12.5  755.10    2411     2948
2014-09-07 00:40:00    463365600  ***  ***    1.5    1.5    1.5   12.5   12.0  100.0   13.1   12.5   12.5  755.00    2411     2947
2014-09-07 01:00:00    463366800  ***  ***    3.6    3.6    3.6   12.3   10.4  100.0   12.9   12.3   12.3  754.80    2414     2941
2014-09-07 01:20:00    463368000  ***  ***    0.7    0.7    0.7   12.2   12.2  100.0   12.8   12.2   12.2  754.30    2418     2942
2014-09-07 01:40:00    463369200  ***  ***    2.2    2.2    2.2   12.2   11.0   99.2   12.7   12.1   12.1  754.50    2417     2940
2014-09-07 02:00:00    463370400  ***  ***    1.1    1.1    1.1   12.0   11.8   99.2   12.5   11.8   11.9  754.50    2417     2932
2014-09-07 02:20:00    463371600  ***  ***    1.8    1.8    1.8   11.9   11.0   99.8   12.4   11.8   11.8  754.50    2417     2930
2014-09-07 02:40:00    463372800  ***  ***    1.3    1.3    1.3   11.5   11.0  100.0   12.0   11.5   11.5  754.20    2419     2918
2014-09-07 03:00:00    463374000  ***  ***    1.3    1.3    1.3   11.5   11.0  100.0   12.0   11.5   11.5  754.10    2421     2919
2014-09-07 03:20:00    463375200  ***  ***    2.2    2.2    2.2   11.5   10.2  100.0   12.0   11.5   11.5  754.10    2421     2920
2014-09-07 03:40:00    463376400  ***  ***    0.8    0.8    0.8   11.5   11.5  100.0   12.0   11.5   11.5  754.00    2422     2921
2014-09-07 04:00:00    463377600  ***  ***    2.4    2.4    2.4   11.6   10.2  100.0   12.1   11.6   11.6  753.90    2422     2925
2014-09-07 04:20:00    463378800  ***  ***    2.8    2.8    2.8   11.7   10.1  100.0   12.2   11.7   11.7  754.00    2422     2929
2014-09-07 04:40:00    463380000  ***  ***    1.5    1.5    1.5   11.5   10.8  100.0   12.0   11.5   11.5  753.80    2423     2922
2014-09-07 05:00:00    463381200  ***  ***    1.5    1.5    1.5   11.4   10.7  100.0   11.9   11.4   11.4  754.10    2421     2918
2014-09-07 05:20:00    463382400  ***  ***    1.6    1.6    1.6   11.4   10.6  100.0   11.9   11.4   11.4  754.10    2420     2916
2014-09-07 05:40:00    463383600  ***  ***    2.8    2.8    2.8   11.4    9.7  100.0   11.9   11.4   11.4  754.20    2420     2917
2014-09-07 06:00:00    463384800  ***  ***    3.0    3.0    3.0   11.4    9.6  100.0   11.9   11.4   11.4  754.10    2420     2916
2014-09-07 06:20:00    463386000  ***  ***    2.2    2.2    2.2   11.6   10.3  100.0   12.1   11.6   11.6  754.30    2419     2921
2014-09-07 06:40:00    463387200  ***  ***    1.4    1.4    1.4   11.8   11.3  100.0   12.3   11.8   11.8  754.40    2418     2929
2014-09-07 07:00:00    463388400  ***  ***    1.4    1.4    1.4   11.7   11.2  100.0   12.2   11.7   11.7  754.50    2417     2924
2014-09-07 07:20:00    463389600  ***  ***    1.3    1.3    1.3   11.7   11.3  100.0   12.2   11.7   11.7  754.90    2413     2919
2014-09-07 07:40:00    463390800  ***  ***    1.2    1.2    1.2   11.8   11.5  100.0   12.3   11.8   11.8  754.70    2414     2923
2014-09-07 08:00:00    463392000  ***  ***    0.5    0.5    0.5   12.1   12.1  100.0   12.6   12.1   12.1  754.90    2413     2934
2014-09-07 08:20:00    463393200  ***  ***    2.9    2.9    2.9   11.9   10.3  100.0   12.4   11.9   11.9  754.70    2414     2927
2014-09-07 08:40:00    463394400  ***  ***    1.3    1.3    1.3   12.1   11.7  100.0   12.6   12.1   12.1  755.10    2411     2930
2014-09-07 09:00:00    463395600  ***  ***    1.0    1.0    1.0   12.4   12.4  100.0   13.0   12.4   12.4  755.10    2411     2941
2014-09-07 09:20:00    463396800  ***  ***    0.0    0.0    0.0   12.7   12.7  100.0   13.3   12.7   12.7  755.40    2408     2949
2014-09-07 09:40:00    463398000  ***  ***    0.6    0.6    0.6   13.4   13.4  100.0   14.0   13.4   13.4  755.50    2406     2976
2014-09-07 10:00:00    463399200  ***  ***    1.7    1.7    1.7   12.5   11.8  100.0   13.1   12.5   12.5  755.70    2403     2937
2014-09-07 10:20:00    463400400  ***  ***    0.8    0.8    0.8   12.8   12.8  100.0   13.4   12.8   12.8  755.70    2404     2949
2014-09-07 10:40:00    463401600  ***  ***    0.6    0.6    0.6   13.3   13.3  100.0   13.9   13.3   13.3  755.60    2404     2971
2014-09-07 11:00:00    463402800  ***  ***    0.7    0.7    0.7   13.3   13.3  100.0   13.9   13.3   13.3  755.70    2403     2967
2014-09-07 11:20:00    463404000  ***  ***    0.8    0.8    0.8   13.2   13.2  100.0   13.8   13.2   13.2  755.70    2403     2965
2014-09-07 11:40:00    463405200  ***  ***    0.0    0.0    0.0   13.2   13.2  100.0   13.8   13.2   13.2  755.50    2405     2966
2014-09-07 12:00:00    463406400  ***  ***    1.5    1.5    1.5   12.9   12.5  100.0   13.5   12.9   12.9  755.40    2406     2955
2014-09-07 12:20:00    463407600  ***  ***    0.0    0.0    0.0   13.3   13.3  100.0   13.9   13.3   13.3  755.40    2406     2972
2014-09-07 12:40:00    463408800  ***  ***    0.5    0.5    0.5   13.2   13.2  100.0   13.8   13.2   13.2  755.10    2411     2973
2014-09-07 13:00:00    463410000  ***  ***    0.7    0.7    0.7   14.2   14.2  100.0   14.8   14.2   14.2  755.20    2409     3010
2014-09-07 13:20:00    463411200  ***  ***    1.1    1.1    1.1   13.6   13.6  100.0   14.2   13.6   13.6  754.70    2414     2993
2014-09-07 13:40:00    463412400  ***  ***    0.0    0.0    0.0   14.8   14.8  100.0   15.5   14.8   14.8  754.70    2415     3040
2014-09-07 14:00:00    463413600  ***  ***    1.1    1.1    1.1   15.1   15.1   96.9   15.6   14.7   14.8  754.40    2417     3054
2014-09-07 14:20:00    463414800  ***  ***    0.0    0.0    0.0   15.8   15.8   91.8   16.1   14.5   14.9  754.10    2420     3081
2014-09-07 14:40:00    463416000  ***  ***    1.0    1.0    1.0   14.2   14.2   99.5   14.8   14.1   14.1  754.00    2422     3025
2014-09-07 15:00:00    463417200  ***  ***    0.0    0.0    0.0   13.9   13.9   99.7   14.5   13.9   13.9  753.70    2424     3019
2014-09-07 15:20:00    463418400  ***  ***    0.6    0.6    0.6   14.3   14.3   97.8   14.9   14.0   14.1  753.70    2424     3032
2014-09-07 15:40:00    463419600  ***  ***    0.8    0.8    0.7   14.0   14.0   99.6   14.6   13.9   13.9  753.60    2425     3021
2014-09-07 16:00:00    463420800  ***  ***    0.0    0.0    0.0   14.2   14.2   98.2   14.8   13.9   14.0  753.30    2428     3033
2014-09-07 16:20:00    463422000  ***  ***    0.5    0.5    0.5   13.9   13.9   99.8   14.5   13.9   13.9  753.40    2428     3023
2014-09-07 16:40:00    463423200  ***  ***    0.0    0.0    0.0   13.8   13.8  100.0   14.4   13.8   13.8  753.40    2428     3018
2014-09-07 17:00:00    463424400  ***  ***    0.0    0.0    0.0   14.2   14.2   99.1   14.8   14.1   14.1  753.30    2429     3036
2014-09-07 17:20:00    463425600  ***  ***    0.8    0.8    0.8   13.8   13.8  100.0   14.4   13.8   13.8  753.50    2427     3018
2014-09-07 17:40:00    463426800  ***  ***    0.8    0.8    0.8   13.6   13.6  100.0   14.2   13.6   13.6  753.60    2425     3007
2014-09-07 18:00:00    463428000  ***  ***    1.2    1.2    1.2   13.1   13.0  100.0   13.7   13.1   13.1  753.50    2427     2992
2014-09-07 18:20:00    463429200  ***  ***    1.1    1.1    1.1   13.3   13.3  100.0   13.9   13.3   13.3  753.40    2428     3000
2014-09-07 18:40:00    463430400  ***  ***    0.9    0.9    0.9   13.3   13.3  100.0   13.9   13.3   13.3  753.70    2425     2995
2014-09-07 19:00:00    463431600  ***  ***    1.1    1.1    1.1   13.2   13.2  100.0   13.8   13.2   13.2  753.70    2425     2990
2014-09-07 19:20:00    463432800  ***  ***    1.3    1.3    1.3   12.5   12.2  100.0   13.1   12.5   12.5  753.90    2423     2963
2014-09-07 19:40:00    463434000  ***  ***    1.3    1.3    1.3   12.4   12.1  100.0   13.0   12.4   12.4  753.90    2423     2956
2014-09-07 20:00:00    463435200  ***  ***    0.9    0.9    0.9   12.5   12.5  100.0   13.1   12.5   12.5  754.20    2420     2959
2014-09-07 20:20:00    463436400  ***  ***    1.2    1.2    1.2   12.1   11.8   98.1   12.6   11.8   11.9  754.40    2418     2939
2014-09-07 20:40:00    463437600  ***  ***    1.2    1.2    1.2   12.0   11.7  100.0   12.5   12.0   12.0  754.40    2417     2936
2014-09-07 21:00:00    463438800  ***  ***    1.3    1.3    1.3   12.4   12.1  100.0   13.0   12.4   12.4  754.60    2416     2950
2014-09-07 21:20:00    463440000  ***  ***    1.1    1.1    1.1   12.2   12.0  100.0   12.8   12.2   12.2  754.60    2416     2939
2014-09-07 21:40:00    463441200  ***  ***    1.1    1.1    1.1   12.1   11.9  100.0   12.6   12.1   12.1  754.70    2415     2936
2014-09-07 22:00:00    463442400  ***  ***    0.5    0.5    0.5   12.4   12.4   97.3   12.8   12.0   12.1  754.70    2414     2945
2014-09-07 22:20:00    463443600  ***  ***    0.7    0.7    0.7   12.6   12.6   92.0   12.9   11.3   11.8  754.70    2415     2949
2014-09-07 22:40:00    463444800  ***  ***    0.5    0.5    0.5   13.1   13.1   87.3   13.2   11.1   11.8  754.80    2413     2962
2014-09-07 23:00:00    463446000  ***  ***    0.9    0.9    0.9   12.6   12.6   92.3   12.9   11.4   11.9  754.60    2416     2951
2014-09-07 23:20:00    463447200  ***  ***    0.5    0.5    0.5   13.1   13.1   88.1   13.2   11.2   11.9  754.50    2417     2968
2014-09-07 23:40:00    463448400  ***  ***    0.5    0.5    0.5   13.0   13.0   89.1   13.2   11.2   11.8  754.50    2416     2963
2014-09-08 00:00:00    463449600  ***  ***    0.0    0.0    0.0   13.4   13.4   86.9   13.5   11.3   12.0  754.50    2417     2980
2014-09-08 00:20:00    463450800  ***  ***    0.0    0.0    0.0   13.5   13.5   88.1   13.6   11.6   12.3  754.20    2419     2986
2014-09-08 00:40:00    463452000  ***  ***    0.7    0.7    0.7   12.9   12.9   92.3   13.2   11.7   12.2  754.30    2418     2964
2014-09-08 01:00:00    463453200  ***  ***    0.6    0.6    0.6   12.7   12.7   93.8   13.1   11.7   12.1  754.30    2418     2959
2014-09-08 01:20:00    463454400  ***  ***    0.6    0.6    0.6   13.0   13.0   88.6   13.2   11.1   11.8  754.00    2421     2970
2014-09-08 01:40:00    463455600  ***  ***    0.7    0.7    0.7   12.6   12.6   90.4   12.8   11.0   11.5  753.80    2424     2959
2014-09-08 02:00:00    463456800  ***  ***    0.7    0.7    0.7   12.6   12.6   90.9   12.8   11.2   11.7  753.90    2423     2960
2014-09-08 02:20:00    463458000  ***  ***    0.6    0.6    0.6   12.4   12.4   91.7   12.6   11.1   11.5  753.70    2424     2955
2014-09-08 02:40:00    463459200  ***  ***    0.6    0.6    0.6   12.3   12.3   93.7   12.6   11.3   11.6  753.60    2426     2952
2014-09-08 03:00:00    463460400  ***  ***    0.6    0.6    0.6   12.2   12.2   94.6   12.6   11.4   11.7  753.20    2429     2954
2014-09-08 03:20:00    463461600  ***  ***    0.7    0.7    0.7   12.1   12.1   95.1   12.4   11.4   11.6  753.20    2430     2953
2014-09-08 03:40:00    463462800  ***  ***    0.0    0.0    0.0   12.1   12.1   95.4   12.4   11.4   11.6  753.00    2432     2953
2014-09-08 04:00:00    463464000  ***  ***    0.0    0.0    0.0   12.0   12.0   95.2   12.3   11.3   11.5  753.00    2433     2951
2014-09-08 04:20:00    463465200  ***  ***    0.0    0.0    0.0   11.9   11.9  100.0   12.4   11.9   11.9  753.20    2430     2948
2014-09-08 04:40:00    463466400  ***  ***    0.0    0.0    0.0   11.6   11.6  100.0   12.1   11.6   11.6  753.20    2430     2936
2014-09-08 05:00:00    463467600  ***  ***    0.0    0.0    0.0   11.3   11.3  100.0   11.8   11.3   11.3  753.30    2429     2924
2014-09-08 05:20:00    463468800  ***  ***    0.0    0.0    0.0   11.4   11.4  100.0   11.9   11.4   11.4  753.40    2427     2924
2014-09-08 05:40:00    463470000  ***  ***    0.6    0.6    0.6   11.6   11.6  100.0   12.1   11.6   11.6  753.40    2428     2935
2014-09-08 06:00:00    463471200  ***  ***    0.0    0.0    0.0   11.5   11.5  100.0   12.0   11.5   11.5  753.50    2426     2926
2014-09-08 06:20:00    463472400  ***  ***    0.0    0.0    0.0   13.5   13.5  100.0   14.1   13.5   13.5  753.70    2425     3003
2014-09-08 06:40:00    463473600  ***  ***    0.0    0.0    0.0   14.9   14.9   84.9   14.9   12.3   13.1  753.70    2424     3042
2014-09-08 07:00:00    463474800  ***  ***    0.0    0.0    0.0   13.9   13.9   98.6   14.5   13.6   13.7  753.60    2426     3018
2014-09-08 07:20:00    463476000  ***  ***    0.6    0.6    0.6   13.5   13.5   96.8   14.0   13.0   13.2  753.70    2424     3000
2014-09-08 07:40:00    463477200  ***  ***    0.0    0.0    0.0   16.5   16.5   83.1   16.5   13.6   14.5  753.80    2423     3102
2014-09-08 08:00:00    463478400  ***  ***    0.0    0.0    0.0   17.4   17.4   79.6   17.2   13.8   14.9  753.90    2423     3134
2014-09-08 08:20:00    463479600  ***  ***    0.6    0.6    0.6   16.5   16.5   85.1   16.5   14.0   14.8  753.70    2424     3106
2014-09-08 08:40:00    463480800  ***  ***    0.6    0.6    0.6   16.1   16.1   90.6   16.4   14.6   15.0  754.10    2421     3093
2014-09-08 09:00:00    463482000  ***  ***    0.0    0.0    0.0   16.1   16.1   86.6   16.2   13.9   14.6  754.30    2419     3085
2014-09-08 09:20:00    463483200  ***  ***    0.0    0.0    0.0   14.8   14.8   93.9   15.2   13.9   14.2  754.50    2416     3039
2014-09-08 09:40:00    463484400  ***  ***    0.8    0.8    0.8   14.7   14.7   95.1   15.1   14.0   14.2  754.60    2416     3035
2014-09-08 10:00:00    463485600  ***  ***    0.0    0.0    0.0   14.7   14.7   92.9   15.1   13.6   14.0  754.50    2416     3033
2014-09-08 10:20:00    463486800  ***  ***    0.0    0.0    0.0   14.4   14.4   95.1   14.8   13.6   13.9  754.70    2415     3021
2014-09-08 10:40:00    463488000  ***  ***    0.0    0.0    0.0   14.0   14.0   99.5   14.6   13.9   13.9  754.60    2416     3011
2014-09-08 11:00:00    463489200  ***  ***    0.0    0.0    0.0   14.4   14.4   99.9   15.1   14.4   14.4  754.50    2417     3028
2014-09-08 11:20:00    463490400  ***  ***    0.0    0.0    0.0   14.2   14.2  100.0   14.8   14.2   14.2  754.40    2418     3020
2014-09-08 11:40:00    463491600  ***  ***    0.0    0.0    0.0   14.2   14.2  100.0   14.8   14.2   14.2  754.50    2417     3020
2014-09-08 12:00:00    463492800  ***  ***    0.6    0.6    0.6   13.9   13.9  100.0   14.5   13.9   13.9  754.20    2420     3011
2014-09-08 12:20:00    463494000  ***  ***    0.0    0.0    0.0   14.2   14.2  100.0   14.8   14.2   14.2  754.20    2419     3022
2014-09-08 12:40:00    463495200  ***  ***    0.0    0.0    0.0   14.0   14.0  100.0   14.6   14.0   14.0  754.10    2421     3019
2014-09-08 13:00:00    463496400  ***  ***    0.0    0.0    0.0   14.7   14.7  100.0   15.4   14.7   14.7  753.90    2422     3045
2014-09-08 13:20:00    463497600  ***  ***    0.0    0.0    0.0   14.8   14.8  100.0   15.5   14.8   14.8  754.00    2422     3051
2014-09-08 13:40:00    463498800  ***  ***    0.0    0.0    0.0   14.5   14.5  100.0   15.2   14.5   14.5  753.80    2424     3040
2014-09-08 14:00:00    463500000  ***  ***    0.0    0.0    0.0   14.1   14.1  100.0   14.7   14.1   14.1  754.00    2422     3022
2014-09-08 14:20:00    463501200  ***  ***    0.0    0.0    0.0   13.5   13.5  100.0   14.1   13.5   13.5  753.80    2424     3001
2014-09-08 14:40:00    463502400  ***  ***    0.0    0.0    0.0   13.3   13.3  100.0   13.9   13.3   13.3  753.70    2424     2995
2014-09-08 15:00:00    463503600  ***  ***    0.7    0.7    0.7   13.1   13.1  100.0   13.7   13.1   13.1  753.60    2425     2989
2014-09-08 15:20:00    463504800  ***  ***    0.0    0.0    0.0   13.0   13.0  100.0   13.6   13.0   13.0  753.60    2426     2986
2014-09-08 15:40:00    463506000  ***  ***    0.0    0.0    0.0   13.4   13.4  100.0   14.0   13.4   13.4  753.70    2425     2999
2014-09-08 16:00:00    463507200  ***  ***    0.0    0.0    0.0   13.7   13.7  100.0   14.3   13.7   13.7  753.70    2425     3011
2014-09-08 16:20:00    463508400  ***  ***    1.5    1.5    1.5   13.8   13.5  100.0   14.4   13.8   13.8  753.60    2426     3017
2014-09-08 16:40:00    463509600  ***  ***    0.7    0.7    0.7   13.7   13.7  100.0   14.3   13.7   13.7  753.40    2428     3015
2014-09-08 17:00:00    463510800  ***  ***    1.2    1.2    1.2   13.6   13.6  100.0   14.2   13.6   13.6  753.20    2430     3014
2014-09-08 17:20:00    463512000  ***  ***    0.6    0.6    0.6   13.7   13.7  100.0   14.3   13.7   13.7  753.10    2430     3017
2014-09-08 17:40:00    463513200  ***  ***    0.4    0.4    0.4   13.5   13.5  100.0   14.1   13.5   13.5  753.10    2432     3011
2014-09-08 18:00:00    463514400  ***  ***    1.4    1.4    1.4   13.3   13.0  100.0   13.9   13.3   13.3  753.20    2429     3001
2014-09-08 18:20:00    463515600  ***  ***    0.7    0.7    0.7   13.1   13.1  100.0   13.7   13.1   13.1  753.10    2430     2993
2014-09-08 18:40:00    463516800  ***  ***    0.0    0.0    0.0   12.9   12.9  100.0   13.5   12.9   12.9  753.20    2429     2984
2014-09-08 19:00:00    463518000  ***  ***    0.0    0.0    0.0   12.7   12.7  100.0   13.3   12.7   12.7  753.60    2426     2975
2014-09-08 19:20:00    463519200  ***  ***    0.0    0.0    0.0   12.8   12.8  100.0   13.4   12.8   12.8  753.70    2424     2973
2014-09-08 19:40:00    463520400  ***  ***    0.4    0.4    0.4   12.8   12.8  100.0   13.4   12.8   12.8  753.90    2422     2971
2014-09-08 20:00:00    463521600  ***  ***    0.0    0.0    0.0   12.5   12.5  100.0   13.1   12.5   12.5  754.10    2420     2957
2014-09-08 20:20:00    463522800  ***  ***    0.0    0.0    0.0   12.1   12.1  100.0   12.6   12.1   12.1  754.10    2420     2941
2014-09-08 20:40:00    463524000  ***  ***    1.5    1.5    1.5   12.2   11.6  100.0   12.8   12.2   12.2  754.30    2418     2942
2014-09-08 21:00:00    463525200  ***  ***    1.7    1.7    1.7   12.1   11.3  100.0   12.6   12.1   12.1  754.50    2417     2938
2014-09-08 21:20:00    463526400  ***  ***    1.2    1.2    1.2   12.2   11.9  100.0   12.8   12.2   12.2  754.60    2416     2941
2014-09-08 21:40:00    463527600  ***  ***    0.9    0.9    0.9   12.4   12.4  100.0   13.0   12.4   12.4  754.80    2414     2946
2014-09-08 22:00:00    463528800  ***  ***    4.3    4.3    4.3   12.8   10.7  100.0   13.4   12.8   12.8  754.90    2413     2959
2014-09-08 22:20:00    463530000  ***  ***    1.4    1.4    1.4   12.8   12.4  100.0   13.4   12.8   12.8  754.80    2413     2961
2014-09-08 22:40:00    463531200  ***  ***    0.6    0.6    0.6   12.5   12.5  100.0   13.1   12.5   12.5  754.60    2416     2952
2014-09-08 23:00:00    463532400  ***  ***    1.1    1.1    1.1   12.6   12.5  100.0   13.2   12.6   12.6  754.70    2414     2952
2014-09-08 23:20:00    463533600  ***  ***    2.2    2.2    2.2   12.6   11.5  100.0   13.2   12.6   12.6  754.80    2414     2953
2014-09-08 23:40:00    463534800  ***  ***    2.1    2.1    2.1   12.6   11.6  100.0   13.2   12.6   12.6  754.40    2418     2958
2014-09-09 00:00:00    463536000  ***  ***    2.2    2.2    2.2   12.5   11.4  100.0   13.1   12.5   12.5  754.50    2417     2952
2014-09-09 00:20:00    463537200  ***  ***    2.4    2.4    2.4   12.3   11.0  100.0   12.9   12.3   12.3  754.40    2417     2946
2014-09-09 00:40:00    463538400  ***  ***    0.8    0.8    0.8   12.4   12.4  100.0   13.0   12.4   12.4  754.40    2418     2952
2014-09-09 01:00:00    463539600  ***  ***    2.4    2.4    2.4   12.4   11.2  100.0   13.0   12.4   12.4  754.20    2419     2951
2014-09-09 01:20:00    463540800  ***  ***    1.3    1.3    1.3   12.5   12.2  100.0   13.1   12.5   12.5  754.20    2419     2955
2014-09-09 01:40:00    463542000  ***  ***    1.3    1.3    1.3   12.1   11.7  100.0   12.6   12.1   12.1  754.20    2420     2942
2014-09-09 02:00:00    463543200  ***  ***    1.0    1.0    1.0   12.4   12.4  100.0   13.0   12.4   12.4  754.20    2420     2953
2014-09-09 02:20:00    463544400  ***  ***    1.5    1.5    1.5   12.5   12.0  100.0   13.1   12.5   12.5  754.00    2421     2960
2014-09-09 02:40:00    463545600  ***  ***    0.8    0.8    0.8   12.4   12.4  100.0   13.0   12.4   12.4  754.10    2421     2956
2014-09-09 03:00:00    463546800  ***  ***    0.0    0.0    0.0   12.4   12.4  100.0   13.0   12.4   12.4  754.10    2421     2955
2014-09-09 03:20:00    463548000  ***  ***    0.0    0.0    0.0   12.4   12.4  100.0   13.0   12.4   12.4  753.90    2422     2957
2014-09-09 03:40:00    463549200  ***  ***    0.0    0.0    0.0   12.4   12.4  100.0   13.0   12.4   12.4  753.90    2422     2956
2014-09-09 04:00:00    463550400  ***  ***    0.7    0.7    0.7   12.5   12.5  100.0   13.1   12.5   12.5  753.90    2423     2961
2014-09-09 04:20:00    463551600  ***  ***    0.0    0.0    0.0   12.4   12.4  100.0   13.0   12.4   12.4  754.00    2422     2955
2014-09-09 04:40:00    463552800  ***  ***    0.0    0.0    0.0   12.4   12.4  100.0   13.0   12.4   12.4  753.90    2422     2955
2014-09-09 05:00:00    463554000  ***  ***    0.7    0.7    0.7   12.5   12.5  100.0   13.1   12.5   12.5  754.20    2420     2958
2014-09-09 05:20:00    463555200  ***  ***    0.0    0.0    0.0   12.3   12.3  100.0   12.9   12.3   12.3  754.20    2419     2949
2014-09-09 05:40:00    463556400  ***  ***    0.0    0.0    0.0   12.4   12.4  100.0   13.0   12.4   12.4  754.10    2421     2956
2014-09-09 06:00:00    463557600  ***  ***    0.0    0.0    0.0   12.5   12.5  100.0   13.1   12.5   12.5  754.20    2419     2955
2014-09-09 06:20:00    463558800  ***  ***    0.6    0.6    0.6   12.7   12.7  100.0   13.3   12.7   12.7  754.20    2420     2964
2014-09-09 06:40:00    463560000  ***  ***    1.2    1.2    1.2   13.6   13.6  100.0   14.2   13.6   13.6  754.30    2419     2999
2014-09-09 07:00:00    463561200  ***  ***    0.6    0.6    0.6   13.4   13.4  100.0   14.0   13.4   13.4  754.50    2417     2989
2014-09-09 07:20:00    463562400  ***  ***    0.9    0.9    0.9   14.0   14.0   98.2   14.6   13.7   13.8  754.70    2415     3009
2014-09-09 07:40:00    463563600  ***  ***    0.0    0.0    0.0   15.4   15.4   82.5   15.4   12.5   13.4  754.70    2415     3051
2014-09-09 08:00:00    463564800  ***  ***    0.0    0.0    0.0   14.9   14.9   88.1   15.0   12.9   13.5  754.40    2417     3036
2014-09-09 08:20:00    463566000  ***  ***    0.0    0.0    0.0   20.0   20.0   68.0   19.7   13.9   15.8  754.50    2416     3209
2014-09-09 08:40:00    463567200  ***  ***    0.0    0.0    0.0   18.6   18.6   71.9   18.0   13.5   15.1  754.50    2416     3163
2014-09-09 09:00:00    463568400  ***  ***    0.7    0.7    0.7   17.4   17.4   78.3   17.1   13.6   14.8  754.80    2414     3119
2014-09-09 09:20:00    463569600  ***  ***    1.8    1.8    1.8   18.2   18.2   71.6   17.6   13.0   14.7  754.80    2413     3143
2014-09-09 09:40:00    463570800  ***  ***    0.0    0.0    0.0   18.6   18.6   71.6   18.0   13.4   15.0  755.00    2411     3158
2014-09-09 10:00:00    463572000  ***  ***    0.0    0.0    0.0   17.7   17.7   70.2   17.0   12.2   14.0  754.90    2413     3124
2014-09-09 10:20:00    463573200  ***  ***    0.8    0.8    0.8   16.9   16.9   69.5   16.2   11.3   13.2  754.90    2413     3093
2014-09-09 10:40:00    463574400  ***  ***    1.3    1.3    1.3   18.5   18.5   66.1   17.6   12.1   14.2  754.80    2413     3149
2014-09-09 11:00:00    463575600  ***  ***    0.5    0.5    0.5   18.1   18.1   67.8   17.3   12.0   14.0  754.50    2416     3138
2014-09-09 11:20:00    463576800  ***  ***    0.0    0.0    0.0   18.6   18.6   61.1   17.5   10.9   13.5  754.30    2418     3151
2014-09-09 11:40:00    463578000  ***  ***    0.6    0.6    0.6   19.0   19.0   60.8   18.0   11.2   13.8  754.30    2419     3168
2014-09-09 12:00:00    463579200  ***  ***    2.6    2.6    2.6   17.6   17.4   65.4   16.6   11.0   13.2  754.30    2419     3119
2014-09-09 12:20:00    463580400  ***  ***    0.8    0.8    0.8   18.8   18.8   64.8   17.9   12.1   14.3  754.20    2420     3168
2014-09-09 12:40:00    463581600  ***  ***    1.6    1.6    1.6   16.7   16.7   69.9   16.0   11.2   13.0  753.90    2423     3097
2014-09-09 13:00:00    463582800  ***  ***    1.2    1.2    1.2   17.1   17.1   73.6   16.6   12.4   13.9  753.50    2426     3120
2014-09-09 13:20:00    463584000  ***  ***    2.6    2.6    2.6   16.0   15.4   75.5   15.6   11.6   13.1  753.30    2429     3083
2014-09-09 13:40:00    463585200  ***  ***    0.5    0.5    0.5   18.3   18.3   60.7   17.1   10.5   13.2  753.50    2427     3152
2014-09-09 14:00:00    463586400  ***  ***    0.9    0.9    0.9   18.0   18.0   60.5   16.8   10.2   12.9  753.20    2429     3144
2014-09-09 14:20:00    463587600  ***  ***    2.0    2.0    2.0   16.8   16.7   58.2   15.6    8.6   11.6  753.00    2432     3100
2014-09-09 14:40:00    463588800  ***  ***    0.0    0.0    0.0   18.0   18.0   58.3   16.7    9.7   12.6  753.10    2432     3145
2014-09-09 15:00:00    463590000  ***  ***    1.8    1.8    1.8   17.9   17.9   57.6   16.5    9.4   12.4  752.80    2435     3145
2014-09-09 15:20:00    463591200  ***  ***    3.2    3.2    3.2   18.0   17.7   55.2   16.5    8.8   12.1  752.60    2436     3145
2014-09-09 15:40:00    463592400  ***  ***    0.0    0.0    0.0   21.0   21.0   48.7   20.3    9.8   13.6  752.70    2436     3252
2014-09-09 16:00:00    463593600  ***  ***    1.9    1.9    1.9   19.5   19.5   54.7   18.4   10.1   13.3  752.60    2436     3201
2014-09-09 16:20:00    463594800  ***  ***    0.5    0.5    0.5   19.6   19.6   48.4   18.3    8.4   12.4  753.10    2432     3192
2014-09-09 16:40:00    463596000  ***  ***    1.6    1.6    1.6   18.5   18.5   50.7   16.8    8.1   11.9  752.70    2435     3160
2014-09-09 17:00:00    463597200  ***  ***    0.8    0.8    0.8   17.8   17.8   48.2   15.9    6.7   11.0  752.80    2435     3132
2014-09-09 17:20:00    463598400  ***  ***    0.0    0.0    0.0   15.5   15.5   54.8   14.2    6.4   10.0  752.70    2436     3054
2014-09-09 17:40:00    463599600  ***  ***    3.7    3.7    3.7   15.6   14.5   56.0   14.3    6.8   10.3  752.70    2435     3057
2014-09-09 18:00:00    463600800  ***  ***    0.8    0.8    0.8   15.1   15.1   61.3   14.1    7.7   10.5  752.80    2434     3042
2014-09-09 18:20:00    463602000  ***  ***    0.0    0.0    0.0   14.2   14.2   67.3   13.5    8.3   10.6  753.00    2432     3013
2014-09-09 18:40:00    463603200  ***  ***    1.2    1.2    1.2   14.1   14.1   72.5   13.6    9.3   11.1  752.70    2435     3017
2014-09-09 19:00:00    463604400  ***  ***    2.1    2.1    2.1   14.2   13.5   74.7   13.8    9.8   11.4  753.10    2432     3020
2014-09-09 19:20:00    463605600  ***  ***    1.8    1.8    1.8   13.9   13.4   74.8   13.5    9.5   11.1  753.20    2429     3003
2014-09-09 19:40:00    463606800  ***  ***    3.9    3.9    3.9   14.1   12.5   69.4   13.5    8.6   10.7  753.40    2428     3006
2014-09-09 20:00:00    463608000  ***  ***    2.0    2.0    2.0   13.6   12.8   71.1   13.0    8.5   10.4  753.40    2428     2989
2014-09-09 20:20:00    463609200  ***  ***    1.4    1.4    1.4   13.6   13.4   74.7   13.2    9.2   10.8  753.50    2426     2988
2014-09-09 20:40:00    463610400  ***  ***    2.9    2.9    2.9   13.3   12.0   77.4   13.0    9.4   10.9  753.50    2427     2981
2014-09-09 21:00:00    463611600  ***  ***    3.4    3.4    3.4   13.0   11.4   78.8   12.8    9.4   10.7  753.70    2425     2970
2014-09-09 21:20:00    463612800  ***  ***    2.9    2.9    2.9   12.9   11.5   80.9   12.8    9.7   10.9  753.50    2426     2967
2014-09-09 21:40:00    463614000  ***  ***    2.3    2.3    2.3   12.7   11.6   81.9   12.6    9.7   10.7  753.40    2427     2962
2014-09-09 22:00:00    463615200  ***  ***    1.8    1.8    1.8   12.4   11.6   86.7   12.5   10.2   11.0  753.70    2425     2950
2014-09-09 22:20:00    463616400  ***  ***    2.0    2.0    2.0   12.3   11.3   88.6   12.5   10.4   11.1  753.40    2428     2951
2014-09-09 22:40:00    463617600  ***  ***    2.3    2.3    2.3   12.1   10.8   91.9   12.4   10.8   11.3  753.50    2426     2943
2014-09-09 23:00:00    463618800  ***  ***    0.0    0.0    0.0   11.7   11.7   96.3   12.1   11.1   11.3  753.50    2427     2932
2014-09-09 23:20:00    463620000  ***  ***    0.0    0.0    0.0   11.4   11.4   98.4   11.8   11.1   11.2  753.70    2424     2918
2014-09-09 23:40:00    463621200  ***  ***    1.2    1.2    1.2   11.0   10.6   99.7   11.5   11.0   11.0  753.50    2427     2910
2014-09-10 00:00:00    463622400  ***  ***    0.0    0.0    0.0   11.0   11.0  100.0   11.5   11.0   11.0  753.40    2428     2909
2014-09-10 00:20:00    463623600  ***  ***    0.0    0.0    0.0   11.1   11.1  100.0   11.6   11.1   11.1  753.30    2428     2914
2014-09-10 00:40:00    463624800  ***  ***    0.0    0.0    0.0   10.9   10.9  100.0   11.4   10.9   10.9  753.40    2428     2905
2014-09-10 01:00:00    463626000  ***  ***    0.8    0.8    0.8   10.8   10.8  100.0   11.3   10.8   10.8  753.30    2428     2904
2014-09-10 01:20:00    463627200  ***  ***    1.0    1.0    1.0   11.3   11.1   95.9   11.7   10.7   11.0  753.20    2429     2921
2014-09-10 01:40:00    463628400  ***  ***    0.0    0.0    0.0   10.1   10.1   97.4   10.4    9.7    9.8  753.20    2430     2878
2014-09-10 02:00:00    463629600  ***  ***    0.0    0.0    0.0   10.3   10.3   94.5   10.6    9.5    9.8  753.20    2430     2884
2014-09-10 02:20:00    463630800  ***  ***    0.0    0.0    0.0   10.7   10.7   92.6   10.9    9.5   10.0  753.00    2433     2899
2014-09-10 02:40:00    463632000  ***  ***    1.1    1.1    1.1   11.1   10.8   90.0   11.3    9.5   10.1  752.90    2433     2913
2014-09-10 03:00:00    463633200  ***  ***    0.0    0.0    0.0   10.9   10.9   91.5   11.1    9.5   10.0  753.00    2433     2905
2014-09-10 03:20:00    463634400  ***  ***    2.0    2.0    2.0   11.0    9.7   90.9   11.2    9.6   10.1  752.80    2434     2911
2014-09-10 03:40:00    463635600  ***  ***    0.0    0.0    0.0   10.3   10.3   94.7   10.6    9.5    9.8  752.80    2435     2888
2014-09-10 04:00:00    463636800  ***  ***    2.3    2.3    2.2   11.1    9.6   90.6   11.3    9.6   10.2  752.80    2435     2914
2014-09-10 04:20:00    463638000  ***  ***    0.8    0.8    0.8   10.9   10.9   90.6   11.1    9.5   10.0  753.00    2433     2906
2014-09-10 04:40:00    463639200  ***  ***    1.8    1.8    1.8   10.8    9.7   92.1   11.0    9.6   10.1  752.70    2436     2906
2014-09-10 05:00:00    463640400  ***  ***    2.7    2.7    2.7   10.9    9.2   91.1   11.1    9.5   10.0  752.90    2434     2907
2014-09-10 05:20:00    463641600  ***  ***    1.6    1.6    1.6   10.6    9.7   92.8   10.8    9.5    9.9  753.10    2430     2894
2014-09-10 05:40:00    463642800  ***  ***    1.9    1.9    1.9   10.4    9.1   94.3   10.7    9.5    9.9  752.70    2436     2891
2014-09-10 06:00:00    463644000  ***  ***    2.8    2.8    2.8   10.5    8.6   92.3   10.7    9.3    9.8  752.90    2433     2891
2014-09-10 06:20:00    463645200  ***  ***    2.4    2.4    2.4   11.0    9.5   88.7   11.1    9.2    9.9  753.20    2430     2905
2014-09-10 06:40:00    463646400  ***  ***    3.3    3.3    3.3   11.3    9.3   85.2   11.3    8.9    9.8  753.30    2428     2912
2014-09-10 07:00:00    463647600  ***  ***    2.4    2.4    2.4   11.6   10.2   79.2   11.4    8.1    9.4  753.40    2427     2917
2014-09-10 07:20:00    463648800  ***  ***    2.7    2.7    2.7   12.0   10.5   76.2   11.7    7.9    9.5  753.50    2427     2930
2014-09-10 07:40:00    463650000  ***  ***    2.3    2.3    2.3   12.6   11.5   71.5   12.1    7.6    9.5  753.80    2424     2948
2014-09-10 08:00:00    463651200  ***  ***    1.8    1.8    1.8   13.7   13.1   63.8   12.9    6.9    9.6  753.90    2423     2979
2014-09-10 08:20:00    463652400  ***  ***    1.6    1.6    1.6   14.2   13.9   63.2   13.3    7.3    9.9  754.00    2422     2995
2014-09-10 08:40:00    463653600  ***  ***    0.0    0.0    0.0   15.7   15.7   58.7   14.5    7.7   10.7  754.20    2419     3045
2014-09-10 09:00:00    463654800  ***  ***    1.3    1.3    1.3   16.3   16.3   58.2   15.1    8.1   11.2  754.50    2417     3063
2014-09-10 09:20:00    463656000  ***  ***    1.3    1.3    1.3   15.7   15.7   57.3   14.4    7.3   10.5  754.40    2418     3043
2014-09-10 09:40:00    463657200  ***  ***    1.4    1.4    1.4   17.0   17.0   57.8   15.6    8.7   11.8  754.70    2415     3089
2014-09-10 10:00:00    463658400  ***  ***    1.0    1.0    1.0   16.5   16.5   51.6   14.9    6.5   10.4  754.70    2415     3063
2014-09-10 10:20:00    463659600  ***  ***    0.6    0.6    0.6   17.7   17.7   51.7   16.0    7.6   11.3  754.70    2415     3106
2014-09-10 10:40:00    463660800  ***  ***    0.8    0.8    0.8   17.0   17.0   49.4   15.3    6.3   10.5  754.90    2413     3076
2014-09-10 11:00:00    463662000  ***  ***    0.4    0.4    0.4   19.5   19.5   41.8   17.8    6.1   11.3  754.80    2414     3158
2014-09-10 11:20:00    463663200  ***  ***    2.0    2.0    2.0   17.4   17.4   47.6   15.5    6.2   10.6  754.40    2417     3095
2014-09-10 11:40:00    463664400  ***  ***    2.1    2.1    2.1   18.2   18.2   47.1   16.3    6.8   11.2  754.40    2417     3124
2014-09-10 12:00:00    463665600  ***  ***    0.9    0.9    0.9   18.1   18.1   43.5   16.0    5.5   10.5  754.30    2419     3118
2014-09-10 12:20:00    463666800  ***  ***    1.0    1.0    1.0   18.3   18.3   46.1   16.3    6.5   11.1  754.20    2420     3129
2014-09-10 12:40:00    463668000  ***  ***    1.6    1.6    1.6   17.6   17.6   46.7   15.6    6.1   10.6  754.10    2420     3105
2014-09-10 13:00:00    463669200  ***  ***    2.3    2.3    2.3   17.1   16.9   43.8   15.1    4.6    9.7  753.90    2423     3086
2014-09-10 13:20:00    463670400  ***  ***    0.4    0.4    0.4   19.2   19.2   48.4   17.7    8.0   12.1  753.90    2422     3165
2014-09-10 13:40:00    463671600  ***  ***    0.7    0.7    0.7   18.6   18.6   44.8   16.6    6.4   11.1  753.60    2425     3145
2014-09-10 14:00:00    463672800  ***  ***    0.4    0.4    0.4   19.3   19.3   49.0   17.9    8.3   12.3  753.80    2424     3172
2014-09-10 14:20:00    463674000  ***  ***    0.8    0.8    0.8   19.8   19.8   43.7   18.4    7.1   11.9  753.50    2426     3190
2014-09-10 14:40:00    463675200  ***  ***    1.3    1.3    1.3   18.4   18.4   49.5   16.6    7.7   11.6  753.40    2428     3148
2014-09-10 15:00:00    463676400  ***  ***    1.0    1.0    1.0   18.9   18.9   46.4   17.1    7.2   11.6  753.20    2430     3164
2014-09-10 15:20:00    463677600  ***  ***    1.7    1.7    1.7   18.4   18.4   47.8   16.5    7.2   11.4  753.20    2430     3149
2014-09-10 15:40:00    463678800  ***  ***    0.7    0.7    0.7   18.7   18.7   47.2   16.9    7.2   11.5  753.00    2433     3159
2014-09-10 16:00:00    463680000  ***  ***    1.2    1.2    1.2   19.2   19.2   47.4   17.6    7.7   12.0  753.00    2433     3177
2014-09-10 16:20:00    463681200  ***  ***    1.7    1.7    1.7   17.8   17.8   53.1   16.2    8.2   11.8  752.80    2435     3136
2014-09-10 16:40:00    463682400  ***  ***    1.7    1.7    1.7   17.3   17.3   53.7   15.7    7.8   11.3  752.90    2433     3117
2014-09-10 17:00:00    463683600  ***  ***    1.7    1.7    1.7   16.3   16.3   52.9   14.8    6.7   10.4  753.00    2433     3080
2014-09-10 17:20:00    463684800  ***  ***    1.1    1.1    1.1   15.9   15.9   54.4   14.5    6.7   10.3  753.00    2433     3064
2014-09-10 17:40:00    463686000  ***  ***    3.1    3.1    3.1   15.9   15.1   52.1   14.4    6.1   10.0  752.90    2434     3066
2014-09-10 18:00:00    463687200  ***  ***    1.1    1.1    1.1   15.3   15.3   56.2   14.0    6.6   10.0  752.90    2433     3043
2014-09-10 18:20:00    463688400  ***  ***    0.9    0.9    0.9   15.1   15.1   55.1   13.8    6.1    9.7  752.90    2434     3037
2014-09-10 18:40:00    463689600  ***  ***    0.4    0.4    0.4   13.4   13.4   64.5   12.6    6.8    9.4  753.00    2433     2981
2014-09-10 19:00:00    463690800  ***  ***    0.0    0.0    0.0   13.9   13.9   60.5   12.9    6.3    9.4  753.30    2429     2992
2014-09-10 19:20:00    463692000  ***  ***    0.6    0.6    0.6   13.4   13.4   63.0   12.5    6.5    9.3  753.50    2427     2973
2014-09-10 19:40:00    463693200  ***  ***    0.4    0.4    0.4   13.8   13.8   59.8   12.8    6.1    9.2  753.60    2425     2983
2014-09-10 20:00:00    463694400  ***  ***    0.5    0.5    0.5   12.8   12.8   65.5   12.1    6.5    9.0  753.80    2424     2950
2014-09-10 20:20:00    463695600  ***  ***    0.5    0.5    0.5   12.9   12.9   64.9   12.1    6.4    9.0  753.90    2423     2950
2014-09-10 20:40:00    463696800  ***  ***    1.0    1.0    1.0   14.5   14.5   56.2   13.3    5.9    9.4  753.90    2422     3001
2014-09-10 21:00:00    463698000  ***  ***    0.6    0.6    0.6   13.1   13.1   64.3   12.3    6.5    9.2  754.20    2420     2955
2014-09-10 21:20:00    463699200  ***  ***    0.0    0.0    0.0   13.3   13.3   61.9   12.5    6.1    9.0  754.20    2419     2959
2014-09-10 21:40:00    463700400  ***  ***    0.0    0.0    0.0   12.8   12.8   63.0   12.0    6.0    8.8  754.10    2420     2943
2014-09-10 22:00:00    463701600  ***  ***    0.0    0.0    0.0   12.9   12.9   62.7   12.1    5.9    8.8  754.00    2422     2948
2014-09-10 22:20:00    463702800  ***  ***    0.0    0.0    0.0   12.9   12.9   64.1   12.1    6.3    9.0  754.20    2419     2946
2014-09-10 22:40:00    463704000  ***  ***    0.0    0.0    0.0   12.7   12.7   64.9   12.0    6.3    8.9  754.30    2419     2939
2014-09-10 23:00:00    463705200  ***  ***    0.0    0.0    0.0   14.0   14.0   60.9   13.0    6.5    9.5  754.30    2419     2983
2014-09-10 23:20:00    463706400  ***  ***    0.0    0.0    0.0   13.8   13.8   61.1   12.8    6.4    9.3  754.30    2418     2975
2014-09-10 23:40:00    463707600  ***  ***    0.0    0.0    0.0   14.0   14.0   60.9   13.0    6.5    9.5  754.30    2419     2983
2014-09-11 00:00:00    463708800  ***  ***    0.0    0.0    0.0   13.7   13.7   60.9   12.8    6.3    9.3  754.30    2419     2974
2014-09-11 00:20:00    463710000  ***  ***    0.0    0.0    0.0   13.4   13.4   62.2   12.5    6.3    9.2  754.20    2420     2963
2014-09-11 00:40:00    463711200  ***  ***    0.0    0.0    0.0   12.5   12.5   65.0   11.8    6.2    8.8  754.00    2421     2936
2014-09-11 01:00:00    463712400  ***  ***    0.0    0.0    0.0   12.7   12.7   65.9   12.0    6.5    9.0  754.00    2422     2944
2014-09-11 01:20:00    463713600  ***  ***    0.0    0.0    0.0   12.5   12.5   67.7   11.9    6.7    9.0  754.00    2422     2936
2014-09-11 01:40:00    463714800  ***  ***    0.0    0.0    0.0   13.1   13.1   66.0   12.4    6.9    9.4  753.90    2422     2958
2014-09-11 02:00:00    463716000  ***  ***    0.0    0.0    0.0   12.6   12.6   64.9   11.9    6.2    8.8  753.80    2423     2941
2014-09-11 02:20:00    463717200  ***  ***    0.0    0.0    0.0   12.3   12.3   67.0   11.6    6.3    8.8  753.70    2424     2932
2014-09-11 02:40:00    463718400  ***  ***    0.0    0.0    0.0   12.2   12.2   64.5   11.5    5.7    8.4  753.80    2424     2926
2014-09-11 03:00:00    463719600  ***  ***    0.0    0.0    0.0   12.0   12.0   65.0   11.3    5.6    8.2  753.80    2423     2917
2014-09-11 03:20:00    463720800  ***  ***    0.0    0.0    0.0   12.4   12.4   67.3   11.7    6.5    8.9  753.50    2427     2939
2014-09-11 03:40:00    463722000  ***  ***    0.0    0.0    0.0   12.1   12.1   67.1   11.5    6.2    8.6  753.60    2425     2925
2014-09-11 04:00:00    463723200  ***  ***    0.0    0.0    0.0   13.2   13.2   57.1   12.1    4.9    8.4  753.60    2426     2960
2014-09-11 04:20:00    463724400  ***  ***    0.0    0.0    0.0   13.1   13.1   59.9   12.1    5.5    8.6  753.70    2425     2958
2014-09-11 04:40:00    463725600  ***  ***    0.0    0.0    0.0   13.1   13.1   60.0   12.2    5.5    8.6  753.80    2423     2953
2014-09-11 05:00:00    463726800  ***  ***    0.0    0.0    0.0   13.1   13.1   58.2   12.1    5.1    8.4  753.80    2424     2955
2014-09-11 05:20:00    463728000  ***  ***    0.5    0.5    0.5   12.8   12.8   56.6   11.8    4.4    8.0  753.70    2424     2942
2014-09-11 05:40:00    463729200  ***  ***    0.0    0.0    0.0   13.0   13.0   57.5   12.0    4.8    8.2  753.90    2423     2949
2014-09-11 06:00:00    463730400  ***  ***    0.0    0.0    0.0   13.1   13.1   52.6   11.9    3.6    7.7  753.80    2423     2949
2014-09-11 06:20:00    463731600  ***  ***    0.0    0.0    0.0   14.1   14.1   47.2   12.6    3.1    7.8  754.10    2421     2981
2014-09-11 06:40:00    463732800  ***  ***    0.0    0.0    0.0   17.5   17.5   41.6   15.3    4.3    9.7  754.10    2421     3098
2014-09-11 07:00:00    463734000  ***  ***    0.0    0.0    0.0   18.7   18.7   38.7   16.5    4.3   10.1  754.20    2420     3135
2014-09-11 07:20:00    463735200  ***  ***    0.0    0.0    0.0   18.0   18.0   45.2   16.0    6.0   10.7  754.00    2422     3121
2014-09-11 07:40:00    463736400  ***  ***    0.0    0.0    0.0   19.0   19.0   40.8   17.1    5.4   10.8  754.10    2421     3151
2014-09-11 08:00:00    463737600  ***  ***    0.8    0.8    0.8   21.6   21.6   39.4   20.7    7.2   12.5  753.90    2423     3244
2014-09-11 08:20:00    463738800  ***  ***    0.4    0.4    0.4   17.9   17.9   47.5   16.0    6.6   11.0  754.10    2421     3117
2014-09-11 08:40:00    463740000  ***  ***    0.8    0.8    0.8   17.9   17.9   46.2   15.9    6.2   10.7  754.10    2420     3114
2014-09-11 09:00:00    463741200  ***  ***    0.0    0.0    0.0   23.6   23.6   41.9   22.6    9.9   14.5  754.20    2420     3316
2014-09-11 09:20:00    463742400  ***  ***    0.0    0.0    0.0   23.6   23.6   44.6   22.7   10.9   15.0  754.40    2418     3319
2014-09-11 09:40:00    463743600  ***  ***    1.1    1.1    1.1   20.5   20.5   52.6   19.8   10.5   13.9  754.70    2415     3211
2014-09-11 10:00:00    463744800  ***  ***    0.0    0.0    0.0   24.0   24.0   42.9   23.0   10.6   15.0  754.60    2415     3324
2014-09-11 10:20:00    463746000  ***  ***    0.0    0.0    0.0   22.8   22.8   51.7   22.4   12.4   15.7  754.50    2416     3295
2014-09-11 10:40:00    463747200  ***  ***    1.4    1.4    1.4   20.9   20.9   61.7   20.7   13.3   15.7  754.70    2414     3236
2014-09-11 11:00:00    463748400  ***  ***    0.5    0.5    0.5   22.8   22.8   58.2   22.7   14.2   16.8  754.80    2414     3301
2014-09-11 11:20:00    463749600  ***  ***    0.6    0.6    0.6   17.7   17.7   65.7   16.8   11.2   13.4  754.60    2416     3123
2014-09-11 11:40:00    463750800  ***  ***    0.8    0.8    0.8   17.5   17.5   68.7   16.7   11.7   13.6  754.70    2415     3117
2014-09-11 12:00:00    463752000  ***  ***    1.7    1.7    1.6   17.7   17.7   64.7   16.7   11.0   13.2  754.40    2418     3125
2014-09-11 12:20:00    463753200  ***  ***    0.0    0.0    0.0   18.0   18.0   62.8   16.9   10.8   13.3  754.40    2417     3132
2014-09-11 12:40:00    463754400  ***  ***    0.0    0.0    0.0   18.7   18.7   60.2   17.6   10.8   13.5  754.20    2419     3157
2014-09-11 13:00:00    463755600  ***  ***    1.1    1.1    1.1   17.9   17.9   60.9   16.7   10.3   12.9  754.20    2419     3129
2014-09-11 13:20:00    463756800  ***  ***    0.9    0.9    0.9   17.4   17.4   63.5   16.3   10.4   12.8  754.00    2422     3116
2014-09-11 13:40:00    463758000  ***  ***    0.0    0.0    0.0   13.4   13.4   88.6   13.6   11.6   12.2  754.00    2422     2989
2014-09-11 14:00:00    463759200  ***  ***    0.6    0.6    0.6   15.3   15.3   79.2   15.1   11.7   12.9  753.70    2425     3055
2014-09-11 14:20:00    463760400  ***  ***    0.0    0.0    0.0   17.2   17.2   76.3   16.8   13.0   14.4  753.60    2426     3125
2014-09-11 14:40:00    463761600  ***  ***    0.0    0.0    0.0   17.0   17.0   69.8   16.3   11.4   13.3  753.30    2429     3117
2014-09-11 15:00:00    463762800  ***  ***    0.0    0.0    0.0   17.4   17.4   66.4   16.5   11.0   13.1  753.00    2432     3129
2014-09-11 15:20:00    463764000  ***  ***    0.0    0.0    0.0   17.6   17.6   58.2   16.3    9.3   12.3  753.10    2432     3131
2014-09-11 15:40:00    463765200  ***  ***    0.0    0.0    0.0   19.4   19.4   56.1   18.3   10.5   13.5  753.20    2430     3193
2014-09-11 16:00:00    463766400  ***  ***    1.1    1.1    1.1   21.5   21.5   51.2   21.2   11.1   14.5  752.90    2434     3270
2014-09-11 16:20:00    463767600  ***  ***    1.1    1.1    1.1   20.5   20.5   55.5   19.9   11.3   14.3  752.90    2434     3238
2014-09-11 16:40:00    463768800  ***  ***    0.5    0.5    0.5   18.9   18.9   55.9   17.6    9.9   13.0  752.80    2435     3178
2014-09-11 17:00:00    463770000  ***  ***    0.0    0.0    0.0   17.8   17.8   63.1   16.7   10.7   13.1  752.90    2434     3146
2014-09-11 17:20:00    463771200  ***  ***    0.0    0.0    0.0   17.4   17.4   64.1   16.4   10.6   12.9  753.00    2433     3130
2014-09-11 17:40:00    463772400  ***  ***    0.0    0.0    0.0   16.3   16.3   64.3   15.4    9.6   12.0  753.20    2430     3087
2014-09-11 18:00:00    463773600  ***  ***    0.0    0.0    0.0   15.4   15.4   63.9   14.5    8.6   11.1  753.10    2430     3054
2014-09-11 18:20:00    463774800  ***  ***    0.0    0.0    0.0   15.4   15.4   61.1   14.3    8.0   10.7  753.10    2430     3052
2014-09-11 18:40:00    463776000  ***  ***    0.0    0.0    0.0   15.2   15.2   60.5   14.2    7.6   10.5  753.10    2432     3043
2014-09-11 19:00:00    463777200  ***  ***    0.0    0.0    0.0   15.4   15.4   59.3   14.3    7.5   10.5  753.30    2429     3048
2014-09-11 19:20:00    463778400  ***  ***    0.0    0.0    0.0   16.2   16.2   56.9   14.9    7.6   10.8  753.70    2425     3068
2014-09-11 19:40:00    463779600  ***  ***    0.0    0.0    0.0   15.4   15.4   59.2   14.3    7.5   10.5  753.70    2425     3042
2014-09-11 20:00:00    463780800  ***  ***    0.0    0.0    0.0   14.2   14.2   64.4   13.4    7.6   10.1  753.60    2426     3003
2014-09-11 20:20:00    463782000  ***  ***    0.0    0.0    0.0   14.0   14.0   66.0   13.3    7.8   10.2  754.00    2422     2993
2014-09-11 20:40:00    463783200  ***  ***    0.0    0.0    0.0   13.8   13.8   68.4   13.1    8.1   10.3  753.90    2422     2986
2014-09-11 21:00:00    463784400  ***  ***    0.4    0.4    0.4   14.1   14.1   67.6   13.4    8.2   10.5  754.00    2422     2996
2014-09-11 21:20:00    463785600  ***  ***    0.0    0.0    0.0   14.0   14.0   66.3   13.3    7.8   10.2  754.00    2422     2991
2014-09-11 21:40:00    463786800  ***  ***    0.0    0.0    0.0   14.4   14.4   63.4   13.5    7.6   10.2  754.10    2421     3003
2014-09-11 22:00:00    463788000  ***  ***    0.0    0.0    0.0   13.7   13.7   66.2   13.0    7.6    9.9  753.90    2423     2984
2014-09-11 22:20:00    463789200  ***  ***    0.0    0.0    0.0   13.8   13.8   64.0   13.0    7.1    9.8  753.90    2423     2983
2014-09-11 22:40:00    463790400  ***  ***    0.0    0.0    0.0   13.8   13.8   64.2   13.0    7.1    9.8  754.10    2421     2981
2014-09-11 23:00:00    463791600  ***  ***    0.0    0.0    0.0   13.5   13.5   66.1   12.8    7.3    9.7  754.10    2421     2971
2014-09-11 23:20:00    463792800  ***  ***    0.0    0.0    0.0   13.6   13.6   63.8   12.8    6.9    9.6  754.10    2421     2974
2014-09-11 23:40:00    463794000  ***  ***    0.0    0.0    0.0   13.4   13.4   64.4   12.6    6.8    9.4  753.90    2422     2967
2014-09-12 00:00:00    463795200  ***  ***    0.5    0.5    0.5   13.9   13.9   62.1   13.0    6.7    9.5  754.10    2421     2982
2014-09-12 00:20:00    463796400  ***  ***    0.0    0.0    0.0   13.7   13.7   60.8   12.8    6.3    9.3  754.00    2422     2976
2014-09-12 00:40:00    463797600  ***  ***    0.0    0.0    0.0   14.2   14.2   56.3   13.1    5.6    9.1  754.00    2422     2991
2014-09-12 01:00:00    463798800  ***  ***    0.0    0.0    0.0   13.6   13.6   58.5   12.6    5.6    8.9  753.80    2423     2973
2014-09-12 01:20:00    463800000  ***  ***    0.0    0.0    0.0   13.9   13.9   56.3   12.8    5.3    8.8  753.90    2423     2981
2014-09-12 01:40:00    463801200  ***  ***    0.0    0.0    0.0   13.4   13.4   56.9   12.3    5.0    8.5  753.80    2424     2964
2014-09-12 02:00:00    463802400  ***  ***    0.0    0.0    0.0   13.8   13.8   58.2   12.8    5.7    9.0  753.70    2424     2980
2014-09-12 02:20:00    463803600  ***  ***    0.0    0.0    0.0   13.6   13.6   59.7   12.6    5.9    9.0  753.80    2424     2975
2014-09-12 02:40:00    463804800  ***  ***    0.0    0.0    0.0   14.3   14.3   56.4   13.2    5.8    9.2  753.60    2426     3001
2014-09-12 03:00:00    463806000  ***  ***    0.0    0.0    0.0   13.9   13.9   59.2   12.9    6.1    9.2  753.60    2425     2988
2014-09-12 03:20:00    463807200  ***  ***    1.5    1.5    1.5   14.3   14.1   60.8   13.3    6.9    9.8  753.60    2426     3004
2014-09-12 03:40:00    463808400  ***  ***    0.5    0.5    0.5   13.2   13.2   66.6   12.5    7.2    9.6  753.50    2427     2971
2014-09-12 04:00:00    463809600  ***  ***    0.5    0.5    0.5   13.5   13.5   67.8   12.9    7.7    9.9  753.50    2427     2981
2014-09-12 04:20:00    463810800  ***  ***    0.8    0.8    0.8   13.5   13.5   67.7   12.9    7.7    9.9  753.50    2426     2981
2014-09-12 04:40:00    463812000  ***  ***    0.9    0.9    0.9   13.2   13.2   68.3   12.6    7.5    9.8  753.50    2426     2969
2014-09-12 05:00:00    463813200  ***  ***    0.8    0.8    0.8   12.8   12.8   73.5   12.4    8.2   10.0  753.80    2424     2955
2014-09-12 05:20:00    463814400  ***  ***    1.0    1.0    1.0   13.1   13.1   70.6   12.5    7.9    9.9  754.00    2422     2962
2014-09-12 05:40:00    463815600  ***  ***    1.3    1.3    1.3   13.1   12.9   68.7   12.5    7.5    9.7  754.00    2421     2960
2014-09-12 06:00:00    463816800  ***  ***    1.9    1.9    1.9   13.6   12.9   67.3   12.9    7.7    9.9  754.00    2422     2977
2014-09-12 06:20:00    463818000  ***  ***    1.8    1.8    1.8   13.5   12.9   69.5   12.9    8.0   10.1  753.90    2423     2976
2014-09-12 06:40:00    463819200  ***  ***    2.1    2.1    2.1   14.5   13.9   68.6   13.8    8.8   10.9  754.10    2421     3012
2014-09-12 07:00:00    463820400  ***  ***    1.6    1.6    1.6   14.8   14.6   66.6   14.0    8.7   11.0  754.00    2422     3023
2014-09-12 07:20:00    463821600  ***  ***    1.7    1.7    1.7   15.8   15.7   65.6   14.9    9.4   11.7  754.10    2421     3058
2014-09-12 07:40:00    463822800  ***  ***    1.5    1.5    1.5   16.3   16.3   65.7   15.4    9.9   12.2  754.20    2419     3073
2014-09-12 08:00:00    463824000  ***  ***    1.5    1.5    1.5   17.2   17.2   67.7   16.4   11.2   13.2  753.90    2423     3116
2014-09-12 08:20:00    463825200  ***  ***    1.8    1.8    1.8   17.7   17.7   67.1   16.8   11.5   13.6  754.30    2418     3124
2014-09-12 08:40:00    463826400  ***  ***    1.6    1.6    1.6   18.0   18.0   68.1   17.2   12.0   13.9  754.40    2417     3135
2014-09-12 09:00:00    463827600  ***  ***    1.8    1.8    1.8   18.4   18.4   64.7   17.4   11.6   13.9  754.30    2419     3149
2014-09-12 09:20:00    463828800  ***  ***    2.2    2.2    2.2   19.0   19.0   61.3   18.0   11.4   13.9  754.40    2417     3166
2014-09-12 09:40:00    463830000  ***  ***    1.9    1.9    1.9   17.6   17.6   66.5   16.7   11.3   13.4  754.60    2416     3119
2014-09-12 10:00:00    463831200  ***  ***    1.4    1.4    1.4   19.1   19.1   64.8   18.4   12.3   14.5  754.70    2414     3171
2014-09-12 10:20:00    463832400  ***  ***    1.6    1.6    1.6   19.0   19.0   64.1   18.2   12.1   14.3  754.70    2414     3167
2014-09-12 10:40:00    463833600  ***  ***    2.4    2.4    2.4   19.1   19.1   61.0   18.2   11.4   14.0  754.80    2413     3165
2014-09-12 11:00:00    463834800  ***  ***    1.6    1.6    1.6   19.6   19.6   60.9   18.9   11.9   14.4  754.60    2416     3189
2014-09-12 11:20:00    463836000  ***  ***    0.7    0.7    0.7   20.8   20.8   63.7   20.7   13.6   15.8  754.60    2415     3233
2014-09-12 11:40:00    463837200  ***  ***    2.1    2.1    2.1   19.4   19.4   62.7   18.7   12.1   14.5  754.60    2416     3183
2014-09-12 12:00:00    463838400  ***  ***    0.9    0.9    0.9   21.1   21.1   61.2   21.0   13.3   15.8  754.50    2417     3244
2014-09-12 12:20:00    463839600  ***  ***    1.0    1.0    1.0   20.6   20.6   56.0   20.1   11.5   14.5  754.40    2418     3221
2014-09-12 12:40:00    463840800  ***  ***    0.9    0.9    0.9   20.3   20.3   61.8   19.9   12.7   15.1  754.20    2419     3218
2014-09-12 13:00:00    463842000  ***  ***    1.2    1.2    1.2   20.6   20.6   56.8   20.1   11.7   14.7  754.20    2420     3226
2014-09-12 13:20:00    463843200  ***  ***    2.1    2.1    2.1   21.8   21.8   59.1   21.7   13.5   16.1  753.80    2424     3277
2014-09-12 13:40:00    463844400  ***  ***    1.8    1.8    1.8   18.8   18.8   60.8   17.8   11.1   13.7  753.70    2425     3170
2014-09-12 14:00:00    463845600  ***  ***    1.5    1.5    1.5   19.8   19.8   62.0   19.2   12.3   14.7  753.40    2427     3210
2014-09-12 14:20:00    463846800  ***  ***    1.1    1.1    1.1   20.3   20.3   58.8   19.8   11.9   14.6  753.60    2426     3223
2014-09-12 14:40:00    463848000  ***  ***    1.4    1.4    1.4   21.1   21.1   59.6   20.9   12.9   15.5  753.20    2430     3259
2014-09-12 15:00:00    463849200  ***  ***    0.7    0.7    0.7   18.4   18.4   64.7   17.4   11.6   13.9  753.00    2433     3167
2014-09-12 15:20:00    463850400  ***  ***    1.2    1.2    1.2   18.2   18.2   68.9   17.4   12.4   14.3  753.10    2430     3161
2014-09-12 15:40:00    463851600  ***  ***    1.1    1.1    1.1   17.1   17.1   71.4   16.5   11.8   13.5  753.20    2430     3121
2014-09-12 16:00:00    463852800  ***  ***    1.6    1.6    1.6   18.7   18.7   65.6   17.8   12.2   14.3  753.20    2430     3178
2014-09-12 16:20:00    463854000  ***  ***    2.1    2.1    2.1   18.5   18.5   65.7   17.6   12.0   14.1  753.20    2430     3171
2014-09-12 16:40:00    463855200  ***  ***    1.7    1.7    1.7   17.0   17.0   67.0   16.1   10.8   12.9  753.10    2430     3116
2014-09-12 17:00:00    463856400  ***  ***    1.3    1.3    1.3   16.8   16.8   69.7   16.1   11.3   13.1  753.10    2432     3113
2014-09-12 17:20:00    463857600  ***  ***    2.0    2.0    2.0   16.5   16.3   67.7   15.7   10.5   12.6  753.10    2432     3097
2014-09-12 17:40:00    463858800  ***  ***    0.4    0.4    0.4   15.8   15.8   72.2   15.2   10.8   12.6  753.20    2430     3074
2014-09-12 18:00:00    463860000  ***  ***    1.3    1.3    1.3   15.4   15.4   73.5   14.9   10.7   12.4  753.40    2427     3058
2014-09-12 18:20:00    463861200  ***  ***    0.0    0.0    0.0   20.7   20.7   72.1   20.9   15.5   17.0  764.70    2308     3111
2014-09-12 18:40:00    463862400  ***  ***    0.0    0.0    0.0   27.5   27.5   59.6   28.8   19.0   21.3  828.70    1661     2565
2014-09-12 19:00:00    463863600  ***  ***    0.0    0.0    0.0   29.0   29.0   48.8   29.9   17.2   20.5  834.60    1605     2534
