FORMATTED DATE-TIME           DT   MG   TR     WS     CW     HW     TP     WC     RH     HI     DP     WB      BP      AL       DA
YYYY-MM-DD HH:MM:SS            s  Mag True    m/s    m/s    m/s     °C     °C      %     °C     °C     °C     hPa       m        m
----------------------------------------------------------------------------------------------------------------------------------
2014-08-27 08:20:00    462442800  ***  ***    1.0    1.0    1.0   16.5   16.5   85.8   16.5   14.1   14.9  757.50    2385     3057
2014-08-27 08:40:00    462444000  ***  ***    0.5    0.5    0.5   16.8   16.8   82.3   16.7   13.8   14.8  757.60    2384     3064
2014-08-27 09:00:00    462445200  ***  ***    1.0    1.0    1.0   16.7   16.7   79.9   16.5   13.2   14.3  757.80    2382     3058
2014-08-27 09:20:00    462446400  ***  ***    0.8    0.8    0.8   17.7   17.7   74.7   17.2   13.1   14.6  757.90    2380     3087
2014-08-27 09:40:00    462447600  ***  ***    0.8    0.8    0.8   18.8   18.8   77.9   18.6   14.9   16.0  758.10    2379     3130
2014-08-27 10:00:00    462448800  ***  ***    0.0    0.0    0.0   17.4   17.4   75.7   17.0   13.1   14.5  758.00    2380     3078
2014-08-27 10:20:00    462450000  ***  ***    0.7    0.7    0.7   15.0   15.0   88.4   15.2   13.1   13.7  758.10    2379     2994
2014-08-27 10:40:00    462451200  ***  ***    0.5    0.5    0.5   15.2   15.2   90.8   15.5   13.8   14.3  758.20    2378     3005
2014-08-27 11:00:00    462452400  ***  ***    0.0    0.0    0.0   15.4   15.4   90.8   15.7   13.9   14.4  758.10    2379     3013
2014-08-27 11:20:00    462453600  ***  ***    0.6    0.6    0.6   17.6   17.6   81.3   17.5   14.4   15.4  757.80    2381     3092
2014-08-27 11:40:00    462454800  ***  ***    0.0    0.0    0.0   16.2   16.2   81.8   16.1   13.1   14.1  758.00    2380     3038
2014-08-27 12:00:00    462456000  ***  ***    0.0    0.0    0.0   16.3   16.3   86.3   16.4   14.1   14.8  757.80    2382     3048
2014-08-27 12:20:00    462457200  ***  ***    0.0    0.0    0.0   16.5   16.5   86.5   16.6   14.3   15.0  758.00    2379     3053
2014-08-27 12:40:00    462458400  ***  ***    0.0    0.0    0.0   16.4   16.4   81.6   16.3   13.2   14.2  758.00    2380     3043
2014-08-27 13:00:00    462459600  ***  ***    0.8    0.8    0.8   17.6   17.6   81.0   17.5   14.3   15.3  757.80    2381     3089
2014-08-27 13:20:00    462460800  ***  ***    0.6    0.6    0.6   16.2   16.2   87.9   16.3   14.2   14.8  757.60    2383     3047
2014-08-27 13:40:00    462462000  ***  ***    0.0    0.0    0.0   17.9   17.9   77.8   17.6   14.0   15.2  757.60    2384     3103
2014-08-27 14:00:00    462463200  ***  ***    0.5    0.5    0.5   17.2   17.2   78.6   16.9   13.5   14.7  757.30    2387     3082
2014-08-27 14:20:00    462464400  ***  ***    0.3    0.3    0.3   18.8   18.8   75.9   18.5   14.5   15.8  757.30    2387     3140
2014-08-27 14:40:00    462465600  ***  ***    0.0    0.0    0.0   18.8   18.8   74.6   18.4   14.2   15.6  757.00    2389     3139
2014-08-27 15:00:00    462466800  ***  ***    0.4    0.4    0.4   17.7   17.7   80.4   17.5   14.3   15.3  756.80    2393     3108
2014-08-27 15:20:00    462468000  ***  ***    0.0    0.0    0.0   17.1   17.1   83.3   17.1   14.2   15.1  756.90    2392     3085
2014-08-27 15:40:00    462469200  ***  ***    0.0    0.0    0.0   17.6   17.6   79.3   17.4   14.0   15.1  756.70    2394     3106
2014-08-27 16:00:00    462470400  ***  ***    0.0    0.0    0.0   18.7   18.7   76.5   18.4   14.5   15.8  756.60    2395     3143
2014-08-27 16:20:00    462471600  ***  ***    0.0    0.0    0.0   18.9   18.9   77.2   18.7   14.8   16.0  756.40    2396     3154
2014-08-27 16:40:00    462472800  ***  ***    1.1    1.1    1.1   19.4   19.4   66.8   18.9   13.1   15.1  756.30    2397     3163
2014-08-27 17:00:00    462474000  ***  ***    0.0    0.0    0.0   18.6   18.6   69.9   18.0   13.0   14.8  756.30    2398     3137
2014-08-27 17:20:00    462475200  ***  ***    0.0    0.0    0.0   17.0   17.0   69.2   16.2   11.3   13.2  756.20    2398     3077
2014-08-27 17:40:00    462476400  ***  ***    0.9    0.9    0.9   16.4   16.4   67.7   15.6   10.4   12.5  756.40    2397     3052
2014-08-27 18:00:00    462477600  ***  ***    0.0    0.0    0.0   15.3   15.3   74.7   14.8   10.8   12.4  756.60    2395     3013
2014-08-27 18:20:00    462478800  ***  ***    0.0    0.0    0.0   14.5   14.5   76.4   14.1   10.4   11.9  756.60    2395     2987
2014-08-27 18:40:00    462480000  ***  ***    1.0    1.0    1.0   15.5   15.5   64.9   14.6    8.9   11.3  756.90    2392     3010
2014-08-27 19:00:00    462481200  ***  ***    0.4    0.4    0.4   14.0   14.0   75.4   13.6    9.7   11.2  756.90    2390     2960
2014-08-27 19:20:00    462482400  ***  ***    0.8    0.8    0.8   14.1   14.1   78.7   13.8   10.4   11.7  757.00    2389     2964
2014-08-27 19:40:00    462483600  ***  ***    1.1    1.1    1.1   14.2   14.2   78.9   14.0   10.6   11.9  757.30    2387     2969
2014-08-27 20:00:00    462484800  ***  ***    0.7    0.7    0.7   14.1   14.1   80.2   13.9   10.8   12.0  757.30    2386     2964
2014-08-27 20:20:00    462486000  ***  ***    0.8    0.8    0.8   13.5   13.5   82.0   13.4   10.5   11.5  757.40    2386     2940
2014-08-27 20:40:00    462487200  ***  ***    0.7    0.7    0.7   13.1   13.1   81.9   13.0   10.1   11.2  757.70    2383     2922
2014-08-27 21:00:00    462488400  ***  ***    0.9    0.9    0.9   13.7   13.7   77.7   13.4    9.9   11.3  757.60    2384     2944
2014-08-27 21:20:00    462489600  ***  ***    0.5    0.5    0.5   12.7   12.7   82.2   12.6    9.8   10.9  757.50    2384     2910
2014-08-27 21:40:00    462490800  ***  ***    0.9    0.9    0.9   13.6   13.6   78.4   13.3    9.9   11.2  757.30    2386     2942
2014-08-27 22:00:00    462492000  ***  ***    1.9    1.9    1.9   15.2   14.8   68.8   14.5    9.5   11.6  757.60    2384     2992
2014-08-27 22:20:00    462493200  ***  ***    1.0    1.0    1.0   13.6   13.6   79.3   13.4   10.1   11.4  757.40    2385     2942
2014-08-27 22:40:00    462494400  ***  ***    0.0    0.0    0.0   13.1   13.1   82.0   13.0   10.0   11.1  757.40    2385     2923
2014-08-27 23:00:00    462495600  ***  ***    0.7    0.7    0.7   13.7   13.7   78.5   13.4   10.0   11.3  757.30    2387     2947
2014-08-27 23:20:00    462496800  ***  ***    0.5    0.5    0.5   14.0   14.0   76.7   13.6    9.9   11.4  757.30    2387     2957
2014-08-27 23:40:00    462498000  ***  ***    1.0    1.0    1.0   13.0   13.0   81.7   12.9    9.9   11.0  757.20    2389     2925
2014-08-28 00:00:00    462499200  ***  ***    0.9    0.9    0.9   13.1   13.1   82.5   13.1   10.2   11.2  757.10    2389     2931
2014-08-28 00:20:00    462500400  ***  ***    0.8    0.8    0.8   13.4   13.4   80.0   13.2   10.0   11.2  756.70    2393     2942
2014-08-28 00:40:00    462501600  ***  ***    1.1    1.1    1.1   13.2   13.2   80.6   13.0   10.0   11.2  756.80    2392     2937
2014-08-28 01:00:00    462502800  ***  ***    0.9    0.9    0.9   12.6   12.6   81.8   12.5    9.5   10.6  756.70    2394     2915
2014-08-28 01:20:00    462504000  ***  ***    0.7    0.7    0.7   12.5   12.5   79.6   12.3    9.1   10.4  756.70    2394     2911
2014-08-28 01:40:00    462505200  ***  ***    0.0    0.0    0.0   12.0   12.0   82.4   11.9    9.1   10.2  756.50    2396     2896
2014-08-28 02:00:00    462506400  ***  ***    0.7    0.7    0.7   12.2   12.2   81.8   12.1    9.2   10.3  756.50    2396     2904
2014-08-28 02:20:00    462507600  ***  ***    0.7    0.7    0.7   12.2   12.2   82.8   12.2    9.4   10.4  756.30    2398     2909
2014-08-28 02:40:00    462508800  ***  ***    0.8    0.8    0.8   12.0   12.0   84.7   12.0    9.5   10.4  756.20    2398     2902
2014-08-28 03:00:00    462510000  ***  ***    0.8    0.8    0.8   12.5   12.5   82.7   12.5    9.6   10.7  756.20    2398     2918
2014-08-28 03:20:00    462511200  ***  ***    1.2    1.2    1.2   12.0   11.7   85.6   12.0    9.6   10.5  756.10    2400     2903
2014-08-28 03:40:00    462512400  ***  ***    1.0    1.0    1.0   12.8   12.8   79.2   12.6    9.3   10.6  756.10    2400     2931
2014-08-28 04:00:00    462513600  ***  ***    0.9    0.9    0.9   12.0   12.0   83.3   12.0    9.3   10.3  755.80    2402     2906
2014-08-28 04:20:00    462514800  ***  ***    0.3    0.3    0.3   11.7   11.7   85.2   11.7    9.3   10.2  755.90    2401     2895
2014-08-28 04:40:00    462516000  ***  ***    0.8    0.8    0.8   11.8   11.8   85.4   11.8    9.4   10.3  756.00    2400     2895
2014-08-28 05:00:00    462517200  ***  ***    0.4    0.4    0.4   11.7   11.7   84.7   11.7    9.2   10.1  756.00    2400     2894
2014-08-28 05:20:00    462518400  ***  ***    1.0    1.0    1.0   11.8   11.7   81.4   11.7    8.8    9.9  756.00    2400     2894
2014-08-28 05:40:00    462519600  ***  ***    0.6    0.6    0.6   11.3   11.3   82.4   11.2    8.4    9.5  756.30    2397     2871
2014-08-28 06:00:00    462520800  ***  ***    0.0    0.0    0.0   11.3   11.3   82.9   11.3    8.5    9.6  756.20    2398     2874
2014-08-28 06:20:00    462522000  ***  ***    0.4    0.4    0.4   12.2   12.2   79.2   12.0    8.7   10.0  756.30    2398     2904
2014-08-28 06:40:00    462523200  ***  ***    0.4    0.4    0.4   14.1   14.1   77.1   13.8   10.1   11.5  756.40    2396     2971
2014-08-28 07:00:00    462524400  ***  ***    0.5    0.5    0.5   14.6   14.6   78.6   14.3   10.9   12.2  756.40    2396     2992
2014-08-28 07:20:00    462525600  ***  ***    1.2    1.2    1.2   14.8   14.8   73.9   14.3   10.2   11.8  756.40    2397     2997
2014-08-28 07:40:00    462526800  ***  ***    0.0    0.0    0.0   15.1   15.1   72.8   14.6   10.2   11.9  756.50    2395     3005
2014-08-28 08:00:00    462528000  ***  ***    0.4    0.4    0.4   16.6   16.6   64.5   15.6    9.9   12.3  756.40    2396     3054
2014-08-28 08:20:00    462529200  ***  ***    0.8    0.8    0.8   16.7   16.7   65.4   15.7   10.1   12.4  756.70    2394     3055
2014-08-28 08:40:00    462530400  ***  ***    0.0    0.0    0.0   17.8   17.8   64.6   16.8   11.0   13.3  756.60    2395     3099
2014-08-28 09:00:00    462531600  ***  ***    0.8    0.8    0.8   17.4   17.4   67.6   16.6   11.3   13.3  756.70    2394     3085
2014-08-28 09:20:00    462532800  ***  ***    0.7    0.7    0.7   17.8   17.8   63.0   16.7   10.6   13.1  756.70    2393     3094
2014-08-28 09:40:00    462534000  ***  ***    1.2    1.2    1.2   18.1   18.1   64.8   17.1   11.4   13.6  756.70    2394     3108
2014-08-28 10:00:00    462535200  ***  ***    1.2    1.2    1.2   18.4   18.4   61.6   17.2   10.9   13.4  756.70    2393     3116
2014-08-28 10:20:00    462536400  ***  ***    0.8    0.8    0.8   19.7   19.7   55.6   18.8   10.6   13.7  756.50    2395     3161
2014-08-28 10:40:00    462537600  ***  ***    0.0    0.0    0.0   18.5   18.5   50.5   16.7    8.0   11.9  756.60    2395     3111
2014-08-28 11:00:00    462538800  ***  ***    2.3    2.3    2.3   17.5   17.4   54.5   16.0    8.2   11.6  756.60    2394     3076
2014-08-28 11:20:00    462540000  ***  ***    0.8    0.8    0.8   20.2   20.2   59.2   19.6   12.0   14.7  756.60    2394     3179
2014-08-28 11:40:00    462541200  ***  ***    0.7    0.7    0.7   21.5   21.5   50.7   21.2   10.8   14.4  756.40    2396     3220
2014-08-28 12:00:00    462542400  ***  ***    0.6    0.6    0.6   19.6   19.6   54.1   18.5   10.0   13.3  756.20    2399     3158
2014-08-28 12:20:00    462543600  ***  ***    0.9    0.9    0.9   18.8   18.8   48.8   17.2    7.8   11.9  755.80    2402     3127
2014-08-28 12:40:00    462544800  ***  ***    0.7    0.7    0.7   20.9   20.9   43.2   20.0    7.9   12.7  755.80    2402     3198
2014-08-28 13:00:00    462546000  ***  ***    1.2    1.2    1.2   20.5   20.5   46.5   19.5    8.7   12.9  755.60    2404     3191
2014-08-28 13:20:00    462547200  ***  ***    0.0    0.0    0.0   22.4   22.4   42.8   21.5    9.2   13.8  755.50    2405     3257
2014-08-28 13:40:00    462548400  ***  ***    0.5    0.5    0.5   22.5   22.5   41.6   21.6    8.9   13.7  755.50    2406     3261
2014-08-28 14:00:00    462549600  ***  ***    1.1    1.1    1.1   19.7   19.7   44.4   18.2    7.3   11.9  755.30    2409     3165
2014-08-28 14:20:00    462550800  ***  ***    0.8    0.8    0.8   20.7   20.7   41.0   19.6    7.0   12.1  754.90    2413     3202
2014-08-28 14:40:00    462552000  ***  ***    0.0    0.0    0.0   21.0   21.0   43.4   20.1    8.1   12.8  754.80    2414     3216
2014-08-28 15:00:00    462553200  ***  ***    0.4    0.4    0.4   23.3   23.3   42.2   22.3    9.7   14.3  754.60    2416     3299
2014-08-28 15:20:00    462554400  ***  ***    0.9    0.9    0.9   19.9   19.9   44.3   18.5    7.4   12.1  754.60    2416     3178
2014-08-28 15:40:00    462555600  ***  ***    0.6    0.6    0.6   21.5   21.5   47.6   21.1    9.9   13.9  754.30    2418     3245
2014-08-28 16:00:00    462556800  ***  ***    0.8    0.8    0.8   20.5   20.5   44.3   19.4    7.9   12.5  754.50    2417     3202
2014-08-28 16:20:00    462558000  ***  ***    0.0    0.0    0.0   18.9   18.9   50.3   17.3    8.4   12.2  754.40    2418     3153
2014-08-28 16:40:00    462559200  ***  ***    1.1    1.1    1.1   19.3   19.3   45.0   17.7    7.1   11.7  754.30    2419     3164
2014-08-28 17:00:00    462560400  ***  ***    0.4    0.4    0.4   18.7   18.7   54.6   17.3    9.3   12.6  754.30    2419     3150
2014-08-28 17:20:00    462561600  ***  ***    0.0    0.0    0.0   17.3   17.3   54.4   15.8    8.0   11.4  754.40    2418     3097
2014-08-28 17:40:00    462562800  ***  ***    0.6    0.6    0.6   16.7   16.7   52.7   15.2    7.0   10.7  754.40    2417     3074
2014-08-28 18:00:00    462564000  ***  ***    0.0    0.0    0.0   15.9   15.9   53.8   14.5    6.6   10.3  754.40    2418     3049
2014-08-28 18:20:00    462565200  ***  ***    0.8    0.8    0.8   16.6   16.6   49.4   14.9    6.0   10.2  754.40    2418     3069
2014-08-28 18:40:00    462566400  ***  ***    0.5    0.5    0.5   15.5   15.5   56.1   14.2    6.8   10.2  754.30    2418     3034
2014-08-28 19:00:00    462567600  ***  ***    0.0    0.0    0.0   15.1   15.1   58.7   14.0    7.1   10.2  754.50    2417     3021
2014-08-28 19:20:00    462568800  ***  ***    0.0    0.0    0.0   14.5   14.5   61.5   13.5    7.2   10.0  754.60    2416     3000
2014-08-28 19:40:00    462570000  ***  ***    0.0    0.0    0.0   14.2   14.2   63.4   13.3    7.4   10.0  754.90    2413     2985
2014-08-28 20:00:00    462571200  ***  ***    0.0    0.0    0.0   13.7   13.7   66.1   13.0    7.5    9.9  754.90    2411     2968
2014-08-28 20:20:00    462572400  ***  ***    0.7    0.7    0.7   14.8   14.8   59.0   13.7    6.9   10.0  755.20    2410     3000
2014-08-28 20:40:00    462573600  ***  ***    0.5    0.5    0.5   14.0   14.0   62.4   13.1    7.0    9.7  755.20    2409     2973
2014-08-28 21:00:00    462574800  ***  ***    0.9    0.9    0.9   14.6   14.6   57.8   13.4    6.4    9.6  755.00    2411     2994
2014-08-28 21:20:00    462576000  ***  ***    1.2    1.2    1.2   15.2   15.2   54.3   13.8    6.1    9.7  755.10    2411     3012
2014-08-28 21:40:00    462577200  ***  ***    0.9    0.9    0.9   14.5   14.5   56.5   13.3    6.0    9.4  755.10    2411     2988
2014-08-28 22:00:00    462578400  ***  ***    1.2    1.2    1.2   14.5   14.5   58.8   13.4    6.5    9.7  755.20    2409     2987
2014-08-28 22:20:00    462579600  ***  ***    0.0    0.0    0.0   13.4   13.4   64.8   12.6    6.9    9.5  755.10    2411     2953
2014-08-28 22:40:00    462580800  ***  ***    0.7    0.7    0.7   14.1   14.1   60.9   13.1    6.7    9.6  755.20    2410     2978
2014-08-28 23:00:00    462582000  ***  ***    0.0    0.0    0.0   13.4   13.4   62.0   12.5    6.2    9.1  755.00    2411     2950
2014-08-28 23:20:00    462583200  ***  ***    0.0    0.0    0.0   13.1   13.1   66.4   12.4    7.0    9.4  754.90    2413     2946
2014-08-28 23:40:00    462584400  ***  ***    0.0    0.0    0.0   12.8   12.8   68.3   12.2    7.1    9.4  754.70    2414     2939
2014-08-29 00:00:00    462585600  ***  ***    0.4    0.4    0.4   13.1   13.1   61.2   12.2    5.8    8.8  754.90    2413     2944
2014-08-29 00:20:00    462586800  ***  ***    0.0    0.0    0.0   12.9   12.9   63.3   12.1    6.1    8.8  754.70    2415     2939
2014-08-29 00:40:00    462588000  ***  ***    0.6    0.6    0.6   13.4   13.4   56.7   12.3    5.0    8.5  754.50    2417     2955
2014-08-29 01:00:00    462589200  ***  ***    0.0    0.0    0.0   12.9   12.9   58.7   11.9    5.0    8.2  754.50    2417     2938
2014-08-29 01:20:00    462590400  ***  ***    0.3    0.3    0.3   12.6   12.6   59.5   11.7    5.0    8.1  754.30    2418     2932
2014-08-29 01:40:00    462591600  ***  ***    0.4    0.4    0.3   13.3   13.3   55.8   12.2    4.7    8.2  754.20    2420     2956
2014-08-29 02:00:00    462592800  ***  ***    0.5    0.5    0.5   13.1   13.1   55.2   12.0    4.3    8.0  754.00    2422     2949
2014-08-29 02:20:00    462594000  ***  ***    0.5    0.5    0.5   13.6   13.6   51.9   12.3    3.9    8.0  754.20    2420     2965
2014-08-29 02:40:00    462595200  ***  ***    0.0    0.0    0.0   13.0   13.0   55.6   11.9    4.4    8.1  753.90    2423     2949
2014-08-29 03:00:00    462596400  ***  ***    0.0    0.0    0.0   12.6   12.6   56.0   11.5    4.1    7.7  753.90    2423     2934
2014-08-29 03:20:00    462597600  ***  ***    0.0    0.0    0.0   12.5   12.5   56.3   11.5    4.1    7.7  753.80    2424     2933
2014-08-29 03:40:00    462598800  ***  ***    0.0    0.0    0.0   12.7   12.7   56.4   11.7    4.2    7.8  753.80    2423     2936
2014-08-29 04:00:00    462600000  ***  ***    0.0    0.0    0.0   12.1   12.1   60.3   11.3    4.7    7.8  753.80    2423     2920
2014-08-29 04:20:00    462601200  ***  ***    0.0    0.0    0.0   12.1   12.1   59.8   11.2    4.6    7.8  753.80    2424     2921
2014-08-29 04:40:00    462602400  ***  ***    0.0    0.0    0.0   11.8   11.8   60.3   11.0    4.4    7.6  753.70    2424     2908
2014-08-29 05:00:00    462603600  ***  ***    0.0    0.0    0.0   11.7   11.7   60.2   10.9    4.3    7.5  753.60    2426     2908
2014-08-29 05:20:00    462604800  ***  ***    0.0    0.0    0.0   12.2   12.2   57.9   11.2    4.1    7.6  753.90    2423     2920
2014-08-29 05:40:00    462606000  ***  ***    0.0    0.0    0.0   12.3   12.3   56.4   11.3    3.9    7.5  754.00    2422     2922
2014-08-29 06:00:00    462607200  ***  ***    0.0    0.0    0.0   12.9   12.9   54.1   11.7    3.8    7.7  754.10    2420     2939
2014-08-29 06:20:00    462608400  ***  ***    0.0    0.0    0.0   14.4   14.4   49.1   12.9    3.8    8.2  754.20    2420     2989
2014-08-29 06:40:00    462609600  ***  ***    0.5    0.5    0.5   16.0   16.0   45.0   14.2    4.1    9.0  754.20    2420     3045
2014-08-29 07:00:00    462610800  ***  ***    0.0    0.0    0.0   17.0   17.0   44.2   15.0    4.7    9.7  754.20    2419     3077
2014-08-29 07:20:00    462612000  ***  ***    0.5    0.5    0.5   16.9   16.9   48.2   15.1    5.9   10.3  754.30    2419     3079
2014-08-29 07:40:00    462613200  ***  ***    0.8    0.8    0.8   17.1   17.1   43.8   15.1    4.7    9.7  754.40    2417     3080
2014-08-29 08:00:00    462614400  ***  ***    0.0    0.0    0.0   20.7   20.7   39.1   19.5    6.3   11.8  754.40    2417     3202
2014-08-29 08:20:00    462615600  ***  ***    0.8    0.8    0.8   18.3   18.3   43.8   16.2    5.8   10.7  754.40    2418     3125
2014-08-29 08:40:00    462616800  ***  ***    0.7    0.7    0.7   18.6   18.6   43.4   16.6    6.0   11.0  754.50    2417     3135
2014-08-29 09:00:00    462618000  ***  ***    0.0    0.0    0.0   21.4   21.4   36.9   20.4    6.1   11.9  754.60    2415     3225
2014-08-29 09:20:00    462619200  ***  ***    0.8    0.8    0.8   20.9   20.9   45.5   20.1    8.7   13.1  754.70    2415     3216
2014-08-29 09:40:00    462620400  ***  ***    0.0    0.0    0.0   24.0   24.0   36.9   22.7    8.4   13.9  754.90    2413     3313
2014-08-29 10:00:00    462621600  ***  ***    1.2    1.2    1.2   20.4   20.4   42.2   19.1    7.1   12.1  754.70    2414     3192
2014-08-29 10:20:00    462622800  ***  ***    1.4    1.4    1.4   20.4   20.4   43.1   19.2    7.4   12.2  755.00    2411     3190
2014-08-29 10:40:00    462624000  ***  ***    1.9    1.9    1.9   21.8   21.8   45.0   21.2    9.4   13.7  754.90    2413     3246
2014-08-29 11:00:00    462625200  ***  ***    0.9    0.9    0.9   20.6   20.6   47.0   19.7    8.9   13.0  754.70    2415     3207
2014-08-29 11:20:00    462626400  ***  ***    1.6    1.6    1.6   20.6   20.6   43.6   19.5    7.8   12.5  754.70    2414     3201
2014-08-29 11:40:00    462627600  ***  ***    0.0    0.0    0.0   22.0   22.0   48.2   21.5   10.5   14.4  754.60    2415     3258
2014-08-29 12:00:00    462628800  ***  ***    1.6    1.6    1.6   19.3   19.3   49.6   17.9    8.5   12.4  754.50    2416     3165
2014-08-29 12:20:00    462630000  ***  ***    0.0    0.0    0.0   20.4   20.4   42.3   19.1    7.2   12.2  754.50    2416     3196
2014-08-29 12:40:00    462631200  ***  ***    0.4    0.4    0.4   21.6   21.6   41.1   20.8    7.8   12.8  754.40    2418     3239
2014-08-29 13:00:00    462632400  ***  ***    1.2    1.2    1.2   20.1   20.1   43.3   18.8    7.3   12.1  754.20    2420     3192
2014-08-29 13:20:00    462633600  ***  ***    0.7    0.7    0.7   21.7   21.7   41.5   20.9    8.1   13.0  754.30    2419     3245
2014-08-29 13:40:00    462634800  ***  ***    0.0    0.0    0.0   22.1   22.1   41.6   21.3    8.5   13.3  754.20    2419     3261
2014-08-29 14:00:00    462636000  ***  ***    0.0    0.0    0.0   20.7   20.7   48.0   19.9    9.3   13.3  754.10    2421     3218
2014-08-29 14:20:00    462637200  ***  ***    0.0    0.0    0.0   20.7   20.7   38.7   19.5    6.2   11.8  754.00    2422     3211
2014-08-29 14:40:00    462638400  ***  ***    1.2    1.2    1.2   21.6   21.6   41.9   20.8    8.1   12.9  753.70    2425     3250
2014-08-29 15:00:00    462639600  ***  ***    2.4    2.4    2.4   20.7   20.7   43.9   19.7    7.9   12.6  753.50    2427     3221
2014-08-29 15:20:00    462640800  ***  ***    1.0    1.0    1.0   21.3   21.3   44.9   20.6    8.8   13.2  753.40    2428     3246
2014-08-29 15:40:00    462642000  ***  ***    0.5    0.5    0.5   21.5   21.5   40.9   20.8    7.6   12.6  753.40    2428     3247
2014-08-29 16:00:00    462643200  ***  ***    1.5    1.5    1.5   21.2   21.2   48.9   20.6   10.0   13.8  753.30    2429     3249
2014-08-29 16:20:00    462644400  ***  ***    0.0    0.0    0.0   23.7   23.7   36.1   22.3    7.8   13.5  753.50    2427     3322
2014-08-29 16:40:00    462645600  ***  ***    0.6    0.6    0.6   20.7   20.7   41.3   19.6    7.1   12.2  753.30    2428     3219
2014-08-29 17:00:00    462646800  ***  ***    0.9    0.9    0.9   20.5   20.5   43.3   19.4    7.6   12.3  753.30    2429     3216
2014-08-29 17:20:00    462648000  ***  ***    0.0    0.0    0.0   18.6   18.6   53.6   17.1    9.0   12.4  753.20    2430     3162
2014-08-29 17:40:00    462649200  ***  ***    0.0    0.0    0.0   17.8   17.8   54.5   16.3    8.5   11.9  753.30    2428     3130
2014-08-29 18:00:00    462650400  ***  ***    0.0    0.0    0.0   17.0   17.0   52.4   15.4    7.2   11.0  753.50    2427     3098
2014-08-29 18:20:00    462651600  ***  ***    0.6    0.6    0.6   16.7   16.7   52.1   15.1    6.8   10.6  753.50    2427     3085
2014-08-29 18:40:00    462652800  ***  ***    0.0    0.0    0.0   15.6   15.6   55.9   14.3    6.9   10.3  753.60    2426     3049
2014-08-29 19:00:00    462654000  ***  ***    0.0    0.0    0.0   14.8   14.8   60.9   13.8    7.3   10.2  753.60    2426     3022
2014-08-29 19:20:00    462655200  ***  ***    0.0    0.0    0.0   15.6   15.6   53.4   14.2    6.2    9.9  754.00    2422     3041
2014-08-29 19:40:00    462656400  ***  ***    0.0    0.0    0.0   16.4   16.4   47.8   14.6    5.3    9.8  754.40    2418     3060
2014-08-29 20:00:00    462657600  ***  ***    0.0    0.0    0.0   16.5   16.5   45.0   14.6    4.5    9.4  754.40    2418     3061
2014-08-29 20:20:00    462658800  ***  ***    0.0    0.0    0.0   16.6   16.6   44.3   14.6    4.4    9.4  754.50    2417     3061
2014-08-29 20:40:00    462660000  ***  ***    0.0    0.0    0.0   16.1   16.1   43.8   14.2    3.8    8.9  754.70    2414     3042
2014-08-29 21:00:00    462661200  ***  ***    0.0    0.0    0.0   16.6   16.6   41.7   14.6    3.5    9.0  754.40    2417     3060
2014-08-29 21:20:00    462662400  ***  ***    0.0    0.0    0.0   16.5   16.5   42.0   14.5    3.6    9.0  754.70    2414     3053
2014-08-29 21:40:00    462663600  ***  ***    0.0    0.0    0.0   17.3   17.3   39.8   15.1    3.5    9.3  754.70    2415     3081
2014-08-29 22:00:00    462664800  ***  ***    0.0    0.0    0.0   16.2   16.2   44.5   14.3    4.1    9.1  754.80    2414     3043
2014-08-29 22:20:00    462666000  ***  ***    0.8    0.8    0.8   15.5   15.5   46.7   13.8    4.1    8.9  754.60    2416     3022
2014-08-29 22:40:00    462667200  ***  ***    0.0    0.0    0.0   15.8   15.8   42.2   13.9    3.0    8.5  754.70    2415     3031
2014-08-29 23:00:00    462668400  ***  ***    0.6    0.6    0.6   15.7   15.7   43.4   13.8    3.3    8.5  754.60    2416     3027
2014-08-29 23:20:00    462669600  ***  ***    0.8    0.8    0.8   15.7   15.7   43.0   13.8    3.2    8.5  754.70    2415     3027
2014-08-29 23:40:00    462670800  ***  ***    0.0    0.0    0.0   15.7   15.7   43.3   13.8    3.3    8.5  754.70    2415     3028
2014-08-30 00:00:00    462672000  ***  ***    0.9    0.9    0.9   15.1   15.1   47.1   13.5    3.9    8.6  754.90    2413     3004
2014-08-30 00:20:00    462673200  ***  ***    0.7    0.7    0.7   15.6   15.6   44.4   13.8    3.6    8.6  755.20    2410     3018
2014-08-30 00:40:00    462674400  ***  ***    0.8    0.8    0.8   14.8   14.8   48.6   13.2    4.1    8.6  754.90    2411     2993
2014-08-30 01:00:00    462675600  ***  ***    0.8    0.8    0.8   15.5   15.5   45.0   13.8    3.6    8.6  755.10    2411     3016
2014-08-30 01:20:00    462676800  ***  ***    1.0    1.0    1.0   15.6   15.6   44.5   13.8    3.6    8.6  754.90    2413     3021
2014-08-30 01:40:00    462678000  ***  ***    1.3    1.3    1.3   16.0   16.0   42.5   14.0    3.2    8.6  754.80    2413     3032
2014-08-30 02:00:00    462679200  ***  ***    0.0    0.0    0.0   14.1   14.1   49.2   12.7    3.7    8.2  754.60    2416     2976
2014-08-30 02:20:00    462680400  ***  ***    0.0    0.0    0.0   14.5   14.5   46.6   12.9    3.2    8.1  754.80    2414     2983
2014-08-30 02:40:00    462681600  ***  ***    0.0    0.0    0.0   14.5   14.5   46.0   12.9    3.0    8.0  754.80    2414     2982
2014-08-30 03:00:00    462682800  ***  ***    0.0    0.0    0.0   14.7   14.7   43.1   13.0    2.3    7.7  754.80    2414     2989
2014-08-30 03:20:00    462684000  ***  ***    0.0    0.0    0.0   14.5   14.5   42.8   12.7    2.0    7.6  754.70    2414     2981
2014-08-30 03:40:00    462685200  ***  ***    0.8    0.8    0.8   15.4   15.4   39.3   13.4    1.6    7.8  754.60    2415     3011
2014-08-30 04:00:00    462686400  ***  ***    0.0    0.0    0.0   14.8   14.8   41.0   13.0    1.6    7.5  754.80    2413     2988
2014-08-30 04:20:00    462687600  ***  ***    0.0    0.0    0.0   15.0   15.0   42.1   13.1    2.2    7.8  754.70    2415     2999
2014-08-30 04:40:00    462688800  ***  ***    0.6    0.6    0.6   14.7   14.7   43.4   13.0    2.4    7.8  754.80    2413     2987
2014-08-30 05:00:00    462690000  ***  ***    0.0    0.0    0.0   14.6   14.6   44.1   12.9    2.5    7.8  755.00    2411     2984
2014-08-30 05:20:00    462691200  ***  ***    0.8    0.8    0.8   14.8   14.8   44.3   13.1    2.7    8.0  754.90    2411     2990
2014-08-30 05:40:00    462692400  ***  ***    0.0    0.0    0.0   14.4   14.4   46.2   12.8    3.0    8.0  755.00    2411     2978
2014-08-30 06:00:00    462693600  ***  ***    0.9    0.9    0.9   14.4   14.4   47.0   12.9    3.3    8.0  755.40    2408     2974
2014-08-30 06:20:00    462694800  ***  ***    0.8    0.8    0.8   16.2   16.2   42.4   14.2    3.4    8.8  755.20    2410     3035
2014-08-30 06:40:00    462696000  ***  ***    1.0    1.0    1.0   17.7   17.7   42.2   15.5    4.7    9.9  755.40    2408     3089
2014-08-30 07:00:00    462697200  ***  ***    0.7    0.7    0.7   19.6   19.6   38.8   17.9    5.2   10.8  755.20    2409     3155
2014-08-30 07:20:00    462698400  ***  ***    1.0    1.0    1.0   19.2   19.2   37.1   17.2    4.2   10.4  755.40    2408     3135
2014-08-30 07:40:00    462699600  ***  ***    0.0    0.0    0.0   21.1   21.1   37.3   20.0    6.0   11.8  755.20    2409     3206
2014-08-30 08:00:00    462700800  ***  ***    1.7    1.7    1.7   20.3   20.3   40.8   19.0    6.6   11.9  755.40    2408     3181
2014-08-30 08:20:00    462702000  ***  ***    0.8    0.8    0.8   21.4   21.4   37.9   20.4    6.5   12.1  755.50    2406     3214
2014-08-30 08:40:00    462703200  ***  ***    0.4    0.4    0.4   22.3   22.3   35.5   21.1    6.3   12.4  755.80    2403     3239
2014-08-30 09:00:00    462704400  ***  ***    1.8    1.8    1.8   22.9   22.9   40.6   21.9    8.8   13.7  755.70    2403     3269
2014-08-30 09:20:00    462705600  ***  ***    1.4    1.4    1.4   22.0   22.0   35.8   20.9    6.2   12.2  755.80    2402     3230
2014-08-30 09:40:00    462706800  ***  ***    0.7    0.7    0.7   23.3   23.3   34.5   21.9    6.8   12.9  755.80    2403     3274
2014-08-30 10:00:00    462708000  ***  ***    1.1    1.1    1.1   23.7   23.7   34.3   22.2    7.1   13.2  756.00    2401     3285
2014-08-30 10:20:00    462709200  ***  ***    1.1    1.1    1.1   22.2   22.2   35.2   21.0    6.1   12.2  755.70    2403     3234
2014-08-30 10:40:00    462710400  ***  ***    0.0    0.0    0.0   21.4   21.4   45.6   20.8    9.1   13.4  755.70    2403     3219
2014-08-30 11:00:00    462711600  ***  ***    2.0    2.0    2.0   21.7   21.7   39.5   20.8    7.4   12.6  755.40    2408     3231
2014-08-30 11:20:00    462712800  ***  ***    0.5    0.5    0.5   22.1   22.1   37.6   21.1    6.9   12.6  755.50    2406     3239
2014-08-30 11:40:00    462714000  ***  ***    0.0    0.0    0.0   24.3   24.3   32.8   22.6    6.9   13.3  755.60    2405     3309
2014-08-30 12:00:00    462715200  ***  ***    0.4    0.4    0.4   21.4   21.4   47.7   20.9    9.8   13.8  755.50    2406     3227
2014-08-30 12:20:00    462716400  ***  ***    0.9    0.9    0.9   21.4   21.4   43.0   20.7    8.3   13.0  755.20    2409     3224
2014-08-30 12:40:00    462717600  ***  ***    0.8    0.8    0.8   20.9   20.9   45.0   20.1    8.5   12.9  755.20    2409     3206
2014-08-30 13:00:00    462718800  ***  ***    0.4    0.4    0.4   23.0   23.0   38.1   21.8    8.0   13.3  755.10    2411     3277
2014-08-30 13:20:00    462720000  ***  ***    0.0    0.0    0.0   21.7   21.7   44.7   21.0    9.2   13.5  754.90    2411     3243
2014-08-30 13:40:00    462721200  ***  ***    0.0    0.0    0.0   22.9   22.9   38.6   21.8    8.1   13.4  754.80    2414     3279
2014-08-30 14:00:00    462722400  ***  ***    0.0    0.0    0.0   22.8   22.8   36.8   21.6    7.3   12.9  754.50    2417     3278
2014-08-30 14:20:00    462723600  ***  ***    0.5    0.5    0.5   21.5   21.5   39.6   20.7    7.2   12.5  754.50    2416     3233
2014-08-30 14:40:00    462724800  ***  ***    0.4    0.4    0.4   23.2   23.2   35.4   21.9    7.1   13.0  754.10    2421     3294
2014-08-30 15:00:00    462726000  ***  ***    0.9    0.9    0.9   22.9   22.9   32.3   21.5    5.5   12.2  754.20    2419     3275
2014-08-30 15:20:00    462727200  ***  ***    0.5    0.5    0.5   24.8   24.8   34.5   23.2    8.1   14.0  754.00    2422     3349
2014-08-30 15:40:00    462728400  ***  ***    0.9    0.9    0.9   22.7   22.7   34.5   21.4    6.3   12.5  753.90    2422     3277
2014-08-30 16:00:00    462729600  ***  ***    0.6    0.6    0.6   23.5   23.5   33.6   22.0    6.6   12.9  754.00    2422     3303
2014-08-30 16:20:00    462730800  ***  ***    0.9    0.9    0.9   22.1   22.1   35.0   21.0    5.9   12.1  754.10    2421     3253
2014-08-30 16:40:00    462732000  ***  ***    0.7    0.7    0.7   22.9   22.9   35.4   21.6    6.8   12.8  754.00    2422     3284
2014-08-30 17:00:00    462733200  ***  ***    0.7    0.7    0.7   22.1   22.1   35.5   21.0    6.1   12.2  753.80    2424     3259
2014-08-30 17:20:00    462734400  ***  ***    0.3    0.3    0.3   20.6   20.6   37.0   19.2    5.4   11.3  754.00    2421     3202
2014-08-30 17:40:00    462735600  ***  ***    0.0    0.0    0.0   19.9   19.9   40.9   18.4    6.3   11.5  753.90    2423     3186
2014-08-30 18:00:00    462736800  ***  ***    0.0    0.0    0.0   19.6   19.6   40.0   17.9    5.6   11.1  754.10    2421     3169
2014-08-30 18:20:00    462738000  ***  ***    0.0    0.0    0.0   19.1   19.1   42.6   17.2    6.1   11.1  754.00    2422     3157
2014-08-30 18:40:00    462739200  ***  ***    0.0    0.0    0.0   18.4   18.4   45.2   16.4    6.3   11.0  754.00    2422     3135
2014-08-30 19:00:00    462740400  ***  ***    0.0    0.0    0.0   18.4   18.4   45.7   16.4    6.5   11.1  754.00    2422     3136
2014-08-30 19:20:00    462741600  ***  ***    0.7    0.7    0.7   17.8   17.8   48.2   15.9    6.7   11.0  754.40    2418     3112
2014-08-30 19:40:00    462742800  ***  ***    0.0    0.0    0.0   18.0   18.0   45.0   16.0    5.9   10.6  754.60    2415     3112
2014-08-30 20:00:00    462744000  ***  ***    1.0    1.0    1.0   18.5   18.5   41.2   16.3    5.1   10.5  754.80    2414     3124
2014-08-30 20:20:00    462745200  ***  ***    0.6    0.6    0.6   18.2   18.2   41.6   16.0    4.9   10.3  754.70    2414     3112
2014-08-30 20:40:00    462746400  ***  ***    0.4    0.4    0.4   17.4   17.4   43.2   15.4    4.7    9.8  754.90    2413     3085
2014-08-30 21:00:00    462747600  ***  ***    0.0    0.0    0.0   17.5   17.5   40.2   15.3    3.9    9.5  754.90    2411     3085
2014-08-30 21:20:00    462748800  ***  ***    0.0    0.0    0.0   17.9   17.9   38.9   15.6    3.8    9.6  754.70    2414     3102
2014-08-30 21:40:00    462750000  ***  ***    0.0    0.0    0.0   17.9   17.9   38.2   15.5    3.5    9.5  754.80    2413     3099
2014-08-30 22:00:00    462751200  ***  ***    0.0    0.0    0.0   16.9   16.9   41.5   14.8    3.8    9.3  754.70    2414     3067
2014-08-30 22:20:00    462752400  ***  ***    0.0    0.0    0.0   16.5   16.5   46.3   14.6    4.9    9.6  754.90    2413     3054
2014-08-30 22:40:00    462753600  ***  ***    0.0    0.0    0.0   16.8   16.8   49.2   15.1    6.1   10.3  754.80    2414     3070
2014-08-30 23:00:00    462754800  ***  ***    0.0    0.0    0.0   16.5   16.5   52.7   15.0    6.9   10.6  754.70    2414     3064
2014-08-30 23:20:00    462756000  ***  ***    0.9    0.9    0.9   17.5   17.5   49.4   15.7    6.8   10.9  754.70    2414     3096
2014-08-30 23:40:00    462757200  ***  ***    0.0    0.0    0.0   17.3   17.3   47.2   15.5    5.9   10.4  754.60    2415     3086
2014-08-31 00:00:00    462758400  ***  ***    0.9    0.9    0.9   16.8   16.8   46.5   14.9    5.3    9.9  754.70    2414     3067
2014-08-31 00:20:00    462759600  ***  ***    0.8    0.8    0.8   16.8   16.8   44.2   14.8    4.5    9.5  754.70    2415     3066
2014-08-31 00:40:00    462760800  ***  ***    0.5    0.5    0.5   15.9   15.9   48.1   14.2    4.9    9.4  754.60    2415     3036
2014-08-31 01:00:00    462762000  ***  ***    0.5    0.5    0.5   14.3   14.3   54.8   13.1    5.4    9.0  754.70    2414     2985
2014-08-31 01:20:00    462763200  ***  ***    0.4    0.4    0.4   15.0   15.0   50.4   13.5    4.8    9.0  754.70    2414     3005
2014-08-31 01:40:00    462764400  ***  ***    0.5    0.5    0.5   14.4   14.4   51.8   13.0    4.6    8.7  754.90    2411     2983
2014-08-31 02:00:00    462765600  ***  ***    0.9    0.9    0.9   14.2   14.2   54.3   12.9    5.1    8.9  754.90    2413     2977
2014-08-31 02:20:00    462766800  ***  ***    0.0    0.0    0.0   15.1   15.1   48.8   13.6    4.4    8.9  754.70    2414     3010
2014-08-31 02:40:00    462768000  ***  ***    1.3    1.3    1.3   14.5   14.5   52.4   13.1    4.9    8.9  754.90    2413     2989
2014-08-31 03:00:00    462769200  ***  ***    0.5    0.5    0.5   15.0   15.0   49.4   13.5    4.5    8.9  754.90    2413     3003
2014-08-31 03:20:00    462770400  ***  ***    0.6    0.6    0.6   14.1   14.1   53.8   12.8    4.9    8.7  754.70    2415     2976
2014-08-31 03:40:00    462771600  ***  ***    0.6    0.6    0.6   13.8   13.8   55.4   12.6    5.0    8.6  754.70    2414     2965
2014-08-31 04:00:00    462772800  ***  ***    0.8    0.8    0.8   13.5   13.5   57.2   12.4    5.2    8.6  754.90    2413     2954
2014-08-31 04:20:00    462774000  ***  ***    0.7    0.7    0.7   13.5   13.5   56.0   12.3    4.9    8.5  754.70    2414     2956
2014-08-31 04:40:00    462775200  ***  ***    0.0    0.0    0.0   14.7   14.7   48.5   13.1    3.9    8.5  755.00    2411     2991
2014-08-31 05:00:00    462776400  ***  ***    0.0    0.0    0.0   14.5   14.5   50.7   13.1    4.4    8.6  754.70    2414     2987
2014-08-31 05:20:00    462777600  ***  ***    0.5    0.5    0.5   14.4   14.4   50.8   13.0    4.3    8.5  754.90    2413     2982
2014-08-31 05:40:00    462778800  ***  ***    0.4    0.4    0.4   14.6   14.6   49.2   13.1    4.1    8.5  755.20    2410     2985
2014-08-31 06:00:00    462780000  ***  ***    0.7    0.7    0.7   14.9   14.9   48.1   13.3    4.1    8.6  755.20    2409     2995
2014-08-31 06:20:00    462781200  ***  ***    0.7    0.7    0.7   14.9   14.9   51.5   13.5    5.0    9.0  755.20    2410     2999
2014-08-31 06:40:00    462782400  ***  ***    0.0    0.0    0.0   17.8   17.8   44.7   15.7    5.7   10.5  755.30    2408     3095
2014-08-31 07:00:00    462783600  ***  ***    0.7    0.7    0.7   18.1   18.1   42.0   15.9    5.0   10.3  755.20    2410     3106
2014-08-31 07:20:00    462784800  ***  ***    0.5    0.5    0.5   18.2   18.2   43.4   16.1    5.6   10.6  755.30    2409     3110
2014-08-31 07:40:00    462786000  ***  ***    0.9    0.9    0.9   18.7   18.7   42.2   16.6    5.6   10.7  755.30    2408     3124
2014-08-31 08:00:00    462787200  ***  ***    0.7    0.7    0.7   19.9   19.9   41.5   18.4    6.4   11.5  755.60    2404     3161
2014-08-31 08:20:00    462788400  ***  ***    1.0    1.0    1.0   19.2   19.2   41.4   17.4    5.8   11.0  755.50    2405     3137
2014-08-31 08:40:00    462789600  ***  ***    1.6    1.6    1.6   20.1   20.1   42.3   18.7    6.9   11.9  755.70    2403     3167
2014-08-31 09:00:00    462790800  ***  ***    1.3    1.3    1.3   19.8   19.8   44.4   18.4    7.3   12.0  755.40    2406     3163
2014-08-31 09:20:00    462792000  ***  ***    0.8    0.8    0.8   20.9   20.9   45.5   20.1    8.7   13.1  755.70    2403     3202
2014-08-31 09:40:00    462793200  ***  ***    0.5    0.5    0.5   21.3   21.3   44.6   20.6    8.8   13.2  755.80    2403     3216
2014-08-31 10:00:00    462794400  ***  ***    0.6    0.6    0.6   21.7   21.7   45.3   21.1    9.3   13.6  755.80    2403     3229
2014-08-31 10:20:00    462795600  ***  ***    0.5    0.5    0.5   23.0   23.0   34.4   21.7    6.5   12.7  755.90    2402     3261
2014-08-31 10:40:00    462796800  ***  ***    1.5    1.5    1.5   20.5   20.5   44.9   19.4    8.1   12.6  755.70    2403     3186
2014-08-31 11:00:00    462798000  ***  ***    0.6    0.6    0.6   22.4   22.4   42.6   21.5    9.1   13.8  755.60    2404     3254
2014-08-31 11:20:00    462799200  ***  ***    0.5    0.5    0.5   23.0   23.0   40.5   22.0    8.9   13.8  755.40    2406     3275
2014-08-31 11:40:00    462800400  ***  ***    0.9    0.9    0.9   22.9   22.9   40.3   21.9    8.7   13.7  755.40    2406     3272
2014-08-31 12:00:00    462801600  ***  ***    0.6    0.6    0.6   22.2   22.2   38.4   21.2    7.4   12.8  755.50    2406     3245
2014-08-31 12:20:00    462802800  ***  ***    0.6    0.6    0.6   26.4   26.4   33.6   24.9    9.1   15.0  755.20    2409     3390
2014-08-31 12:40:00    462804000  ***  ***    1.6    1.6    1.6   22.6   22.6   39.2   21.6    8.0   13.2  755.10    2410     3262
2014-08-31 13:00:00    462805200  ***  ***    0.3    0.3    0.3   22.0   22.0   37.0   21.0    6.7   12.4  755.10    2411     3241
2014-08-31 13:20:00    462806400  ***  ***    1.1    1.1    1.1   23.0   23.0   39.6   21.9    8.5   13.6  755.10    2411     3279
2014-08-31 13:40:00    462807600  ***  ***    0.8    0.8    0.8   22.7   22.7   32.9   21.3    5.6   12.2  754.80    2413     3262
2014-08-31 14:00:00    462808800  ***  ***    0.7    0.7    0.7   22.4   22.4   36.8   21.3    6.9   12.7  754.60    2416     3260
2014-08-31 14:20:00    462810000  ***  ***    0.0    0.0    0.0   24.0   24.0   32.9   22.4    6.7   13.1  754.60    2416     3313
2014-08-31 14:40:00    462811200  ***  ***    2.0    2.0    2.0   21.7   21.7   36.4   20.6    6.2   12.1  754.60    2415     3233
2014-08-31 15:00:00    462812400  ***  ***    1.8    1.8    1.8   22.4   22.4   39.9   21.4    8.1   13.2  754.20    2420     3270
2014-08-31 15:20:00    462813600  ***  ***    1.4    1.4    1.4   22.4   22.4   38.6   21.4    7.7   13.0  753.90    2422     3272
2014-08-31 15:40:00    462814800  ***  ***    0.4    0.4    0.4   23.3   23.3   37.3   22.1    7.9   13.4  753.80    2424     3304
2014-08-31 16:00:00    462816000  ***  ***    0.5    0.5    0.5   23.9   23.9   37.5   22.6    8.6   14.0  754.00    2422     3324
2014-08-31 16:20:00    462817200  ***  ***    0.4    0.4    0.4   22.2   22.2   43.4   21.5    9.2   13.7  753.90    2423     3271
2014-08-31 16:40:00    462818400  ***  ***    0.8    0.8    0.8   19.9   19.9   43.3   18.5    7.1   11.9  753.90    2422     3186
2014-08-31 17:00:00    462819600  ***  ***    1.5    1.5    1.5   20.3   20.3   45.2   19.2    8.1   12.5  753.80    2424     3206
2014-08-31 17:20:00    462820800  ***  ***    0.0    0.0    0.0   19.8   19.8   43.5   18.4    7.1   11.9  753.70    2425     3188
2014-08-31 17:40:00    462822000  ***  ***    0.9    0.9    0.9   19.1   19.1   45.4   17.4    7.0   11.5  753.60    2426     3163
2014-08-31 18:00:00    462823200  ***  ***    0.0    0.0    0.0   19.0   19.0   46.1   17.3    7.2   11.6  753.50    2426     3162
2014-08-31 18:20:00    462824400  ***  ***    1.4    1.4    1.4   19.0   19.0   46.1   17.3    7.1   11.6  753.70    2424     3158
2014-08-31 18:40:00    462825600  ***  ***    1.0    1.0    1.0   18.8   18.8   42.9   16.9    6.0   11.0  753.80    2423     3148
2014-08-31 19:00:00    462826800  ***  ***    1.1    1.1    1.1   18.6   18.6   37.8   16.3    3.9    9.9  753.80    2424     3136
2014-08-31 19:20:00    462828000  ***  ***    0.0    0.0    0.0   17.9   17.9   38.2   15.5    3.5    9.5  753.80    2423     3112
2014-08-31 19:40:00    462829200  ***  ***    1.6    1.6    1.6   18.0   18.0   37.6   15.6    3.3    9.4  754.20    2420     3110
2014-08-31 20:00:00    462830400  ***  ***    1.5    1.5    1.5   18.4   18.4   35.1   15.9    2.7    9.4  754.50    2417     3119
2014-08-31 20:20:00    462831600  ***  ***    1.0    1.0    1.0   17.6   17.6   37.2   15.2    2.8    9.1  754.60    2415     3088
2014-08-31 20:40:00    462832800  ***  ***    0.0    0.0    0.0   15.7   15.7   46.4   13.9    4.2    9.0  754.70    2415     3027
2014-08-31 21:00:00    462834000  ***  ***    1.3    1.3    1.3   17.7   17.7   36.8   15.3    2.7    9.1  754.50    2417     3095
2014-08-31 21:20:00    462835200  ***  ***    1.9    1.9    1.9   17.4   17.4   37.7   15.1    2.8    9.0  754.50    2417     3084
2014-08-31 21:40:00    462836400  ***  ***    1.3    1.3    1.3   17.2   17.2   38.4   14.9    2.9    9.0  754.60    2416     3075
2014-08-31 22:00:00    462837600  ***  ***    1.3    1.3    1.3   16.6   16.6   40.3   14.5    3.1    8.8  754.70    2414     3055
2014-08-31 22:20:00    462838800  ***  ***    1.0    1.0    1.0   16.7   16.7   39.8   14.6    2.9    8.8  755.00    2411     3054
2014-08-31 22:40:00    462840000  ***  ***    0.8    0.8    0.8   17.0   17.0   39.1   14.8    3.0    9.0  754.80    2414     3067
2014-08-31 23:00:00    462841200  ***  ***    0.5    0.5    0.5   15.8   15.8   44.7   13.9    3.8    8.8  754.90    2411     3027
2014-08-31 23:20:00    462842400  ***  ***    1.6    1.6    1.6   16.3   16.3   41.7   14.3    3.3    8.8  754.80    2413     3044
2014-08-31 23:40:00    462843600  ***  ***    1.4    1.4    1.4   16.0   16.0   42.0   14.0    3.1    8.6  754.90    2413     3034
2014-09-01 00:00:00    462844800  ***  ***    0.8    0.8    0.8   15.6   15.6   44.5   13.8    3.6    8.6  754.70    2414     3022
2014-09-01 00:20:00    462846000  ***  ***    0.6    0.6    0.6   15.1   15.1   47.1   13.5    3.9    8.6  754.70    2414     3006
2014-09-01 00:40:00    462847200  ***  ***    1.5    1.5    1.5   15.8   15.8   43.6   13.9    3.4    8.6  754.70    2415     3031
2014-09-01 01:00:00    462848400  ***  ***    2.1    2.1    2.1   15.9   15.5   43.0   14.0    3.4    8.7  754.60    2416     3036
2014-09-01 01:20:00    462849600  ***  ***    1.6    1.6    1.6   15.9   15.9   43.4   14.0    3.5    8.8  754.80    2414     3032
2014-09-01 01:40:00    462850800  ***  ***    0.8    0.8    0.8   15.3   15.3   45.7   13.6    3.7    8.6  754.40    2417     3018
2014-09-01 02:00:00    462852000  ***  ***    1.4    1.4    1.4   15.2   15.2   45.8   13.5    3.6    8.5  754.30    2418     3015
2014-09-01 02:20:00    462853200  ***  ***    0.6    0.6    0.6   14.7   14.7   48.0   13.1    3.8    8.4  754.30    2418     2997
2014-09-01 02:40:00    462854400  ***  ***    1.1    1.1    1.1   13.9   13.9   50.6   12.5    3.9    8.2  754.10    2421     2976
2014-09-01 03:00:00    462855600  ***  ***    0.0    0.0    0.0   14.0   14.0   48.9   12.6    3.5    8.1  754.00    2422     2981
2014-09-01 03:20:00    462856800  ***  ***    0.0    0.0    0.0   13.7   13.7   50.5   12.3    3.6    7.9  754.00    2421     2967
2014-09-01 03:40:00    462858000  ***  ***    0.0    0.0    0.0   13.3   13.3   52.7   12.1    3.8    7.8  753.90    2422     2957
2014-09-01 04:00:00    462859200  ***  ***    0.9    0.9    0.9   13.4   13.4   52.0   12.1    3.8    7.9  754.00    2422     2960
2014-09-01 04:20:00    462860400  ***  ***    0.0    0.0    0.0   13.9   13.9   50.6   12.5    3.8    8.1  754.00    2422     2977
2014-09-01 04:40:00    462861600  ***  ***    0.9    0.9    0.9   14.5   14.5   48.4   12.9    3.7    8.3  754.20    2420     2993
2014-09-01 05:00:00    462862800  ***  ***    0.6    0.6    0.6   14.2   14.2   49.3   12.8    3.7    8.2  754.00    2422     2987
2014-09-01 05:20:00    462864000  ***  ***    0.6    0.6    0.6   13.5   13.5   53.0   12.3    4.1    8.1  754.30    2418     2959
2014-09-01 05:40:00    462865200  ***  ***    0.9    0.9    0.9   13.5   13.5   54.2   12.3    4.5    8.2  754.20    2419     2961
2014-09-01 06:00:00    462866400  ***  ***    0.7    0.7    0.7   13.2   13.2   55.7   12.1    4.6    8.2  754.30    2419     2951
2014-09-01 06:20:00    462867600  ***  ***    0.6    0.6    0.6   14.9   14.9   51.9   13.5    5.1    9.1  754.50    2416     3006
2014-09-01 06:40:00    462868800  ***  ***    0.0    0.0    0.0   15.5   15.5   54.8   14.2    6.5   10.0  754.70    2414     3028
2014-09-01 07:00:00    462870000  ***  ***    0.9    0.9    0.9   16.9   16.9   49.7   15.2    6.4   10.5  754.70    2414     3076
2014-09-01 07:20:00    462871200  ***  ***    0.0    0.0    0.0   16.5   16.5   50.7   14.9    6.3   10.3  754.80    2414     3062
2014-09-01 07:40:00    462872400  ***  ***    0.4    0.4    0.4   17.5   17.5   52.1   15.8    7.5   11.3  754.90    2413     3095
2014-09-01 08:00:00    462873600  ***  ***    0.0    0.0    0.0   18.3   18.3   50.3   16.5    7.8   11.7  755.00    2411     3124
2014-09-01 08:20:00    462874800  ***  ***    0.8    0.8    0.8   18.6   18.6   43.6   16.6    6.0   11.0  755.10    2410     3125
2014-09-01 08:40:00    462876000  ***  ***    1.2    1.2    1.2   18.6   18.6   43.7   16.6    6.0   11.0  755.30    2409     3124
2014-09-01 09:00:00    462877200  ***  ***    0.4    0.4    0.4   20.4   20.4   41.9   19.1    7.0   12.0  755.20    2409     3185
2014-09-01 09:20:00    462878400  ***  ***    0.0    0.0    0.0   21.8   21.8   41.1   21.0    8.0   13.0  755.40    2406     3234
2014-09-01 09:40:00    462879600  ***  ***    1.3    1.3    1.3   20.1   20.1   49.9   19.0    9.4   13.1  755.50    2406     3182
2014-09-01 10:00:00    462880800  ***  ***    1.0    1.0    1.0   20.9   20.9   46.5   20.1    9.0   13.2  755.50    2405     3203
2014-09-01 10:20:00    462882000  ***  ***    0.0    0.0    0.0   21.5   21.5   43.4   20.9    8.5   13.1  755.60    2404     3221
2014-09-01 10:40:00    462883200  ***  ***    1.7    1.7    1.7   23.7   23.7   35.0   22.3    7.3   13.2  755.30    2409     3295
2014-09-01 11:00:00    462884400  ***  ***    0.4    0.4    0.4   25.2   25.2   32.6   23.5    7.6   13.9  755.50    2405     3341
2014-09-01 11:20:00    462885600  ***  ***    0.9    0.9    0.9   21.9   21.9   38.9   21.0    7.2   12.6  755.40    2408     3234
2014-09-01 11:40:00    462886800  ***  ***    0.0    0.0    0.0   23.4   23.4   37.8   22.2    8.2   13.6  755.40    2406     3285
2014-09-01 12:00:00    462888000  ***  ***    2.3    2.3    2.3   21.2   21.2   38.4   20.1    6.5   12.1  755.30    2409     3211
2014-09-01 12:20:00    462889200  ***  ***    0.0    0.0    0.0   23.7   23.7   32.4   22.1    6.2   12.8  755.20    2409     3291
2014-09-01 12:40:00    462890400  ***  ***    0.0    0.0    0.0   24.0   24.0   30.0   22.3    5.4   12.5  755.20    2410     3301
2014-09-01 13:00:00    462891600  ***  ***    0.5    0.5    0.5   23.0   23.0   33.6   21.6    6.1   12.5  754.90    2411     3272
2014-09-01 13:20:00    462892800  ***  ***    1.3    1.3    1.3   20.9   20.9   32.0   19.4    3.6   10.6  754.80    2414     3198
2014-09-01 13:40:00    462894000  ***  ***    0.7    0.7    0.7   22.1   22.1   32.8   20.8    5.0   11.6  754.70    2415     3245
2014-09-01 14:00:00    462895200  ***  ***    1.1    1.1    1.1   21.9   21.9   31.2   20.6    4.1   11.2  754.60    2416     3235
2014-09-01 14:20:00    462896400  ***  ***    0.0    0.0    0.0   24.0   24.0   32.3   22.4    6.4   12.9  754.40    2418     3313
2014-09-01 14:40:00    462897600  ***  ***    0.6    0.6    0.6   22.3   22.3   30.3   20.9    4.0   11.3  754.30    2419     3251
2014-09-01 15:00:00    462898800  ***  ***    1.5    1.5    1.5   21.8   21.8   33.5   20.6    5.0   11.5  754.00    2421     3242
2014-09-01 15:20:00    462900000  ***  ***    1.2    1.2    1.2   21.3   21.3   30.6   20.0    3.3   10.6  754.00    2421     3221
2014-09-01 15:40:00    462901200  ***  ***    0.6    0.6    0.6   22.5   22.5   37.9   21.4    7.5   13.0  753.90    2423     3276
2014-09-01 16:00:00    462902400  ***  ***    0.0    0.0    0.0   22.3   22.3   38.7   21.3    7.5   12.9  753.80    2423     3268
2014-09-01 16:20:00    462903600  ***  ***    0.4    0.4    0.4   22.1   22.1   32.9   20.8    5.1   11.7  754.00    2422     3254
2014-09-01 16:40:00    462904800  ***  ***    0.0    0.0    0.0   20.4   20.4   38.4   18.9    5.8   11.4  753.90    2422     3199
2014-09-01 17:00:00    462906000  ***  ***    0.9    0.9    0.9   19.5   19.5   38.6   17.7    5.0   10.7  753.90    2423     3168
2014-09-01 17:20:00    462907200  ***  ***    0.0    0.0    0.0   18.5   18.5   38.9   16.2    4.2   10.1  754.00    2421     3129
2014-09-01 17:40:00    462908400  ***  ***    0.9    0.9    0.9   19.0   19.0   33.7   16.7    2.6    9.5  754.10    2421     3142
2014-09-01 18:00:00    462909600  ***  ***    0.5    0.5    0.5   18.6   18.6   33.9   16.1    2.4    9.3  754.00    2422     3131
2014-09-01 18:20:00    462910800  ***  ***    0.5    0.5    0.5   17.9   17.9   35.7   15.4    2.5    9.1  753.90    2423     3110
2014-09-01 18:40:00    462912000  ***  ***    0.0    0.0    0.0   16.3   16.3   40.7   14.2    3.0    8.7  754.20    2420     3053
2014-09-01 19:00:00    462913200  ***  ***    0.9    0.9    0.9   16.7   16.7   37.5   14.5    2.2    8.5  754.40    2417     3062
2014-09-01 19:20:00    462914400  ***  ***    0.7    0.7    0.7   15.6   15.6   42.3   13.7    2.9    8.4  754.50    2416     3024
2014-09-01 19:40:00    462915600  ***  ***    1.0    1.0    1.0   16.4   16.4   38.8   14.3    2.3    8.4  754.60    2415     3046
2014-09-01 20:00:00    462916800  ***  ***    0.4    0.4    0.4   17.3   17.3   33.8   14.8    1.2    8.4  754.80    2413     3074
2014-09-01 20:20:00    462918000  ***  ***    0.8    0.8    0.8   16.5   16.5   37.3   14.3    1.8    8.3  754.90    2413     3045
2014-09-01 20:40:00    462919200  ***  ***    0.8    0.8    0.8   15.7   15.7   39.9   13.7    2.1    8.1  754.90    2411     3021
2014-09-01 21:00:00    462920400  ***  ***    1.1    1.1    1.1   15.2   15.2   42.1   13.3    2.4    8.0  755.10    2411     3003
2014-09-01 21:20:00    462921600  ***  ***    0.9    0.9    0.9   16.5   16.5   36.1   14.2    1.4    8.1  755.00    2411     3043
2014-09-01 21:40:00    462922800  ***  ***    0.7    0.7    0.7   15.6   15.6   38.8   13.6    1.6    7.8  755.10    2411     3014
2014-09-01 22:00:00    462924000  ***  ***    0.8    0.8    0.8   15.9   15.9   36.8   13.8    1.2    7.8  755.30    2409     3021
2014-09-01 22:20:00    462925200  ***  ***    0.7    0.7    0.7   15.7   15.7   37.7   13.6    1.3    7.7  755.10    2411     3017
2014-09-01 22:40:00    462926400  ***  ***    0.4    0.4    0.4   15.8   15.8   37.3   13.7    1.2    7.8  754.90    2411     3021
2014-09-01 23:00:00    462927600  ***  ***    0.6    0.6    0.6   15.8   15.8   37.2   13.7    1.2    7.8  755.10    2410     3017
2014-09-01 23:20:00    462928800  ***  ***    0.6    0.6    0.6   16.3   16.3   34.4   14.0    0.6    7.7  755.10    2410     3034
2014-09-01 23:40:00    462930000  ***  ***    0.7    0.7    0.7   16.1   16.1   36.0   13.9    1.0    7.8  755.00    2411     3028
2014-09-02 00:00:00    462931200  ***  ***    0.5    0.5    0.5   16.4   16.4   34.0   14.0    0.5    7.7  755.00    2411     3038
2014-09-02 00:20:00    462932400  ***  ***    0.5    0.5    0.5   16.1   16.1   35.4   13.9    0.8    7.7  754.90    2413     3031
2014-09-02 00:40:00    462933600  ***  ***    0.4    0.4    0.4   14.1   14.1   44.3   12.4    2.1    7.4  754.50    2417     2972
2014-09-02 01:00:00    462934800  ***  ***    0.8    0.8    0.8   16.4   16.4   37.3   14.2    1.8    8.2  754.60    2416     3048
2014-09-02 01:20:00    462936000  ***  ***    0.8    0.8    0.8   15.0   15.0   42.4   13.1    2.3    7.8  754.70    2415     3001
2014-09-02 01:40:00    462937200  ***  ***    0.5    0.5    0.5   14.6   14.6   44.2   12.9    2.6    7.8  754.60    2416     2989
2014-09-02 02:00:00    462938400  ***  ***    0.4    0.4    0.4   14.3   14.3   46.2   12.7    2.9    7.8  754.50    2417     2980
2014-09-02 02:20:00    462939600  ***  ***    0.0    0.0    0.0   14.3   14.3   45.8   12.7    2.8    7.8  754.50    2416     2980
2014-09-02 02:40:00    462940800  ***  ***    0.0    0.0    0.0   14.3   14.3   47.2   12.8    3.2    8.0  754.40    2418     2984
2014-09-02 03:00:00    462942000  ***  ***    0.8    0.8    0.8   14.7   14.7   44.7   13.0    2.8    8.0  754.30    2418     2997
2014-09-02 03:20:00    462943200  ***  ***    0.0    0.0    0.0   15.2   15.2   43.6   13.4    2.9    8.2  754.30    2419     3013
2014-09-02 03:40:00    462944400  ***  ***    1.9    1.9    1.9   16.1   15.9   41.9   14.1    3.2    8.7  754.40    2418     3044
2014-09-02 04:00:00    462945600  ***  ***    0.0    0.0    0.0   14.0   14.0   51.1   12.6    4.0    8.2  754.30    2419     2975
2014-09-02 04:20:00    462946800  ***  ***    0.0    0.0    0.0   14.3   14.3   50.8   12.9    4.3    8.5  754.30    2419     2988
2014-09-02 04:40:00    462948000  ***  ***    0.4    0.4    0.4   14.3   14.3   50.5   12.8    4.2    8.5  754.60    2416     2983
2014-09-02 05:00:00    462949200  ***  ***    0.0    0.0    0.0   14.2   14.2   50.6   12.8    4.1    8.3  754.70    2415     2979
2014-09-02 05:20:00    462950400  ***  ***    0.4    0.4    0.4   14.1   14.1   50.7   12.7    4.0    8.2  754.70    2414     2972
2014-09-02 05:40:00    462951600  ***  ***    0.0    0.0    0.0   13.9   13.9   50.3   12.5    3.7    8.1  754.70    2415     2967
2014-09-02 06:00:00    462952800  ***  ***    0.0    0.0    0.0   14.2   14.2   50.0   12.8    3.9    8.3  754.90    2413     2974
2014-09-02 06:20:00    462954000  ***  ***    0.0    0.0    0.0   15.9   15.9   46.1   14.1    4.3    9.1  755.00    2411     3031
2014-09-02 06:40:00    462955200  ***  ***    0.0    0.0    0.0   19.4   19.4   39.9   17.6    5.5   10.9  755.10    2410     3150
2014-09-02 07:00:00    462956400  ***  ***    0.0    0.0    0.0   19.5   19.5   39.4   17.7    5.3   10.9  755.30    2409     3150
2014-09-02 07:20:00    462957600  ***  ***    0.0    0.0    0.0   18.6   18.6   37.9   16.3    4.0    9.9  755.30    2408     3117
2014-09-02 07:40:00    462958800  ***  ***    0.0    0.0    0.0   19.3   19.3   38.0   17.3    4.7   10.5  755.40    2408     3142
2014-09-02 08:00:00    462960000  ***  ***    0.0    0.0    0.0   19.1   19.1   42.2   17.2    6.0   11.1  755.60    2405     3136
2014-09-02 08:20:00    462961200  ***  ***    0.0    0.0    0.0   20.9   20.9   35.7   19.6    5.2   11.3  755.50    2406     3194
2014-09-02 08:40:00    462962400  ***  ***    0.0    0.0    0.0   21.6   21.6   36.8   20.6    6.2   12.1  755.50    2405     3220
2014-09-02 09:00:00    462963600  ***  ***    0.7    0.7    0.7   21.5   21.5   38.5   20.6    6.8   12.3  755.60    2405     3216
2014-09-02 09:20:00    462964800  ***  ***    0.3    0.3    0.3   21.3   21.3   42.0   20.5    7.9   12.8  755.80    2403     3214
2014-09-02 09:40:00    462966000  ***  ***    1.0    1.0    1.0   22.2   22.2   36.4   21.0    6.6   12.5  755.60    2405     3240
2014-09-02 10:00:00    462967200  ***  ***    0.0    0.0    0.0   24.1   24.1   40.5   22.9    9.9   14.7  755.90    2402     3310
2014-09-02 10:20:00    462968400  ***  ***    0.0    0.0    0.0   27.0   27.0   31.8   25.3    8.8   15.0  756.00    2401     3399
2014-09-02 10:40:00    462969600  ***  ***    0.0    0.0    0.0   26.0   26.0   33.2   24.4    8.5   14.6  755.80    2402     3364
2014-09-02 11:00:00    462970800  ***  ***    0.0    0.0    0.0   22.9   22.9   35.2   21.6    6.8   12.8  755.80    2403     3261
2014-09-02 11:20:00    462972000  ***  ***    0.0    0.0    0.0   26.1   26.1   32.4   24.4    8.3   14.5  755.60    2404     3371
2014-09-02 11:40:00    462973200  ***  ***    0.5    0.5    0.5   21.8   21.8   34.8   20.7    5.6   11.9  755.60    2405     3224
2014-09-02 12:00:00    462974400  ***  ***    0.0    0.0    0.0   24.0   24.0   37.3   22.7    8.5   13.9  755.20    2409     3309
2014-09-02 12:20:00    462975600  ***  ***    0.5    0.5    0.5   26.9   26.9   33.1   25.4    9.3   15.2  755.20    2410     3406
2014-09-02 12:40:00    462976800  ***  ***    0.9    0.9    0.9   24.6   24.6   33.8   23.0    7.6   13.7  754.90    2413     3329
2014-09-02 13:00:00    462978000  ***  ***    1.0    1.0    1.0   23.5   23.5   36.6   22.2    7.8   13.4  755.00    2411     3294
2014-09-02 13:20:00    462979200  ***  ***    0.8    0.8    0.8   22.5   22.5   35.2   21.3    6.4   12.4  754.90    2413     3259
2014-09-02 13:40:00    462980400  ***  ***    0.5    0.5    0.5   23.4   23.4   33.2   21.9    6.3   12.7  754.90    2413     3286
2014-09-02 14:00:00    462981600  ***  ***    0.6    0.6    0.6   23.8   23.8   32.1   22.2    6.1   12.7  754.50    2417     3304
2014-09-02 14:20:00    462982800  ***  ***    0.0    0.0    0.0   24.1   24.1   28.8   22.3    4.9   12.3  754.40    2418     3311
2014-09-02 14:40:00    462984000  ***  ***    0.0    0.0    0.0   24.3   24.3   34.6   22.7    7.6   13.6  754.10    2421     3331
2014-09-02 15:00:00    462985200  ***  ***    0.7    0.7    0.7   23.2   23.2   31.9   21.7    5.6   12.3  753.80    2424     3292
2014-09-02 15:20:00    462986400  ***  ***    0.0    0.0    0.0   24.1   24.1   31.1   22.4    6.0   12.8  753.70    2425     3323
2014-09-02 15:40:00    462987600  ***  ***    1.8    1.8    1.8   21.9   21.9   33.1   20.7    5.0   11.6  753.50    2426     3251
2014-09-02 16:00:00    462988800  ***  ***    1.0    1.0    1.0   22.2   22.2   38.7   21.2    7.5   12.9  753.30    2428     3272
2014-09-02 16:20:00    462990000  ***  ***    0.9    0.9    0.9   22.3   22.3   34.1   21.0    5.7   12.1  753.10    2432     3272
2014-09-02 16:40:00    462991200  ***  ***    0.0    0.0    0.0   21.1   21.1   37.2   20.0    5.9   11.7  753.00    2432     3234
2014-09-02 17:00:00    462992400  ***  ***    1.4    1.4    1.4   20.7   20.7   34.3   19.3    4.4   11.0  753.20    2430     3213
2014-09-02 17:20:00    462993600  ***  ***    0.9    0.9    0.9   20.1   20.1   32.9   18.3    3.3   10.2  753.20    2430     3192
2014-09-02 17:40:00    462994800  ***  ***    0.7    0.7    0.7   19.6   19.6   34.3   17.7    3.5   10.2  753.10    2432     3177
2014-09-02 18:00:00    462996000  ***  ***    1.0    1.0    1.0   18.8   18.8   36.0   16.5    3.4    9.8  753.10    2432     3150
2014-09-02 18:20:00    462997200  ***  ***    0.0    0.0    0.0   19.0   19.0   34.1   16.7    2.8    9.6  753.20    2430     3153
2014-09-02 18:40:00    462998400  ***  ***    0.4    0.4    0.4   16.7   16.7   42.0   14.6    3.7    9.2  753.40    2427     3076
2014-09-02 19:00:00    462999600  ***  ***    0.4    0.4    0.4   16.8   16.8   39.2   14.6    2.8    8.8  753.70    2425     3074
2014-09-02 19:20:00    463000800  ***  ***    0.0    0.0    0.0   17.5   17.5   35.5   15.1    2.1    8.7  754.10    2421     3091
2014-09-02 19:40:00    463002000  ***  ***    0.0    0.0    0.0   17.6   17.6   33.9   15.0    1.5    8.5  754.20    2420     3091
2014-09-02 20:00:00    463003200  ***  ***    0.0    0.0    0.0   18.0   18.0   32.7   15.4    1.4    8.7  754.10    2421     3107
2014-09-02 20:20:00    463004400  ***  ***    0.0    0.0    0.0   17.6   17.6   33.3   15.0    1.3    8.5  754.20    2419     3092
2014-09-02 20:40:00    463005600  ***  ***    0.0    0.0    0.0   16.4   16.4   39.3   14.3    2.5    8.5  754.20    2419     3053
2014-09-02 21:00:00    463006800  ***  ***    0.4    0.4    0.4   16.2   16.2   40.4   14.1    2.7    8.5  754.20    2420     3046
2014-09-02 21:20:00    463008000  ***  ***    0.3    0.3    0.3   15.8   15.8   42.1   13.9    2.9    8.4  754.10    2420     3034
2014-09-02 21:40:00    463009200  ***  ***    0.0    0.0    0.0   16.6   16.6   39.5   14.5    2.8    8.7  754.20    2419     3061
2014-09-02 22:00:00    463010400  ***  ***    0.6    0.6    0.6   16.9   16.9   36.8   14.6    2.0    8.5  753.90    2423     3074
2014-09-02 22:20:00    463011600  ***  ***    0.6    0.6    0.6   16.8   16.8   36.6   14.5    1.9    8.4  754.00    2422     3069
2014-09-02 22:40:00    463012800  ***  ***    0.5    0.5    0.5   16.2   16.2   39.6   14.1    2.4    8.4  754.10    2421     3048
2014-09-02 23:00:00    463014000  ***  ***    0.0    0.0    0.0   16.4   16.4   38.2   14.2    2.1    8.3  754.00    2422     3055
2014-09-02 23:20:00    463015200  ***  ***    0.4    0.4    0.4   16.6   16.6   37.2   14.4    2.0    8.4  753.90    2423     3063
2014-09-02 23:40:00    463016400  ***  ***    0.0    0.0    0.0   16.7   16.7   36.1   14.4    1.6    8.3  753.70    2425     3070
2014-09-03 00:00:00    463017600  ***  ***    0.0    0.0    0.0   16.8   16.8   35.8   14.5    1.6    8.3  753.90    2423     3070
2014-09-03 00:20:00    463018800  ***  ***    0.3    0.3    0.3   16.0   16.0   39.7   13.9    2.3    8.2  753.90    2423     3044
2014-09-03 00:40:00    463020000  ***  ***    0.0    0.0    0.0   15.0   15.0   44.6   13.2    3.0    8.2  753.60    2425     3015
2014-09-03 01:00:00    463021200  ***  ***    0.0    0.0    0.0   14.9   14.9   46.9   13.3    3.7    8.5  753.40    2428     3018
2014-09-03 01:20:00    463022400  ***  ***    0.6    0.6    0.6   15.0   15.0   45.1   13.3    3.2    8.2  753.40    2428     3021
2014-09-03 01:40:00    463023600  ***  ***    0.0    0.0    0.0   14.9   14.9   45.1   13.2    3.1    8.1  753.20    2429     3016
2014-09-03 02:00:00    463024800  ***  ***    0.5    0.5    0.5   15.2   15.2   43.4   13.4    2.9    8.2  753.30    2429     3028
2014-09-03 02:20:00    463026000  ***  ***    0.0    0.0    0.0   14.8   14.8   44.5   13.1    2.8    8.0  753.10    2432     3013
2014-09-03 02:40:00    463027200  ***  ***    0.7    0.7    0.7   15.0   15.0   43.2   13.2    2.6    8.0  753.00    2433     3022
2014-09-03 03:00:00    463028400  ***  ***    0.6    0.6    0.6   14.4   14.4   46.8   12.8    3.2    8.1  752.90    2433     3005
2014-09-03 03:20:00    463029600  ***  ***    0.5    0.5    0.5   14.4   14.4   47.3   12.9    3.3    8.0  753.10    2430     3002
2014-09-03 03:40:00    463030800  ***  ***    0.0    0.0    0.0   14.4   14.4   46.7   12.8    3.1    8.0  753.10    2432     3002
2014-09-03 04:00:00    463032000  ***  ***    0.0    0.0    0.0   14.4   14.4   47.1   12.9    3.3    8.0  753.10    2432     3003
2014-09-03 04:20:00    463033200  ***  ***    0.0    0.0    0.0   14.6   14.6   46.0   13.0    3.1    8.0  753.10    2432     3009
2014-09-03 04:40:00    463034400  ***  ***    0.0    0.0    0.0   14.2   14.2   46.7   12.6    3.0    7.8  753.00    2433     2998
2014-09-03 05:00:00    463035600  ***  ***    0.0    0.0    0.0   14.1   14.1   46.4   12.5    2.8    7.7  753.20    2429     2991
2014-09-03 05:20:00    463036800  ***  ***    0.4    0.4    0.4   14.2   14.2   47.1   12.7    3.1    7.8  753.20    2429     2995
2014-09-03 05:40:00    463038000  ***  ***    0.0    0.0    0.0   14.0   14.0   47.5   12.5    3.0    7.8  753.20    2429     2986
2014-09-03 06:00:00    463039200  ***  ***    0.0    0.0    0.0   14.3   14.3   46.3   12.7    2.9    7.8  753.40    2428     2995
2014-09-03 06:20:00    463040400  ***  ***    0.0    0.0    0.0   16.5   16.5   42.3   14.5    3.6    9.0  753.30    2428     3070
2014-09-03 06:40:00    463041600  ***  ***    0.0    0.0    0.0   18.4   18.4   37.1   16.0    3.5    9.7  753.30    2428     3133
2014-09-03 07:00:00    463042800  ***  ***    0.4    0.4    0.4   17.9   17.9   37.4   15.5    3.2    9.4  753.40    2427     3116
2014-09-03 07:20:00    463044000  ***  ***    0.0    0.0    0.0   19.1   19.1   37.0   17.0    4.1   10.2  753.40    2428     3157
2014-09-03 07:40:00    463045200  ***  ***    0.0    0.0    0.0   19.8   19.8   36.2   18.0    4.4   10.6  753.50    2426     3179
2014-09-03 08:00:00    463046400  ***  ***    0.0    0.0    0.0   20.2   20.2   39.0   18.7    5.8   11.3  753.60    2426     3197
2014-09-03 08:20:00    463047600  ***  ***    1.0    1.0    1.0   19.6   19.6   38.6   17.9    5.2   10.8  753.80    2424     3174
2014-09-03 08:40:00    463048800  ***  ***    0.5    0.5    0.5   21.1   21.1   35.8   19.9    5.4   11.5  753.70    2425     3225
2014-09-03 09:00:00    463050000  ***  ***    0.0    0.0    0.0   21.8   21.8   36.0   20.7    6.1   12.1  753.80    2424     3247
2014-09-03 09:20:00    463051200  ***  ***    0.5    0.5    0.5   21.8   21.8   43.3   21.1    8.8   13.3  753.90    2423     3255
2014-09-03 09:40:00    463052400  ***  ***    0.0    0.0    0.0   23.6   23.6   32.0   22.0    6.0   12.6  754.00    2422     3304
