FORMATTED DATE-TIME           DT   MG   TR     WS     CW     HW     TP     WC     RH     HI     DP     WB      BP      AL       DA
YYYY-MM-DD HH:MM:SS            s  Mag True    m/s    m/s    m/s     °C     °C      %     °C     °C     °C     hPa       m        m
----------------------------------------------------------------------------------------------------------------------------------
2014-09-09 11:20:00    463576800  ***  ***    0.0    0.0    0.0   23.2   23.2   92.4   24.8   21.9   22.2  831.20    1637     2412
2014-09-09 11:40:00    463578000  ***  ***    1.2    1.2    1.2   23.3   23.3   55.8   23.0   14.0   17.0  831.00    1640     2372
2014-09-09 12:00:00    463579200  ***  ***    1.2    1.2    1.2   24.3   24.3   54.5   23.9   14.5   17.6  830.90    1640     2408
2014-09-09 12:20:00    463580400  ***  ***    0.8    0.8    0.8   25.1   25.1   53.2   24.7   15.0   18.1  830.70    1642     2439
2014-09-09 12:40:00    463581600  ***  ***    1.9    1.9    1.9   24.8   24.8   53.8   24.4   14.8   17.9  830.50    1644     2433
2014-09-09 13:00:00    463582800  ***  ***    1.1    1.1    1.1   24.1   24.1   54.7   23.7   14.4   17.4  830.50    1644     2408
2014-09-09 13:20:00    463584000  ***  ***    0.5    0.5    0.5   23.4   23.4   55.2   23.1   13.9   16.9  830.10    1647     2383
2014-09-09 13:40:00    463585200  ***  ***    0.0    0.0    0.0   24.9   24.9   49.4   24.2   13.6   17.2  829.90    1649     2433
2014-09-09 14:00:00    463586400  ***  ***    0.0    0.0    0.0   24.6   24.6   45.8   23.7   12.1   16.3  829.90    1650     2419
2014-09-09 14:20:00    463587600  ***  ***    2.1    2.1    2.1   25.6   25.6   41.8   24.6   11.6   16.4  829.60    1653     2453
2014-09-09 14:40:00    463588800  ***  ***    1.3    1.3    1.3   25.9   25.9   39.8   24.7   11.2   16.2  829.30    1656     2465
2014-09-09 15:00:00    463590000  ***  ***    1.5    1.5    1.5   25.0   25.0   38.7   23.7   10.0   15.3  829.50    1654     2431
2014-09-09 15:20:00    463591200  ***  ***    0.9    0.9    0.9   26.4   26.4   37.6   25.2   10.8   16.2  829.20    1656     2483
2014-09-09 15:40:00    463592400  ***  ***    1.4    1.4    1.4   26.1   26.1   39.5   25.0   11.2   16.3  829.30    1656     2471
2014-09-09 16:00:00    463593600  ***  ***    0.4    0.4    0.4   24.5   24.5   42.7   23.4   11.0   15.7  829.30    1655     2419
2014-09-09 16:20:00    463594800  ***  ***    0.9    0.9    0.9   26.5   26.5   38.5   25.4   11.3   16.4  829.20    1656     2488
2014-09-09 16:40:00    463596000  ***  ***    0.9    0.9    0.9   24.9   24.9   36.5   23.4    9.1   14.9  829.40    1655     2426
2014-09-09 17:00:00    463597200  ***  ***    1.4    1.4    1.4   24.4   24.4   34.1   22.8    7.6   13.9  829.40    1655     2403
2014-09-09 17:20:00    463598400  ***  ***    0.6    0.6    0.6   23.9   23.9   36.5   22.5    8.1   14.0  829.20    1657     2389
2014-09-09 17:40:00    463599600  ***  ***    1.0    1.0    1.0   23.3   23.3   41.2   22.3    9.4   14.5  829.20    1656     2374
2014-09-09 18:00:00    463600800  ***  ***    0.4    0.4    0.4   22.6   22.6   46.5   21.9   10.5   14.8  829.20    1656     2354
2014-09-09 18:20:00    463602000  ***  ***    0.0    0.0    0.0   20.7   20.7   59.9   20.3   12.6   15.3  829.40    1655     2298
2014-09-09 18:40:00    463603200  ***  ***    0.0    0.0    0.0   19.1   19.1   69.0   18.6   13.3   15.2  829.40    1654     2247
2014-09-09 19:00:00    463604400  ***  ***    0.0    0.0    0.0   18.0   18.0   74.7   17.5   13.5   15.0  829.40    1654     2210
2014-09-09 19:20:00    463605600  ***  ***    0.0    0.0    0.0   17.1   17.1   79.2   16.9   13.4   14.7  829.70    1651     2173
2014-09-09 19:40:00    463606800  ***  ***    0.0    0.0    0.0   16.2   16.2   82.6   16.2   13.3   14.3  830.30    1646     2139
2014-09-09 20:00:00    463608000  ***  ***    0.0    0.0    0.0   15.9   15.9   83.2   15.9   13.1   14.1  830.30    1646     2126
2014-09-09 20:20:00    463609200  ***  ***    0.0    0.0    0.0   15.7   15.7   83.0   15.7   12.8   13.8  830.50    1643     2115
2014-09-09 20:40:00    463610400  ***  ***    0.7    0.7    0.7   15.7   15.7   81.9   15.6   12.6   13.7  830.70    1642     2109
2014-09-09 21:00:00    463611600  ***  ***    0.6    0.6    0.6   15.3   15.3   83.0   15.3   12.5   13.5  830.70    1642     2098
2014-09-09 21:20:00    463612800  ***  ***    0.7    0.7    0.7   15.2   15.2   81.9   15.1   12.2   13.2  830.90    1640     2091
2014-09-09 21:40:00    463614000  ***  ***    0.5    0.5    0.5   15.0   15.0   82.3   14.9   12.0   13.0  830.70    1642     2086
2014-09-09 22:00:00    463615200  ***  ***    0.6    0.6    0.6   14.8   14.8   83.1   14.8   11.9   12.9  830.70    1642     2078
2014-09-09 22:20:00    463616400  ***  ***    0.7    0.7    0.7   14.6   14.6   83.6   14.6   11.9   12.8  830.70    1642     2072
2014-09-09 22:40:00    463617600  ***  ***    0.7    0.7    0.7   14.6   14.6   84.1   14.6   12.0   12.9  830.90    1640     2070
2014-09-09 23:00:00    463618800  ***  ***    0.6    0.6    0.6   14.3   14.3   86.2   14.3   12.1   12.9  830.80    1642     2061
2014-09-09 23:20:00    463620000  ***  ***    0.6    0.6    0.6   14.4   14.4   86.0   14.4   12.0   12.8  830.90    1640     2060
2014-09-09 23:40:00    463621200  ***  ***    0.8    0.8    0.8   14.2   14.2   88.0   14.3   12.2   12.9  830.50    1644     2061
2014-09-10 00:00:00    463622400  ***  ***    0.7    0.7    0.7   14.2   14.2   87.6   14.3   12.2   12.9  830.80    1642     2059
2014-09-10 00:20:00    463623600  ***  ***    0.6    0.6    0.6   14.0   14.0   88.8   14.2   12.2   12.8  830.70    1642     2051
2014-09-10 00:40:00    463624800  ***  ***    0.0    0.0    0.0   14.3   14.3   88.0   14.4   12.3   13.0  830.90    1640     2059
2014-09-10 01:00:00    463626000  ***  ***    0.7    0.7    0.7   13.8   13.8   90.3   14.1   12.3   12.8  830.70    1642     2044
2014-09-10 01:20:00    463627200  ***  ***    0.4    0.4    0.4   13.8   13.8   90.4   14.1   12.2   12.8  830.70    1642     2043
2014-09-10 01:40:00    463628400  ***  ***    0.7    0.7    0.7   13.8   13.8   90.4   14.1   12.3   12.8  830.70    1642     2045
2014-09-10 02:00:00    463629600  ***  ***    0.0    0.0    0.0   13.8   13.8   89.9   14.0   12.1   12.7  830.70    1642     2042
2014-09-10 02:20:00    463630800  ***  ***    0.8    0.8    0.8   13.7   13.7   90.0   13.9   12.1   12.7  830.60    1643     2041
2014-09-10 02:40:00    463632000  ***  ***    0.5    0.5    0.5   13.3   13.3   90.0   13.5   11.7   12.3  830.40    1645     2031
2014-09-10 03:00:00    463633200  ***  ***    0.0    0.0    0.0   13.2   13.2   88.7   13.4   11.4   12.1  830.40    1644     2024
2014-09-10 03:20:00    463634400  ***  ***    0.0    0.0    0.0   13.2   13.2   87.9   13.3   11.2   12.0  830.30    1645     2023
2014-09-10 03:40:00    463635600  ***  ***    0.0    0.0    0.0   12.7   12.7   90.3   12.9   11.2   11.8  830.20    1646     2009
2014-09-10 04:00:00    463636800  ***  ***    0.0    0.0    0.0   12.5   12.5   90.2   12.7   11.0   11.5  830.40    1645     1999
2014-09-10 04:20:00    463638000  ***  ***    0.6    0.6    0.6   12.8   12.8   88.6   13.0   11.0   11.6  830.30    1646     2010
2014-09-10 04:40:00    463639200  ***  ***    0.6    0.6    0.6   12.5   12.5   90.6   12.7   11.0   11.5  830.40    1645     2000
2014-09-10 05:00:00    463640400  ***  ***    0.7    0.7    0.7   12.4   12.4   91.2   12.6   11.0   11.5  830.50    1644     1993
2014-09-10 05:20:00    463641600  ***  ***    0.8    0.8    0.8   12.3   12.3   90.3   12.5   10.8   11.4  830.60    1643     1988
2014-09-10 05:40:00    463642800  ***  ***    0.4    0.4    0.4   12.2   12.2   91.2   12.4   10.8   11.3  830.40    1644     1985
2014-09-10 06:00:00    463644000  ***  ***    0.5    0.5    0.5   12.2   12.2   90.4   12.4   10.7   11.3  830.80    1642     1982
2014-09-10 06:20:00    463645200  ***  ***    0.0    0.0    0.0   12.3   12.3   90.6   12.5   10.8   11.4  830.70    1642     1986
2014-09-10 06:40:00    463646400  ***  ***    0.6    0.6    0.6   12.5   12.5   89.7   12.7   10.9   11.5  830.90    1640     1993
2014-09-10 07:00:00    463647600  ***  ***    0.0    0.0    0.0   13.0   13.0   89.5   13.2   11.3   12.0  830.70    1642     2014
2014-09-10 07:20:00    463648800  ***  ***    0.7    0.7    0.7   14.4   14.4   84.7   14.4   11.9   12.8  831.20    1637     2058
2014-09-10 07:40:00    463650000  ***  ***    0.0    0.0    0.0   16.1   16.1   81.7   16.0   13.0   14.1  831.10    1638     2123
2014-09-10 08:00:00    463651200  ***  ***    0.0    0.0    0.0   17.7   17.7   72.9   17.1   12.8   14.5  830.80    1642     2181
2014-09-10 08:20:00    463652400  ***  ***    0.0    0.0    0.0   19.8   19.8   58.9   19.1   11.6   14.5  831.00    1640     2244
2014-09-10 08:40:00    463653600  ***  ***    0.0    0.0    0.0   21.1   21.1   50.9   20.6   10.5   14.3  831.10    1638     2281
2014-09-10 09:00:00    463654800  ***  ***    0.0    0.0    0.0   29.5   29.5   34.2   28.7   12.1   17.7  831.30    1637     2562
2014-09-10 09:20:00    463656000  ***  ***    0.0    0.0    0.0   27.4   27.4   35.4   26.1   10.8   16.5  831.20    1638     2491
2014-09-10 09:40:00    463657200  ***  ***    0.0    0.0    0.0   27.5   27.5   31.6   25.8    9.2   15.7  831.60    1633     2484
2014-09-10 10:00:00    463658400  ***  ***    0.0    0.0    0.0   24.1   24.1   34.2   22.5    7.4   13.8  831.40    1635     2369
2014-09-10 10:20:00    463659600  ***  ***    0.0    0.0    0.0   23.2   23.2   36.9   22.0    7.6   13.5  831.50    1635     2337
2014-09-10 10:40:00    463660800  ***  ***    0.0    0.0    0.0   23.6   23.6   32.1   22.0    6.0   13.0  831.30    1635     2347
2014-09-10 11:00:00    463662000  ***  ***    0.4    0.4    0.4   23.6   23.6   32.9   22.1    6.4   13.1  831.20    1638     2351
2014-09-10 11:20:00    463663200  ***  ***    0.0    0.0    0.0   24.1   24.1   31.4   22.4    6.1   13.2  831.00    1640     2367
2014-09-10 11:40:00    463664400  ***  ***    0.6    0.6    0.6   24.4   24.4   33.6   22.8    7.3   13.8  831.20    1638     2379
2014-09-10 12:00:00    463665600  ***  ***    0.0    0.0    0.0   24.9   24.9   29.8   23.0    6.0   13.4  830.70    1642     2398
2014-09-10 12:20:00    463666800  ***  ***    0.0    0.0    0.0   26.4   26.4   31.9   24.7    8.4   15.0  830.80    1640     2454
2014-09-10 12:40:00    463668000  ***  ***    0.0    0.0    0.0   26.0   26.0   29.0   24.1    6.6   14.1  830.60    1643     2438
2014-09-10 13:00:00    463669200  ***  ***    0.0    0.0    0.0   27.0   27.0   28.5   25.1    7.2   14.7  830.10    1648     2479
2014-09-10 13:20:00    463670400  ***  ***    0.6    0.6    0.6   25.8   25.8   29.0   23.9    6.4   13.9  830.10    1647     2434
2014-09-10 13:40:00    463671600  ***  ***    0.9    0.9    0.9   26.8   26.8   27.5   24.8    6.5   14.3  830.20    1647     2466
2014-09-10 14:00:00    463672800  ***  ***    0.0    0.0    0.0   27.2   27.2   36.3   26.0   11.0   16.5  830.00    1648     2498
2014-09-10 14:20:00    463674000  ***  ***    0.3    0.3    0.3   26.3   26.3   28.2   24.4    6.5   14.1  829.70    1651     2457
2014-09-10 14:40:00    463675200  ***  ***    0.0    0.0    0.0   27.3   27.3   28.9   25.4    7.7   15.0  829.50    1653     2496
2014-09-10 15:00:00    463676400  ***  ***    0.0    0.0    0.0   26.5   26.5   29.5   24.6    7.3   14.5  829.20    1657     2474
2014-09-10 15:20:00    463677600  ***  ***    0.0    0.0    0.0   27.6   27.6   25.9   25.5    6.3   14.5  829.00    1659     2508
2014-09-10 15:40:00    463678800  ***  ***    0.0    0.0    0.0   28.3   28.3   29.0   26.5    8.6   15.7  828.90    1660     2539
2014-09-10 16:00:00    463680000  ***  ***    0.0    0.0    0.0   26.0   26.0   32.6   24.3    8.3   14.9  828.90    1660     2464
2014-09-10 16:20:00    463681200  ***  ***    0.0    0.0    0.0   28.5   28.5   31.4   27.0    9.9   16.4  828.70    1662     2552
2014-09-10 16:40:00    463682400  ***  ***    0.6    0.6    0.6   25.1   25.1   35.9   23.6    9.0   14.9  828.70    1661     2439
2014-09-10 17:00:00    463683600  ***  ***    0.4    0.4    0.4   24.2   24.2   38.3   22.8    9.1   14.6  828.70    1661     2408
2014-09-10 17:20:00    463684800  ***  ***    0.0    0.0    0.0   23.6   23.6   44.6   22.7   10.8   15.3  828.90    1660     2394
2014-09-10 17:40:00    463686000  ***  ***    0.0    0.0    0.0   23.0   23.0   38.8   21.9    8.3   13.8  828.90    1660     2366
2014-09-10 18:00:00    463687200  ***  ***    0.0    0.0    0.0   20.1   20.1   61.0   19.6   12.4   15.0  828.70    1662     2285
2014-09-10 18:20:00    463688400  ***  ***    0.0    0.0    0.0   19.2   19.2   61.1   18.3   11.5   14.2  828.70    1662     2251
2014-09-10 18:40:00    463689600  ***  ***    0.0    0.0    0.0   17.9   17.9   65.1   16.9   11.3   13.6  828.90    1659     2203
2014-09-10 19:00:00    463690800  ***  ***    0.6    0.6    0.6   17.2   17.2   67.1   16.3   11.1   13.3  829.40    1654     2172
2014-09-10 19:20:00    463692000  ***  ***    0.5    0.5    0.5   16.8   16.8   68.6   16.0   11.0   13.1  829.60    1653     2157
2014-09-10 19:40:00    463693200  ***  ***    0.6    0.6    0.6   16.5   16.5   70.0   15.8   11.0   13.0  829.70    1651     2144
2014-09-10 20:00:00    463694400  ***  ***    0.6    0.6    0.6   16.0   16.0   71.3   15.4   10.9   12.7  829.90    1650     2126
2014-09-10 20:20:00    463695600  ***  ***    0.0    0.0    0.0   15.8   15.8   70.6   15.1   10.5   12.5  830.00    1649     2117
2014-09-10 20:40:00    463696800  ***  ***    0.0    0.0    0.0   15.7   15.7   69.7   15.0   10.2   12.2  830.20    1647     2107
2014-09-10 21:00:00    463698000  ***  ***    0.0    0.0    0.0   15.1   15.1   73.5   14.6   10.4   12.2  830.50    1644     2086
2014-09-10 21:20:00    463699200  ***  ***    0.0    0.0    0.0   14.6   14.6   75.3   14.2   10.3   11.9  830.40    1645     2069
2014-09-10 21:40:00    463700400  ***  ***    0.7    0.7    0.7   14.5   14.5   76.5   14.1   10.4   11.9  830.30    1645     2066
2014-09-10 22:00:00    463701600  ***  ***    0.0    0.0    0.0   14.8   14.8   72.7   14.3   10.0   11.9  830.50    1644     2074
2014-09-10 22:20:00    463702800  ***  ***    0.6    0.6    0.6   14.5   14.5   75.4   14.1   10.2   11.8  830.50    1644     2064
2014-09-10 22:40:00    463704000  ***  ***    0.5    0.5    0.5   14.5   14.5   76.1   14.1   10.4   12.0  830.60    1642     2063
2014-09-10 23:00:00    463705200  ***  ***    0.5    0.5    0.5   14.4   14.4   74.0   14.0    9.9   11.6  830.60    1643     2058
2014-09-10 23:20:00    463706400  ***  ***    0.0    0.0    0.0   14.7   14.7   72.1   14.2    9.7   11.6  830.70    1642     2066
2014-09-10 23:40:00    463707600  ***  ***    0.0    0.0    0.0   14.5   14.5   73.7   14.1    9.9   11.6  830.70    1642     2059
2014-09-11 00:00:00    463708800  ***  ***    0.0    0.0    0.0   13.9   13.9   79.4   13.7   10.4   11.7  830.70    1642     2041
2014-09-11 00:20:00    463710000  ***  ***    0.0    0.0    0.0   14.1   14.1   78.5   13.8   10.4   11.8  830.60    1643     2049
2014-09-11 00:40:00    463711200  ***  ***    0.6    0.6    0.6   14.0   14.0   78.4   13.7   10.3   11.6  830.40    1645     2046
2014-09-11 01:00:00    463712400  ***  ***    0.0    0.0    0.0   13.7   13.7   79.0   13.5   10.2   11.5  830.60    1643     2035
2014-09-11 01:20:00    463713600  ***  ***    0.0    0.0    0.0   13.5   13.5   82.1   13.4   10.5   11.6  830.40    1645     2030
2014-09-11 01:40:00    463714800  ***  ***    0.6    0.6    0.6   13.5   13.5   81.5   13.4   10.4   11.5  830.40    1645     2032
2014-09-11 02:00:00    463716000  ***  ***    0.6    0.6    0.6   13.8   13.8   80.2   13.6   10.4   11.6  830.40    1644     2040
2014-09-11 02:20:00    463717200  ***  ***    0.6    0.6    0.6   13.6   13.6   80.4   13.4   10.3   11.5  830.20    1646     2036
2014-09-11 02:40:00    463718400  ***  ***    0.0    0.0    0.0   14.1   14.1   76.2   13.7   10.0   11.6  830.10    1648     2053
2014-09-11 03:00:00    463719600  ***  ***    0.0    0.0    0.0   13.6   13.6   80.2   13.4   10.3   11.5  830.10    1647     2037
2014-09-11 03:20:00    463720800  ***  ***    0.0    0.0    0.0   13.5   13.5   81.3   13.4   10.3   11.5  830.20    1647     2032
2014-09-11 03:40:00    463722000  ***  ***    0.0    0.0    0.0   13.3   13.3   82.7   13.3   10.4   11.5  829.90    1650     2030
2014-09-11 04:00:00    463723200  ***  ***    0.0    0.0    0.0   13.1   13.1   83.7   13.1   10.4   11.4  830.10    1648     2022
2014-09-11 04:20:00    463724400  ***  ***    0.0    0.0    0.0   13.3   13.3   82.2   13.2   10.3   11.4  830.10    1648     2028
2014-09-11 04:40:00    463725600  ***  ***    0.0    0.0    0.0   13.8   13.8   78.5   13.5   10.1   11.5  829.90    1650     2045
2014-09-11 05:00:00    463726800  ***  ***    0.0    0.0    0.0   13.3   13.3   82.6   13.3   10.3   11.4  830.20    1647     2024
2014-09-11 05:20:00    463728000  ***  ***    0.0    0.0    0.0   13.3   13.3   81.0   13.2   10.1   11.3  830.00    1648     2025
2014-09-11 05:40:00    463729200  ***  ***    0.0    0.0    0.0   13.4   13.4   77.0   13.1    9.5   11.0  830.00    1649     2030
2014-09-11 06:00:00    463730400  ***  ***    0.0    0.0    0.0   13.1   13.1   78.9   12.9    9.6   11.0  830.20    1647     2017
2014-09-11 06:20:00    463731600  ***  ***    0.0    0.0    0.0   13.0   13.0   78.3   12.7    9.3   10.7  830.30    1646     2009
2014-09-11 06:40:00    463732800  ***  ***    0.0    0.0    0.0   13.2   13.2   76.0   12.9    9.1   10.7  830.40    1644     2015
2014-09-11 07:00:00    463734000  ***  ***    0.6    0.6    0.6   14.0   14.0   74.6   13.6    9.5   11.3  830.50    1644     2043
2014-09-11 07:20:00    463735200  ***  ***    0.5    0.5    0.5   15.5   15.5   69.4   14.9    9.9   12.0  830.40    1645     2098
2014-09-11 07:40:00    463736400  ***  ***    0.0    0.0    0.0   16.7   16.7   71.6   16.1   11.5   13.4  830.40    1645     2144
2014-09-11 08:00:00    463737600  ***  ***    0.0    0.0    0.0   18.6   18.6   66.7   17.8   12.3   14.5  830.20    1647     2216
2014-09-11 08:20:00    463738800  ***  ***    0.0    0.0    0.0   21.1   21.1   49.7   20.5   10.2   14.1  830.20    1647     2291
2014-09-11 08:40:00    463740000  ***  ***    0.0    0.0    0.0   22.8   22.8   43.2   21.9    9.6   14.4  830.20    1647     2347
2014-09-11 09:00:00    463741200  ***  ***    0.0    0.0    0.0   27.9   27.9   33.5   26.5   10.4   16.4  830.40    1645     2515
2014-09-11 09:20:00    463742400  ***  ***    0.0    0.0    0.0   34.4   34.4   25.9   33.9   12.0   19.1  830.40    1645     2731
2014-09-11 09:40:00    463743600  ***  ***    0.5    0.5    0.5   31.1   31.1   28.3   29.8   10.6   17.5  830.50    1644     2618
2014-09-11 10:00:00    463744800  ***  ***    0.4    0.4    0.4   28.2   28.2   32.2   26.7   10.0   16.3  830.50    1644     2521
2014-09-11 10:20:00    463746000  ***  ***    0.8    0.8    0.8   25.8   25.8   35.2   24.4    9.3   15.2  830.40    1645     2443
2014-09-11 10:40:00    463747200  ***  ***    0.0    0.0    0.0   26.4   26.4   33.9   24.9    9.3   15.4  830.40    1645     2463
2014-09-11 11:00:00    463748400  ***  ***    0.9    0.9    0.9   26.6   26.6   32.8   25.0    8.9   15.3  830.20    1646     2467
2014-09-11 11:20:00    463749600  ***  ***    0.5    0.5    0.5   26.7   26.7   34.8   25.2    9.9   15.8  830.00    1648     2479
2014-09-11 11:40:00    463750800  ***  ***    0.0    0.0    0.0   26.3   26.3   34.6   24.8    9.4   15.4  829.90    1650     2465
2014-09-11 12:00:00    463752000  ***  ***    1.0    1.0    1.0   27.2   27.2   34.6   25.8   10.2   16.1  829.70    1652     2500
2014-09-11 12:20:00    463753200  ***  ***    0.0    0.0    0.0   27.5   27.5   34.7   26.1   10.5   16.3  829.70    1651     2508
2014-09-11 12:40:00    463754400  ***  ***    0.0    0.0    0.0   26.0   26.0   39.6   24.9   11.2   16.2  829.60    1653     2466
2014-09-11 13:00:00    463755600  ***  ***    0.8    0.8    0.8   26.0   26.0   35.4   24.6    9.6   15.5  829.40    1654     2461
2014-09-11 13:20:00    463756800  ***  ***    0.0    0.0    0.0   28.1   28.1   34.8   26.8   11.1   16.8  829.30    1656     2539
2014-09-11 13:40:00    463758000  ***  ***    0.0    0.0    0.0   25.6   25.6   37.9   24.3   10.2   15.6  829.00    1658     2453
2014-09-11 14:00:00    463759200  ***  ***    0.0    0.0    0.0   24.7   24.7   51.3   24.1   13.9   17.3  828.90    1659     2440
2014-09-11 14:20:00    463760400  ***  ***    0.0    0.0    0.0   24.5   24.5   46.8   23.7   12.4   16.4  828.90    1660     2429
2014-09-11 14:40:00    463761600  ***  ***    0.0    0.0    0.0   24.8   24.8   45.2   23.9   12.1   16.3  828.80    1661     2439
2014-09-11 15:00:00    463762800  ***  ***    0.0    0.0    0.0   26.3   26.3   43.1   25.5   12.8   17.2  828.40    1665     2495
2014-09-11 15:20:00    463764000  ***  ***    0.0    0.0    0.0   25.4   25.4   43.5   24.5   12.1   16.5  828.50    1664     2461
2014-09-11 15:40:00    463765200  ***  ***    0.0    0.0    0.0   26.5   26.5   39.4   25.4   11.6   16.6  828.30    1666     2498
2014-09-11 16:00:00    463766400  ***  ***    0.0    0.0    0.0   26.5   26.5   36.6   25.2   10.5   16.0  828.10    1668     2498
2014-09-11 16:20:00    463767600  ***  ***    0.0    0.0    0.0   26.8   26.8   40.4   25.9   12.2   17.0  828.00    1669     2514
2014-09-11 16:40:00    463768800  ***  ***    0.0    0.0    0.0   25.5   25.5   43.8   24.6   12.3   16.6  828.10    1668     2473
2014-09-11 17:00:00    463770000  ***  ***    0.0    0.0    0.0   25.3   25.3   41.5   24.2   11.3   16.1  827.90    1670     2462
2014-09-11 17:20:00    463771200  ***  ***    0.0    0.0    0.0   23.3   23.3   57.0   23.1   14.3   17.1  828.10    1667     2405
2014-09-11 17:40:00    463772400  ***  ***    0.0    0.0    0.0   21.8   21.8   62.2   21.9   14.3   16.7  828.10    1668     2357
2014-09-11 18:00:00    463773600  ***  ***    0.0    0.0    0.0   20.9   20.9   69.8   21.0   15.2   17.0  828.20    1666     2330
2014-09-11 18:20:00    463774800  ***  ***    0.0    0.0    0.0   21.2   21.2   63.6   21.2   14.0   16.3  828.20    1667     2336
2014-09-11 18:40:00    463776000  ***  ***    0.0    0.0    0.0   20.5   20.5   63.4   20.2   13.4   15.8  828.40    1665     2306
2014-09-11 19:00:00    463777200  ***  ***    0.0    0.0    0.0   19.6   19.6   67.1   19.1   13.3   15.4  828.60    1663     2272
2014-09-11 19:20:00    463778400  ***  ***    0.0    0.0    0.0   18.8   18.8   71.4   18.3   13.5   15.3  828.80    1660     2243
2014-09-11 19:40:00    463779600  ***  ***    0.0    0.0    0.0   18.4   18.4   71.1   17.7   13.1   14.9  829.00    1659     2227
2014-09-11 20:00:00    463780800  ***  ***    0.6    0.6    0.6   17.8   17.8   72.1   17.2   12.7   14.5  829.20    1656     2202
2014-09-11 20:20:00    463782000  ***  ***    0.7    0.7    0.7   17.4   17.4   72.9   16.8   12.5   14.2  829.30    1655     2185
2014-09-11 20:40:00    463783200  ***  ***    0.5    0.5    0.5   17.2   17.2   71.2   16.5   11.9   13.7  829.50    1654     2174
2014-09-11 21:00:00    463784400  ***  ***    0.6    0.6    0.6   17.3   17.3   68.6   16.5   11.5   13.6  829.50    1654     2179
2014-09-11 21:20:00    463785600  ***  ***    0.8    0.8    0.8   17.0   17.0   70.2   16.3   11.6   13.5  829.50    1654     2168
2014-09-11 21:40:00    463786800  ***  ***    0.7    0.7    0.7   17.0   17.0   68.1   16.2   11.1   13.2  829.70    1651     2161
2014-09-11 22:00:00    463788000  ***  ***    0.0    0.0    0.0   16.7   16.7   70.5   16.0   11.3   13.2  829.40    1654     2154
2014-09-11 22:20:00    463789200  ***  ***    0.0    0.0    0.0   15.6   15.6   76.2   15.2   11.4   12.9  829.80    1650     2112
2014-09-11 22:40:00    463790400  ***  ***    0.0    0.0    0.0   15.7   15.7   76.6   15.3   11.6   13.1  830.00    1649     2117
2014-09-11 23:00:00    463791600  ***  ***    0.6    0.6    0.6   16.0   16.0   72.4   15.4   11.0   12.8  829.90    1650     2124
2014-09-11 23:20:00    463792800  ***  ***    0.6    0.6    0.6   15.9   15.9   72.4   15.3   10.9   12.7  830.00    1648     2118
2014-09-11 23:40:00    463794000  ***  ***    0.6    0.6    0.6   15.3   15.3   76.3   14.9   11.2   12.7  830.00    1649     2102
2014-09-12 00:00:00    463795200  ***  ***    0.0    0.0    0.0   14.8   14.8   79.8   14.6   11.4   12.6  830.00    1649     2085
2014-09-12 00:20:00    463796400  ***  ***    0.0    0.0    0.0   15.0   15.0   76.2   14.6   10.8   12.4  830.00    1648     2088
2014-09-12 00:40:00    463797600  ***  ***    0.0    0.0    0.0   15.4   15.4   72.5   14.8   10.5   12.3  829.70    1651     2103
2014-09-12 01:00:00    463798800  ***  ***    0.0    0.0    0.0   14.9   14.9   76.3   14.5   10.8   12.3  829.70    1652     2091
2014-09-12 01:20:00    463800000  ***  ***    0.0    0.0    0.0   14.5   14.5   79.8   14.3   11.1   12.3  829.50    1653     2079
2014-09-12 01:40:00    463801200  ***  ***    0.4    0.4    0.4   14.6   14.6   77.3   14.3   10.6   12.1  829.50    1654     2079
2014-09-12 02:00:00    463802400  ***  ***    0.0    0.0    0.0   14.1   14.1   80.1   13.9   10.7   12.0  829.70    1652     2060
2014-09-12 02:20:00    463803600  ***  ***    0.0    0.0    0.0   14.4   14.4   75.5   14.0   10.2   11.8  829.70    1652     2071
2014-09-12 02:40:00    463804800  ***  ***    0.0    0.0    0.0   14.4   14.4   76.8   14.0   10.4   11.9  829.40    1655     2074
2014-09-12 03:00:00    463806000  ***  ***    0.0    0.0    0.0   13.9   13.9   80.1   13.7   10.5   11.8  829.60    1652     2053
2014-09-12 03:20:00    463807200  ***  ***    0.0    0.0    0.0   13.7   13.7   81.1   13.6   10.6   11.8  829.30    1655     2051
2014-09-12 03:40:00    463808400  ***  ***    0.0    0.0    0.0   13.2   13.2   83.3   13.2   10.5   11.5  829.20    1656     2035
2014-09-12 04:00:00    463809600  ***  ***    0.0    0.0    0.0   12.7   12.7   85.0   12.7   10.2   11.1  829.30    1655     2014
2014-09-12 04:20:00    463810800  ***  ***    0.0    0.0    0.0   12.4   12.4   85.7   12.4   10.1   11.0  829.50    1653     2003
2014-09-12 04:40:00    463812000  ***  ***    0.0    0.0    0.0   12.3   12.3   85.1   12.3    9.9   10.8  829.50    1654     1999
2014-09-12 05:00:00    463813200  ***  ***    0.0    0.0    0.0   12.8   12.8   84.9   12.8   10.4   11.3  829.70    1652     2016
2014-09-12 05:20:00    463814400  ***  ***    0.7    0.7    0.7   13.8   13.8   81.5   13.7   10.7   11.9  829.70    1651     2049
2014-09-12 05:40:00    463815600  ***  ***    0.8    0.8    0.8   13.1   13.1   84.0   13.1   10.5   11.5  829.90    1650     2024
2014-09-12 06:00:00    463816800  ***  ***    0.0    0.0    0.0   13.0   13.0   85.0   13.0   10.5   11.4  829.90    1649     2017
2014-09-12 06:20:00    463818000  ***  ***    0.0    0.0    0.0   13.2   13.2   85.3   13.2   10.7   11.6  830.00    1649     2024
2014-09-12 06:40:00    463819200  ***  ***    0.0    0.0    0.0   13.4   13.4   85.0   13.4   11.0   11.9  830.00    1648     2034
2014-09-12 07:00:00    463820400  ***  ***    0.0    0.0    0.0   15.0   15.0   79.6   14.8   11.5   12.8  830.10    1648     2093
2014-09-12 07:20:00    463821600  ***  ***    0.0    0.0    0.0   16.9   16.9   71.3   16.3   11.6   13.5  830.20    1647     2154
2014-09-12 07:40:00    463822800  ***  ***    0.0    0.0    0.0   18.4   18.4   69.3   17.6   12.7   14.7  830.10    1647     2211
2014-09-12 08:00:00    463824000  ***  ***    0.0    0.0    0.0   19.8   19.8   63.0   19.3   12.5   15.0  830.00    1649     2259
2014-09-12 08:20:00    463825200  ***  ***    0.0    0.0    0.0   21.8   21.8   53.6   21.5   12.0   15.3  830.20    1647     2323
2014-09-12 08:40:00    463826400  ***  ***    0.0    0.0    0.0   23.9   23.9   49.4   23.2   12.7   16.4  830.30    1645     2394
2014-09-12 09:00:00    463827600  ***  ***    0.7    0.7    0.7   29.2   29.2   37.7   28.7   13.3   18.3  830.10    1648     2574
2014-09-12 09:20:00    463828800  ***  ***    0.7    0.7    0.7   33.0   33.0   30.0   32.8   13.1   19.3  830.20    1646     2693
2014-09-12 09:40:00    463830000  ***  ***    0.8    0.8    0.8   31.2   31.2   33.1   30.7   13.1   18.8  830.60    1643     2630
2014-09-12 10:00:00    463831200  ***  ***    0.6    0.6    0.6   30.2   30.2   36.1   29.8   13.5   18.7  830.50    1644     2602
2014-09-12 10:20:00    463832400  ***  ***    0.0    0.0    0.0   26.5   26.5   41.8   25.6   12.5   17.1  830.40    1645     2478
2014-09-12 10:40:00    463833600  ***  ***    0.6    0.6    0.6   25.4   25.4   41.7   24.4   11.5   16.2  830.30    1646     2440
2014-09-12 11:00:00    463834800  ***  ***    0.6    0.6    0.6   26.3   26.3   40.7   25.3   11.9   16.7  830.40    1645     2470
2014-09-12 11:20:00    463836000  ***  ***    0.0    0.0    0.0   26.1   26.1   39.6   25.0   11.3   16.3  830.10    1648     2463
2014-09-12 11:40:00    463837200  ***  ***    0.0    0.0    0.0   27.0   27.0   39.2   26.0   12.0   16.9  829.80    1651     2499
2014-09-12 12:00:00    463838400  ***  ***    0.0    0.0    0.0   27.9   27.9   35.8   26.7   11.3   16.9  829.60    1652     2527
2014-09-12 12:20:00    463839600  ***  ***    0.7    0.7    0.7   27.4   27.4   39.3   26.5   12.3   17.2  829.30    1655     2517
2014-09-12 12:40:00    463840800  ***  ***    0.0    0.0    0.0   28.6   28.6   33.5   27.4   11.0   16.9  829.40    1655     2551
2014-09-12 13:00:00    463842000  ***  ***    0.0    0.0    0.0   27.9   27.9   38.7   27.0   12.6   17.6  829.10    1658     2539
2014-09-12 13:20:00    463843200  ***  ***    0.6    0.6    0.6   25.9   25.9   44.0   25.1   12.7   17.0  828.80    1660     2477
2014-09-12 13:40:00    463844400  ***  ***    0.0    0.0    0.0   24.9   24.9   48.7   24.2   13.4   17.1  828.80    1661     2448
2014-09-12 14:00:00    463845600  ***  ***    0.0    0.0    0.0   24.9   24.9   50.0   24.3   13.8   17.3  828.80    1661     2451
2014-09-12 14:20:00    463846800  ***  ***    0.0    0.0    0.0   24.5   24.5   47.1   23.7   12.5   16.4  828.70    1661     2433
2014-09-12 14:40:00    463848000  ***  ***    0.0    0.0    0.0   23.9   23.9   51.5   23.3   13.3   16.8  828.60    1662     2415
2014-09-12 15:00:00    463849200  ***  ***    0.8    0.8    0.8   26.3   26.3   43.5   25.6   12.9   17.3  828.20    1666     2499
2014-09-12 15:20:00    463850400  ***  ***    0.0    0.0    0.0   25.0   25.0   45.1   24.1   12.3   16.5  828.30    1666     2452
2014-09-12 15:40:00    463851600  ***  ***    0.0    0.0    0.0   24.8   24.8   52.0   24.3   14.2   17.5  828.60    1663     2450
2014-09-12 16:00:00    463852800  ***  ***    0.0    0.0    0.0   23.0   23.0   55.3   22.8   13.5   16.6  828.40    1665     2389
2014-09-12 16:20:00    463854000  ***  ***    0.0    0.0    0.0   24.0   24.0   59.0   23.9   15.5   18.1  828.40    1664     2433
2014-09-12 16:40:00    463855200  ***  ***    0.0    0.0    0.0   27.8   27.8   38.5   26.8   12.4   17.4  828.10    1668     2548
2014-09-12 17:00:00    463856400  ***  ***    0.0    0.0    0.0   25.8   25.8   44.0   25.0   12.6   16.9  828.00    1669     2483
2014-09-12 17:20:00    463857600  ***  ***    0.4    0.4    0.4   24.1   24.1   54.1   23.7   14.3   17.4  828.40    1665     2430
2014-09-12 17:40:00    463858800  ***  ***    0.5    0.5    0.5   24.1   24.1   46.3   23.2   11.9   16.0  828.20    1666     2421
2014-09-12 18:00:00    463860000  ***  ***    0.0    0.0    0.0   23.2   23.2   50.4   22.7   12.3   15.9  828.70    1661     2386
2014-09-12 18:20:00    463861200  ***  ***    0.0    0.0    0.0   22.3   22.3   53.8   22.0   12.5   15.8  828.70    1662     2361
2014-09-12 18:40:00    463862400  ***  ***    0.6    0.6    0.6   22.1   22.1   51.1   21.7   11.6   15.2  829.00    1659     2346
2014-09-12 19:00:00    463863600  ***  ***    0.0    0.0    0.0   21.9   21.9   50.5   21.5   11.2   14.9  829.40    1655     2334
2014-09-12 19:20:00    463864800  ***  ***    0.0    0.0    0.0   21.5   21.5   52.6   21.3   11.4   14.9  829.70    1652     2317
2014-09-12 19:40:00    463866000  ***  ***    0.4    0.4    0.4   20.9   20.9   55.2   20.5   11.6   14.9  829.90    1650     2293
2014-09-12 20:00:00    463867200  ***  ***    0.0    0.0    0.0   20.5   20.5   56.5   19.9   11.5   14.7  830.10    1648     2277
2014-09-12 20:20:00    463868400  ***  ***    0.6    0.6    0.6   20.8   20.8   53.5   20.2   11.0   14.5  829.70    1651     2290
2014-09-12 20:40:00    463869600  ***  ***    1.0    1.0    1.0   20.7   20.7   53.6   20.1   10.9   14.4  829.80    1651     2285
2014-09-12 21:00:00    463870800  ***  ***    1.3    1.3    1.3   21.2   21.2   50.2   20.7   10.4   14.3  830.00    1649     2298
2014-09-12 21:20:00    463872000  ***  ***    0.0    0.0    0.0   20.1   20.1   55.1   19.3   10.8   14.1  829.70    1651     2265
2014-09-12 21:40:00    463873200  ***  ***    0.0    0.0    0.0   20.6   20.6   51.2   19.9   10.1   13.9  829.90    1650     2276
2014-09-12 22:00:00    463874400  ***  ***    0.0    0.0    0.0   20.4   20.4   49.7   19.5    9.6   13.6  830.10    1647     2266
2014-09-12 22:20:00    463875600  ***  ***    0.0    0.0    0.0   18.4   18.4   61.1   17.2   10.8   13.6  829.90    1649     2206
2014-09-12 22:40:00    463876800  ***  ***    0.0    0.0    0.0   17.7   17.7   66.3   16.8   11.3   13.6  829.90    1650     2184
2014-09-12 23:00:00    463878000  ***  ***    0.0    0.0    0.0   18.5   18.5   61.6   17.3   11.0   13.7  830.00    1649     2210
2014-09-12 23:20:00    463879200  ***  ***    0.0    0.0    0.0   16.9   16.9   72.5   16.3   11.9   13.6  830.30    1645     2154
2014-09-12 23:40:00    463880400  ***  ***    0.0    0.0    0.0   15.9   15.9   74.8   15.4   11.4   13.0  830.40    1644     2117
2014-09-13 00:00:00    463881600  ***  ***    0.0    0.0    0.0   15.4   15.4   78.5   15.1   11.7   13.0  830.90    1640     2095
2014-09-13 00:20:00    463882800  ***  ***    0.0    0.0    0.0   15.1   15.1   77.9   14.8   11.3   12.7  830.80    1640     2083
2014-09-13 00:40:00    463884000  ***  ***    0.0    0.0    0.0   15.0   15.0   78.3   14.7   11.3   12.6  831.00    1640     2080
2014-09-13 01:00:00    463885200  ***  ***    0.0    0.0    0.0   14.8   14.8   80.0   14.6   11.4   12.6  830.90    1640     2072
2014-09-13 01:20:00    463886400  ***  ***    0.0    0.0    0.0   14.3   14.3   82.2   14.2   11.3   12.4  830.80    1642     2056
2014-09-13 01:40:00    463887600  ***  ***    0.0    0.0    0.0   13.8   13.8   83.8   13.8   11.1   12.1  830.70    1642     2039
2014-09-13 02:00:00    463888800  ***  ***    0.0    0.0    0.0   13.6   13.6   85.0   13.6   11.1   12.0  830.70    1642     2033
2014-09-13 02:20:00    463890000  ***  ***    0.0    0.0    0.0   13.8   13.8   84.9   13.8   11.3   12.2  830.60    1643     2042
2014-09-13 02:40:00    463891200  ***  ***    0.0    0.0    0.0   13.5   13.5   86.5   13.6   11.3   12.1  830.80    1642     2028
2014-09-13 03:00:00    463892400  ***  ***    0.0    0.0    0.0   13.5   13.5   86.4   13.6   11.2   12.1  830.80    1642     2028
2014-09-13 03:20:00    463893600  ***  ***    0.0    0.0    0.0   13.4   13.4   86.9   13.5   11.3   12.1  830.70    1642     2027
2014-09-13 03:40:00    463894800  ***  ***    0.0    0.0    0.0   13.6   13.6   86.9   13.7   11.5   12.3  830.70    1642     2034
2014-09-13 04:00:00    463896000  ***  ***    0.0    0.0    0.0   13.6   13.6   87.5   13.7   11.6   12.4  830.60    1643     2036
2014-09-13 04:20:00    463897200  ***  ***    0.0    0.0    0.0   13.4   13.4   88.1   13.5   11.5   12.2  830.70    1642     2028
2014-09-13 04:40:00    463898400  ***  ***    0.0    0.0    0.0   13.4   13.4   88.5   13.6   11.5   12.2  830.40    1645     2031
2014-09-13 05:00:00    463899600  ***  ***    0.0    0.0    0.0   13.2   13.2   89.2   13.4   11.5   12.2  830.50    1644     2023
2014-09-13 05:20:00    463900800  ***  ***    0.0    0.0    0.0   13.2   13.2   89.4   13.4   11.5   12.2  830.50    1644     2022
2014-09-13 05:40:00    463902000  ***  ***    0.0    0.0    0.0   13.7   13.7   87.5   13.8   11.7   12.5  830.80    1642     2038
2014-09-13 06:00:00    463903200  ***  ***    0.0    0.0    0.0   13.2   13.2   89.6   13.4   11.5   12.2  830.90    1640     2019
2014-09-13 06:20:00    463904400  ***  ***    0.0    0.0    0.0   13.1   13.1   89.1   13.3   11.4   12.1  831.00    1638     2013
2014-09-13 06:40:00    463905600  ***  ***    0.0    0.0    0.0   13.5   13.5   88.8   13.7   11.7   12.4  831.20    1637     2024
2014-09-13 07:00:00    463906800  ***  ***    0.0    0.0    0.0   14.3   14.3   87.2   14.4   12.2   12.9  831.50    1635     2051
2014-09-13 07:20:00    463908000  ***  ***    0.0    0.0    0.0   15.2   15.2   86.4   15.3   13.0   13.8  831.40    1635     2088
2014-09-13 07:40:00    463909200  ***  ***    0.0    0.0    0.0   17.1   17.1   79.4   16.9   13.5   14.7  831.40    1635     2155
2014-09-13 08:00:00    463910400  ***  ***    0.0    0.0    0.0   17.9   17.9   73.8   17.4   13.1   14.8  831.40    1635     2180
2014-09-13 08:20:00    463911600  ***  ***    0.0    0.0    0.0   19.0   19.0   69.9   18.5   13.4   15.3  831.50    1633     2216
2014-09-13 08:40:00    463912800  ***  ***    1.0    1.0    1.0   22.9   22.9   60.4   22.9   14.8   17.3  831.70    1632     2351
2014-09-13 09:00:00    463914000  ***  ***    0.0    0.0    0.0   25.0   25.0   51.5   24.5   14.4   17.7  831.50    1633     2423
2014-09-13 09:20:00    463915200  ***  ***    0.0    0.0    0.0   27.6   27.6   46.3   27.4   15.0   18.8  831.50    1633     2509
2014-09-13 09:40:00    463916400  ***  ***    0.0    0.0    0.0   27.1   27.1   45.6   26.7   14.4   18.3  831.70    1632     2491
2014-09-13 10:00:00    463917600  ***  ***    0.0    0.0    0.0   28.4   28.4   43.4   28.2   14.8   18.9  831.60    1633     2536
2014-09-13 10:20:00    463918800  ***  ***    0.9    0.9    0.9   23.1   23.1   54.1   22.8   13.4   16.6  831.60    1633     2356
2014-09-13 10:40:00    463920000  ***  ***    0.7    0.7    0.7   23.2   23.2   52.9   22.8   13.1   16.4  831.50    1635     2358
2014-09-13 11:00:00    463921200  ***  ***    0.0    0.0    0.0   23.3   23.3   52.5   22.9   13.1   16.4  831.10    1638     2367
2014-09-13 11:20:00    463922400  ***  ***    0.0    0.0    0.0   23.4   23.4   51.6   22.9   12.8   16.3  831.00    1640     2369
2014-09-13 11:40:00    463923600  ***  ***    0.0    0.0    0.0   23.8   23.8   51.3   23.2   13.1   16.6  830.80    1642     2387
2014-09-13 12:00:00    463924800  ***  ***    0.5    0.5    0.5   25.1   25.1   47.3   24.4   13.1   17.0  830.60    1642     2431
2014-09-13 12:20:00    463926000  ***  ***    0.8    0.8    0.8   26.1   26.1   44.6   25.4   13.1   17.3  830.40    1645     2466
2014-09-13 12:40:00    463927200  ***  ***    0.8    0.8    0.8   26.2   26.2   43.0   25.4   12.6   17.0  830.20    1647     2470
2014-09-13 13:00:00    463928400  ***  ***    1.0    1.0    1.0   26.3   26.3   43.1   25.5   12.7   17.1  830.10    1647     2474
2014-09-13 13:20:00    463929600  ***  ***    0.8    0.8    0.8   26.6   26.6   43.5   25.9   13.2   17.5  829.70    1652     2492
2014-09-13 13:40:00    463930800  ***  ***    0.6    0.6    0.6   27.0   27.0   41.1   26.2   12.7   17.3  829.70    1652     2503
2014-09-13 14:00:00    463932000  ***  ***    0.4    0.4    0.4   26.2   26.2   42.8   25.3   12.6   17.0  829.70    1651     2476
2014-09-13 14:20:00    463933200  ***  ***    0.6    0.6    0.6   26.9   26.9   41.1   26.1   12.6   17.2  829.50    1654     2502
2014-09-13 14:40:00    463934400  ***  ***    0.0    0.0    0.0   27.3   27.3   40.1   26.5   12.6   17.4  829.10    1658     2521
2014-09-13 15:00:00    463935600  ***  ***    0.0    0.0    0.0   26.3   26.3   41.2   25.4   12.0   16.7  829.10    1657     2482
2014-09-13 15:20:00    463936800  ***  ***    0.4    0.4    0.4   27.4   27.4   39.1   26.5   12.2   17.2  829.00    1659     2522
2014-09-13 15:40:00    463938000  ***  ***    0.0    0.0    0.0   25.9   25.9   43.0   25.0   12.3   16.8  828.80    1660     2474
2014-09-13 16:00:00    463939200  ***  ***    0.5    0.5    0.5   24.2   24.2   46.9   23.4   12.2   16.2  828.80    1661     2421
2014-09-13 16:20:00    463940400  ***  ***    0.0    0.0    0.0   22.8   22.8   54.8   22.5   13.2   16.3  828.70    1661     2377
2014-09-13 16:40:00    463941600  ***  ***    0.6    0.6    0.6   24.4   24.4   43.0   23.3   11.0   15.6  828.60    1663     2423
2014-09-13 17:00:00    463942800  ***  ***    0.6    0.6    0.6   24.4   24.4   40.6   23.2   10.2   15.2  828.60    1663     2421
2014-09-13 17:20:00    463944000  ***  ***    0.0    0.0    0.0   23.4   23.4   43.5   22.5   10.3   14.9  828.70    1661     2386
2014-09-13 17:40:00    463945200  ***  ***    0.0    0.0    0.0   22.8   22.8   45.3   22.1   10.3   14.7  828.90    1660     2363
2014-09-13 18:00:00    463946400  ***  ***    0.0    0.0    0.0   21.7   21.7   49.5   21.2   10.7   14.6  828.70    1661     2330
2014-09-13 18:20:00    463947600  ***  ***    0.0    0.0    0.0   19.9   19.9   59.6   19.2   11.8   14.6  828.90    1659     2272
2014-09-13 18:40:00    463948800  ***  ***    0.0    0.0    0.0   18.5   18.5   65.1   17.5   11.8   14.1  829.00    1659     2224
2014-09-13 19:00:00    463950000  ***  ***    0.0    0.0    0.0   18.0   18.0   66.0   17.1   11.6   13.9  829.30    1655     2202
2014-09-13 19:20:00    463951200  ***  ***    0.0    0.0    0.0   18.4   18.4   60.9   17.2   10.8   13.6  829.70    1651     2208
2014-09-13 19:40:00    463952400  ***  ***    0.0    0.0    0.0   17.8   17.8   64.1   16.8   10.9   13.3  829.80    1651     2188
2014-09-13 20:00:00    463953600  ***  ***    0.0    0.0    0.0   16.8   16.8   68.4   16.0   11.0   13.1  830.20    1647     2148
2014-09-13 20:20:00    463954800  ***  ***    0.0    0.0    0.0   16.1   16.1   71.2   15.4   10.9   12.8  830.40    1645     2123
2014-09-13 20:40:00    463956000  ***  ***    0.0    0.0    0.0   17.8   17.8   61.6   16.6   10.3   13.0  830.60    1643     2176
2014-09-13 21:00:00    463957200  ***  ***    0.0    0.0    0.0   18.0   18.0   60.9   16.8   10.3   13.1  830.30    1646     2185
2014-09-13 21:20:00    463958400  ***  ***    0.0    0.0    0.0   17.8   17.8   62.3   16.7   10.5   13.2  830.50    1643     2177
2014-09-13 21:40:00    463959600  ***  ***    0.0    0.0    0.0   16.0   16.0   70.3   15.3   10.6   12.6  830.70    1642     2112
2014-09-13 22:00:00    463960800  ***  ***    0.0    0.0    0.0   14.9   14.9   74.7   14.4   10.4   12.1  830.80    1642     2074
2014-09-13 22:20:00    463962000  ***  ***    0.0    0.0    0.0   14.5   14.5   77.8   14.2   10.6   12.1  830.40    1644     2064
2014-09-13 22:40:00    463963200  ***  ***    0.0    0.0    0.0   14.1   14.1   79.8   13.9   10.7   12.0  830.70    1642     2051
2014-09-13 23:00:00    463964400  ***  ***    0.0    0.0    0.0   14.5   14.5   77.6   14.2   10.6   12.1  830.60    1643     2063
2014-09-13 23:20:00    463965600  ***  ***    0.0    0.0    0.0   14.2   14.2   79.7   14.0   10.7   12.0  830.50    1644     2055
2014-09-13 23:40:00    463966800  ***  ***    0.0    0.0    0.0   13.6   13.6   81.5   13.5   10.5   11.6  830.40    1645     2036
2014-09-14 00:00:00    463968000  ***  ***    0.0    0.0    0.0   13.2   13.2   82.8   13.2   10.4   11.4  830.40    1645     2021
2014-09-14 00:20:00    463969200  ***  ***    0.0    0.0    0.0   13.0   13.0   84.1   13.0   10.4   11.4  830.40    1644     2012
2014-09-14 00:40:00    463970400  ***  ***    0.0    0.0    0.0   12.9   12.9   84.0   12.9   10.3   11.3  830.50    1644     2009
2014-09-14 01:00:00    463971600  ***  ***    0.0    0.0    0.0   12.7   12.7   85.4   12.7   10.3   11.2  830.50    1644     2002
2014-09-14 01:20:00    463972800  ***  ***    0.0    0.0    0.0   13.0   13.0   84.4   13.0   10.4   11.4  830.30    1646     2014
2014-09-14 01:40:00    463974000  ***  ***    0.0    0.0    0.0   13.1   13.1   83.4   13.1   10.3   11.3  830.30    1645     2015
2014-09-14 02:00:00    463975200  ***  ***    0.0    0.0    0.0   13.1   13.1   83.2   13.1   10.4   11.4  830.20    1647     2020
2014-09-14 02:20:00    463976400  ***  ***    0.0    0.0    0.0   12.7   12.7   84.7   12.7   10.2   11.1  829.90    1650     2009
2014-09-14 02:40:00    463977600  ***  ***    0.0    0.0    0.0   12.7   12.7   85.8   12.7   10.4   11.3  829.90    1649     2008
2014-09-14 03:00:00    463978800  ***  ***    0.0    0.0    0.0   12.3   12.3   87.1   12.4   10.2   11.0  829.70    1651     1995
2014-09-14 03:20:00    463980000  ***  ***    0.0    0.0    0.0   11.8   11.8   88.7   11.9   10.0   10.7  829.80    1651     1977
2014-09-14 03:40:00    463981200  ***  ***    0.0    0.0    0.0   11.7   11.7   88.9   11.8    9.9   10.6  829.70    1652     1974
2014-09-14 04:00:00    463982400  ***  ***    0.0    0.0    0.0   11.7   11.7   89.1   11.8   10.0   10.7  829.80    1651     1974
2014-09-14 04:20:00    463983600  ***  ***    0.0    0.0    0.0   11.5   11.5   89.5   11.6    9.9   10.5  829.80    1651     1968
2014-09-14 04:40:00    463984800  ***  ***    0.0    0.0    0.0   11.8   11.8   89.0   11.9   10.0   10.7  829.70    1652     1978
2014-09-14 05:00:00    463986000  ***  ***    0.0    0.0    0.0   11.7   11.7   89.7   11.8   10.1   10.7  829.80    1651     1976
2014-09-14 05:20:00    463987200  ***  ***    0.0    0.0    0.0   11.5   11.5   90.3   11.7   10.0   10.6  830.00    1648     1963
2014-09-14 05:40:00    463988400  ***  ***    0.0    0.0    0.0   11.3   11.3   90.2   11.5    9.8   10.4  830.10    1648     1957
2014-09-14 06:00:00    463989600  ***  ***    0.0    0.0    0.0   11.4   11.4   90.9   11.6   10.0   10.5  830.00    1648     1959
2014-09-14 06:20:00    463990800  ***  ***    0.0    0.0    0.0   11.1   11.1   91.8   11.3    9.9   10.4  830.10    1648     1950
2014-09-14 06:40:00    463992000  ***  ***    0.0    0.0    0.0   11.7   11.7   90.7   11.9   10.2   10.7  830.20    1646     1969
2014-09-14 07:00:00    463993200  ***  ***    0.0    0.0    0.0   13.0   13.0   87.9   13.1   11.0   11.8  830.30    1645     2014
2014-09-14 07:20:00    463994400  ***  ***    0.0    0.0    0.0   14.2   14.2   84.0   14.2   11.5   12.5  830.20    1646     2060
2014-09-14 07:40:00    463995600  ***  ***    0.0    0.0    0.0   16.3   16.3   77.4   16.0   12.3   13.7  830.40    1644     2132
2014-09-14 08:00:00    463996800  ***  ***    0.0    0.0    0.0   18.2   18.2   67.0   17.3   12.0   14.1  830.30    1645     2198
2014-09-14 08:20:00    463998000  ***  ***    0.0    0.0    0.0   19.6   19.6   63.6   19.0   12.5   14.9  830.30    1645     2247
2014-09-14 08:40:00    463999200  ***  ***    0.0    0.0    0.0   24.6   24.6   51.4   24.0   13.9   17.3  830.60    1643     2417
2014-09-14 09:00:00    464000400  ***  ***    0.7    0.7    0.7   26.5   26.5   47.0   26.1   14.3   18.1  830.70    1642     2481
2014-09-14 09:20:00    464001600  ***  ***    0.0    0.0    0.0   28.5   28.5   41.6   28.2   14.2   18.6  830.50    1644     2551
2014-09-14 09:40:00    464002800  ***  ***    0.6    0.6    0.6   28.3   28.3   41.1   27.8   13.9   18.4  831.00    1638     2535
2014-09-14 10:00:00    464004000  ***  ***    0.6    0.6    0.6   25.3   25.3   48.6   24.7   13.7   17.4  831.00    1640     2437
2014-09-14 10:20:00    464005200  ***  ***    1.2    1.2    1.2   23.7   23.7   50.8   23.1   12.9   16.4  830.90    1640     2382
2014-09-14 10:40:00    464006400  ***  ***    0.8    0.8    0.8   23.8   23.8   51.6   23.2   13.2   16.7  830.70    1642     2388
2014-09-14 11:00:00    464007600  ***  ***    0.9    0.9    0.9   23.8   23.8   50.9   23.2   13.0   16.5  830.40    1645     2390
2014-09-14 11:20:00    464008800  ***  ***    0.0    0.0    0.0   23.8   23.8   50.3   23.2   12.9   16.5  830.20    1647     2393
2014-09-14 11:40:00    464010000  ***  ***    0.5    0.5    0.5   24.5   24.5   51.4   23.9   13.9   17.3  829.90    1649     2424
2014-09-14 12:00:00    464011200  ***  ***    1.4    1.4    1.4   25.6   25.6   47.3   25.0   13.5   17.3  829.90    1650     2457
2014-09-14 12:20:00    464012400  ***  ***    0.0    0.0    0.0   22.9   22.9   55.1   22.7   13.4   16.5  829.60    1653     2373
2014-09-14 12:40:00    464013600  ***  ***    1.1    1.1    1.1   26.0   26.0   46.8   25.5   13.7   17.6  829.60    1653     2475
2014-09-14 13:00:00    464014800  ***  ***    0.0    0.0    0.0   24.6   24.6   50.9   24.0   13.8   17.2  829.40    1655     2433
2014-09-14 13:20:00    464016000  ***  ***    0.4    0.4    0.4   24.9   24.9   47.5   24.1   13.0   16.9  829.10    1657     2442
2014-09-14 13:40:00    464017200  ***  ***    0.7    0.7    0.7   26.3   26.3   42.8   25.5   12.7   17.1  829.00    1659     2488
2014-09-14 14:00:00    464018400  ***  ***    0.8    0.8    0.8   27.1   27.1   44.9   26.6   14.1   18.1  828.70    1661     2524
2014-09-14 14:20:00    464019600  ***  ***    1.3    1.3    1.3   27.2   27.2   42.2   26.5   13.3   17.7  828.40    1664     2527
2014-09-14 14:40:00    464020800  ***  ***    0.5    0.5    0.5   28.2   28.2   41.1   27.7   13.7   18.3  828.40    1664     2561
2014-09-14 15:00:00    464022000  ***  ***    1.1    1.1    1.1   27.9   27.9   40.9   27.2   13.4   18.0  828.50    1663     2550
2014-09-14 15:20:00    464023200  ***  ***    0.0    0.0    0.0   27.1   27.1   43.8   26.5   13.8   18.0  828.60    1663     2525
2014-09-14 15:40:00    464024400  ***  ***    0.0    0.0    0.0   27.2   27.2   41.9   26.4   13.1   17.6  828.50    1664     2526
2014-09-14 16:00:00    464025600  ***  ***    0.0    0.0    0.0   26.2   26.2   44.7   25.5   13.2   17.4  828.40    1664     2492
2014-09-14 16:20:00    464026800  ***  ***    0.0    0.0    0.0   28.2   28.2   40.8   27.6   13.6   18.2  828.20    1666     2564
2014-09-14 16:40:00    464028000  ***  ***    0.3    0.3    0.3   26.2   26.2   43.0   25.4   12.7   17.1  828.20    1666     2494
2014-09-14 17:00:00    464029200  ***  ***    0.0    0.0    0.0   24.6   24.6   47.1   23.8   12.5   16.5  828.20    1666     2439
2014-09-14 17:20:00    464030400  ***  ***    0.0    0.0    0.0   24.3   24.3   47.4   23.5   12.5   16.4  828.20    1667     2432
2014-09-14 17:40:00    464031600  ***  ***    0.0    0.0    0.0   23.3   23.3   54.3   22.9   13.6   16.7  828.30    1665     2400
2014-09-14 18:00:00    464032800  ***  ***    0.0    0.0    0.0   21.8   21.8   61.7   21.9   14.1   16.6  828.60    1663     2350
2014-09-14 18:20:00    464034000  ***  ***    0.0    0.0    0.0   21.6   21.6   56.0   21.4   12.4   15.5  828.70    1661     2335
2014-09-14 18:40:00    464035200  ***  ***    0.0    0.0    0.0   21.4   21.4   55.3   21.2   12.1   15.2  828.90    1660     2325
2014-09-14 19:00:00    464036400  ***  ***    0.0    0.0    0.0   20.6   20.6   59.6   20.2   12.5   15.2  829.10    1658     2298
2014-09-14 19:20:00    464037600  ***  ***    0.0    0.0    0.0   19.9   19.9   64.4   19.5   13.0   15.3  829.70    1652     2266
2014-09-14 19:40:00    464038800  ***  ***    0.0    0.0    0.0   19.2   19.2   68.2   18.7   13.2   15.2  829.90    1650     2244
2014-09-14 20:00:00    464040000  ***  ***    0.0    0.0    0.0   18.6   18.6   68.3   17.9   12.6   14.7  830.20    1647     2216
2014-09-14 20:20:00    464041200  ***  ***    0.0    0.0    0.0   18.2   18.2   69.8   17.5   12.6   14.5  830.50    1644     2202
2014-09-14 20:40:00    464042400  ***  ***    0.0    0.0    0.0   17.6   17.6   74.7   17.1   13.1   14.7  830.40    1645     2184
2014-09-14 21:00:00    464043600  ***  ***    0.0    0.0    0.0   17.6   17.6   73.3   17.1   12.7   14.4  830.70    1642     2175
2014-09-14 21:20:00    464044800  ***  ***    0.0    0.0    0.0   17.4   17.4   73.9   16.9   12.7   14.3  830.60    1643     2172
2014-09-14 21:40:00    464046000  ***  ***    0.0    0.0    0.0   17.0   17.0   74.9   16.5   12.5   14.1  830.90    1640     2154
2014-09-14 22:00:00    464047200  ***  ***    0.0    0.0    0.0   16.6   16.6   76.8   16.2   12.6   14.0  830.80    1642     2143
2014-09-14 22:20:00    464048400  ***  ***    0.0    0.0    0.0   16.2   16.2   77.4   15.9   12.2   13.6  831.00    1638     2122
2014-09-14 22:40:00    464049600  ***  ***    0.0    0.0    0.0   15.7   15.7   79.5   15.5   12.2   13.4  830.90    1640     2106
2014-09-14 23:00:00    464050800  ***  ***    0.0    0.0    0.0   15.6   15.6   79.5   15.4   12.1   13.3  831.00    1640     2105
2014-09-14 23:20:00    464052000  ***  ***    0.0    0.0    0.0   15.3   15.3   81.2   15.2   12.1   13.2  830.90    1640     2092
2014-09-14 23:40:00    464053200  ***  ***    0.0    0.0    0.0   15.1   15.1   81.9   15.0   12.1   13.1  830.80    1642     2089
2014-09-15 00:00:00    464054400  ***  ***    0.0    0.0    0.0   14.5   14.5   84.8   14.5   12.0   12.9  830.80    1640     2067
2014-09-15 00:20:00    464055600  ***  ***    0.0    0.0    0.0   14.6   14.6   84.2   14.6   11.9   12.8  830.70    1642     2069
2014-09-15 00:40:00    464056800  ***  ***    0.0    0.0    0.0   14.2   14.2   85.7   14.2   11.9   12.7  830.70    1642     2057
2014-09-15 01:00:00    464058000  ***  ***    0.0    0.0    0.0   14.2   14.2   86.0   14.2   11.8   12.6  830.80    1642     2055
2014-09-15 01:20:00    464059200  ***  ***    0.0    0.0    0.0   13.9   13.9   86.6   14.0   11.7   12.5  830.80    1642     2045
2014-09-15 01:40:00    464060400  ***  ***    0.0    0.0    0.0   13.7   13.7   87.9   13.8   11.7   12.5  831.00    1640     2035
2014-09-15 02:00:00    464061600  ***  ***    0.0    0.0    0.0   13.6   13.6   87.2   13.7   11.5   12.3  831.00    1640     2032
2014-09-15 02:20:00    464062800  ***  ***    0.0    0.0    0.0   13.6   13.6   87.9   13.7   11.6   12.4  830.70    1642     2034
2014-09-15 02:40:00    464064000  ***  ***    0.0    0.0    0.0   14.0   14.0   86.8   14.1   11.9   12.6  830.60    1643     2053
2014-09-15 03:00:00    464065200  ***  ***    0.0    0.0    0.0   14.4   14.4   85.0   14.4   11.9   12.8  830.60    1643     2067
2014-09-15 03:20:00    464066400  ***  ***    0.0    0.0    0.0   13.2   13.2   89.0   13.4   11.5   12.2  830.70    1642     2022
2014-09-15 03:40:00    464067600  ***  ***    0.0    0.0    0.0   14.1   14.1   87.1   14.2   11.9   12.7  830.80    1642     2051
2014-09-15 04:00:00    464068800  ***  ***    0.0    0.0    0.0   13.9   13.9   87.3   14.0   11.9   12.6  830.70    1642     2046
2014-09-15 04:20:00    464070000  ***  ***    0.0    0.0    0.0   14.1   14.1   86.7   14.2   11.9   12.7  830.80    1642     2052
2014-09-15 04:40:00    464071200  ***  ***    0.0    0.0    0.0   12.8   12.8   89.5   13.0   11.2   11.8  830.60    1642     2008
2014-09-15 05:00:00    464072400  ***  ***    0.0    0.0    0.0   12.4   12.4   90.9   12.6   11.0   11.5  830.80    1642     1991
2014-09-15 05:20:00    464073600  ***  ***    0.0    0.0    0.0   13.0   13.0   90.1   13.2   11.4   12.0  831.10    1638     2010
2014-09-15 05:40:00    464074800  ***  ***    0.0    0.0    0.0   13.8   13.8   88.2   14.0   11.8   12.5  831.00    1640     2038
2014-09-15 06:00:00    464076000  ***  ***    0.0    0.0    0.0   12.7   12.7   90.7   12.9   11.2   11.8  831.20    1638     1995
2014-09-15 06:20:00    464077200  ***  ***    0.0    0.0    0.0   13.9   13.9   87.4   14.0   11.8   12.5  831.20    1638     2040
2014-09-15 06:40:00    464078400  ***  ***    0.0    0.0    0.0   14.1   14.1   86.6   14.2   11.9   12.7  831.20    1637     2048
2014-09-15 07:00:00    464079600  ***  ***    0.0    0.0    0.0   15.0   15.0   84.9   15.0   12.5   13.4  831.60    1633     2076
2014-09-15 07:20:00    464080800  ***  ***    0.0    0.0    0.0   16.2   16.2   81.8   16.1   13.1   14.2  831.60    1633     2119
2014-09-15 07:40:00    464082000  ***  ***    0.0    0.0    0.0   17.6   17.6   76.9   17.3   13.5   14.9  831.60    1633     2170
2014-09-15 08:00:00    464083200  ***  ***    0.0    0.0    0.0   19.2   19.2   71.6   18.8   14.0   15.7  831.40    1635     2229
2014-09-15 08:20:00    464084400  ***  ***    0.0    0.0    0.0   21.2   21.2   63.5   21.2   14.0   16.4  831.50    1635     2296
2014-09-15 08:40:00    464085600  ***  ***    0.0    0.0    0.0   25.8   25.8   51.3   25.5   15.0   18.3  831.80    1632     2449
2014-09-15 09:00:00    464086800  ***  ***    0.0    0.0    0.0   28.3   28.3   43.6   28.1   14.8   18.9  831.60    1633     2532
2014-09-15 09:20:00    464088000  ***  ***    0.8    0.8    0.8   26.7   26.7   46.3   26.3   14.2   18.1  831.70    1632     2473
2014-09-15 09:40:00    464089200  ***  ***    0.4    0.4    0.4   31.4   31.4   37.2   31.8   15.0   19.9  831.70    1632     2632
2014-09-15 10:00:00    464090400  ***  ***    0.0    0.0    0.0   29.8   29.8   37.7   29.5   13.8   18.7  831.70    1632     2575
2014-09-15 10:20:00    464091600  ***  ***    0.9    0.9    0.9   25.2   25.2   48.7   24.6   13.6   17.3  831.90    1631     2423
2014-09-15 10:40:00    464092800  ***  ***    0.8    0.8    0.8   26.5   26.5   46.0   26.0   14.0   17.9  831.70    1633     2470
2014-09-15 11:00:00    464094000  ***  ***    0.0    0.0    0.0   24.0   24.0   52.9   23.5   13.8   17.1  831.60    1633     2386
2014-09-15 11:20:00    464095200  ***  ***    0.0    0.0    0.0   24.5   24.5   49.7   23.8   13.3   16.9  831.60    1633     2401
2014-09-15 11:40:00    464096400  ***  ***    0.6    0.6    0.6   25.4   25.4   49.7   24.9   14.1   17.7  831.30    1635     2436
2014-09-15 12:00:00    464097600  ***  ***    0.0    0.0    0.0   27.5   27.5   48.3   27.4   15.6   19.1  831.40    1635     2510
