FORMATTED DATE-TIME           DT   MG   TR     WS     CW     HW     TP     WC     RH     HI     DP     WB      BP      AL       DA
YYYY-MM-DD HH:MM:SS            s  Mag True    m/s    m/s    m/s     °C     °C      %     °C     °C     °C     hPa       m        m
----------------------------------------------------------------------------------------------------------------------------------
2014-08-14 18:00:00    461354400  ***  ***    0.0    0.0    0.0   21.7   21.7   69.0   22.1   15.7   17.5  831.70    1632     2317
2014-08-14 18:20:00    461355600  ***  ***    0.0    0.0    0.0   21.5   21.5   71.8   21.9   16.2   17.8  831.90    1631     2311
2014-08-14 18:40:00    461356800  ***  ***    0.0    0.0    0.0   20.9   20.9   72.1   21.1   15.7   17.3  832.10    1629     2285
2014-08-14 19:00:00    461358000  ***  ***    0.0    0.0    0.0   20.2   20.2   78.3   20.4   16.3   17.5  832.10    1628     2263
2014-08-14 19:20:00    461359200  ***  ***    0.0    0.0    0.0   19.8   19.8   82.1   20.0   16.6   17.6  832.30    1627     2252
2014-08-14 19:40:00    461360400  ***  ***    0.0    0.0    0.0   19.1   19.1   86.8   19.4   16.9   17.6  832.60    1624     2227
2014-08-14 20:00:00    461361600  ***  ***    0.0    0.0    0.0   18.8   18.8   87.7   19.1   16.7   17.3  832.70    1623     2216
2014-08-14 20:20:00    461362800  ***  ***    0.0    0.0    0.0   18.7   18.7   88.6   19.0   16.8   17.3  833.10    1619     2206
2014-08-14 20:40:00    461364000  ***  ***    0.0    0.0    0.0   18.7   18.7   89.1   19.0   16.8   17.3  833.10    1619     2205
2014-08-14 21:00:00    461365200  ***  ***    0.0    0.0    0.0   18.6   18.6   88.4   18.9   16.7   17.3  833.20    1618     2202
2014-08-14 21:20:00    461366400  ***  ***    0.0    0.0    0.0   18.5   18.5   87.4   18.7   16.4   17.1  833.40    1616     2195
2014-08-14 21:40:00    461367600  ***  ***    0.0    0.0    0.0   18.4   18.4   84.7   18.5   15.8   16.6  833.10    1619     2191
2014-08-14 22:00:00    461368800  ***  ***    0.0    0.0    0.0   18.2   18.2   84.2   18.2   15.5   16.4  832.80    1621     2183
2014-08-14 22:20:00    461370000  ***  ***    0.0    0.0    0.0   17.9   17.9   83.2   17.9   15.0   15.9  832.60    1624     2176
2014-08-14 22:40:00    461371200  ***  ***    0.0    0.0    0.0   17.7   17.7   81.2   17.6   14.4   15.5  832.60    1623     2164
2014-08-14 23:00:00    461372400  ***  ***    0.0    0.0    0.0   17.4   17.4   83.0   17.4   14.4   15.4  832.70    1623     2153
2014-08-14 23:20:00    461373600  ***  ***    0.0    0.0    0.0   17.1   17.1   80.6   16.9   13.7   14.9  832.60    1623     2141
2014-08-14 23:40:00    461374800  ***  ***    0.0    0.0    0.0   17.0   17.0   82.1   16.9   13.9   15.0  832.80    1622     2137
2014-08-15 00:00:00    461376000  ***  ***    0.0    0.0    0.0   17.2   17.2   82.2   17.1   14.1   15.1  832.70    1623     2145
2014-08-15 00:20:00    461377200  ***  ***    0.7    0.7    0.7   17.5   17.5   76.0   17.1   13.3   14.8  832.60    1624     2155
2014-08-15 00:40:00    461378400  ***  ***    0.5    0.5    0.5   17.6   17.6   74.6   17.1   13.1   14.7  832.50    1625     2159
2014-08-15 01:00:00    461379600  ***  ***    0.0    0.0    0.0   17.5   17.5   77.0   17.2   13.4   14.8  832.40    1625     2157
2014-08-15 01:20:00    461380800  ***  ***    0.0    0.0    0.0   17.7   17.7   74.9   17.2   13.2   14.8  832.30    1627     2165
2014-08-15 01:40:00    461382000  ***  ***    0.0    0.0    0.0   17.7   17.7   77.1   17.4   13.6   15.0  832.50    1625     2163
2014-08-15 02:00:00    461383200  ***  ***    0.0    0.0    0.0   17.6   17.6   78.7   17.3   13.8   15.1  832.60    1624     2160
2014-08-15 02:20:00    461384400  ***  ***    0.0    0.0    0.0   17.6   17.6   78.6   17.3   13.8   15.1  832.40    1625     2161
2014-08-15 02:40:00    461385600  ***  ***    0.0    0.0    0.0   17.6   17.6   79.1   17.4   13.9   15.1  832.60    1624     2160
2014-08-15 03:00:00    461386800  ***  ***    0.0    0.0    0.0   17.2   17.2   82.1   17.1   14.1   15.1  832.70    1622     2146
2014-08-15 03:20:00    461388000  ***  ***    0.0    0.0    0.0   17.2   17.2   82.3   17.1   14.2   15.2  832.80    1622     2145
2014-08-15 03:40:00    461389200  ***  ***    0.0    0.0    0.0   17.3   17.3   81.9   17.2   14.2   15.2  832.80    1622     2149
2014-08-15 04:00:00    461390400  ***  ***    0.0    0.0    0.0   17.4   17.4   79.8   17.2   13.9   15.0  832.90    1621     2152
2014-08-15 04:20:00    461391600  ***  ***    0.0    0.0    0.0   17.2   17.2   82.4   17.1   14.2   15.2  832.70    1622     2147
2014-08-15 04:40:00    461392800  ***  ***    0.0    0.0    0.0   17.2   17.2   81.3   17.1   14.0   15.0  832.90    1620     2141
2014-08-15 05:00:00    461394000  ***  ***    0.0    0.0    0.0   17.4   17.4   82.0   17.3   14.3   15.3  833.10    1619     2148
2014-08-15 05:20:00    461395200  ***  ***    0.0    0.0    0.0   17.3   17.3   82.1   17.2   14.2   15.2  833.00    1620     2145
2014-08-15 05:40:00    461396400  ***  ***    0.0    0.0    0.0   17.4   17.4   81.8   17.3   14.2   15.2  833.30    1617     2147
2014-08-15 06:00:00    461397600  ***  ***    0.4    0.4    0.4   16.9   16.9   87.8   17.0   14.9   15.5  833.50    1615     2131
2014-08-15 06:20:00    461398800  ***  ***    0.0    0.0    0.0   16.5   16.5   89.4   16.7   14.7   15.3  833.80    1613     2111
2014-08-15 06:40:00    461400000  ***  ***    0.0    0.0    0.0   16.2   16.2   91.2   16.5   14.8   15.2  833.70    1613     2102
2014-08-15 07:00:00    461401200  ***  ***    0.0    0.0    0.0   16.7   16.7   90.6   17.0   15.1   15.6  833.90    1610     2119
2014-08-15 07:20:00    461402400  ***  ***    0.0    0.0    0.0   17.0   17.0   89.6   17.2   15.3   15.8  833.80    1613     2134
2014-08-15 07:40:00    461403600  ***  ***    0.0    0.0    0.0   17.5   17.5   88.9   17.7   15.6   16.2  833.90    1611     2149
2014-08-15 08:00:00    461404800  ***  ***    0.0    0.0    0.0   17.7   17.7   89.4   17.9   15.9   16.5  833.80    1611     2159
2014-08-15 08:20:00    461406000  ***  ***    0.0    0.0    0.0   18.1   18.1   89.9   18.3   16.4   16.9  833.70    1613     2175
2014-08-15 08:40:00    461407200  ***  ***    0.0    0.0    0.0   19.6   19.6   85.0   19.9   17.1   17.8  833.80    1611     2230
2014-08-15 09:00:00    461408400  ***  ***    0.0    0.0    0.0   22.7   22.7   67.8   23.0   16.5   18.4  833.50    1615     2336
2014-08-15 09:20:00    461409600  ***  ***    0.0    0.0    0.0   22.8   22.8   63.0   23.0   15.3   17.6  833.30    1617     2333
2014-08-15 09:40:00    461410800  ***  ***    0.0    0.0    0.0   23.1   23.1   56.8   22.9   14.0   16.9  833.40    1616     2336
2014-08-15 10:00:00    461412000  ***  ***    0.5    0.5    0.5   23.6   23.6   58.9   23.5   15.1   17.7  833.30    1617     2359
2014-08-15 10:20:00    461413200  ***  ***    0.0    0.0    0.0   25.0   25.0   56.9   24.9   15.9   18.6  833.40    1615     2409
2014-08-15 10:40:00    461414400  ***  ***    0.0    0.0    0.0   23.6   23.6   58.2   23.4   14.9   17.6  833.60    1613     2355
2014-08-15 11:00:00    461415600  ***  ***    0.0    0.0    0.0   24.6   24.6   52.6   24.1   14.2   17.5  833.60    1613     2383
2014-08-15 11:20:00    461416800  ***  ***    0.6    0.6    0.6   24.2   24.2   52.5   23.7   13.9   17.2  833.30    1617     2374
2014-08-15 11:40:00    461418000  ***  ***    0.5    0.5    0.5   24.4   24.4   51.6   23.8   13.8   17.2  833.30    1616     2378
2014-08-15 12:00:00    461419200  ***  ***    0.0    0.0    0.0   26.3   26.3   50.1   26.2   15.1   18.5  833.00    1620     2453
2014-08-15 12:20:00    461420400  ***  ***    0.3    0.3    0.3   27.5   27.5   47.4   27.4   15.3   18.9  832.90    1620     2492
2014-08-15 12:40:00    461421600  ***  ***    0.0    0.0    0.0   25.3   25.3   51.2   24.9   14.5   17.8  832.90    1621     2418
2014-08-15 13:00:00    461422800  ***  ***    0.9    0.9    0.9   25.1   25.1   56.1   24.9   15.7   18.5  832.50    1625     2422
2014-08-15 13:20:00    461424000  ***  ***    0.5    0.5    0.5   27.3   27.3   50.6   27.5   16.2   19.4  832.20    1628     2501
2014-08-15 13:40:00    461425200  ***  ***    0.8    0.8    0.8   27.6   27.6   50.5   27.9   16.4   19.7  832.10    1629     2510
2014-08-15 14:00:00    461426400  ***  ***    0.9    0.9    0.9   25.8   25.8   51.3   25.5   15.0   18.3  831.60    1633     2449
2014-08-15 14:20:00    461427600  ***  ***    0.9    0.9    0.9   28.1   28.1   46.9   28.2   15.7   19.3  831.70    1632     2528
2014-08-15 14:40:00    461428800  ***  ***    0.7    0.7    0.7   27.2   27.2   47.7   27.1   15.2   18.8  831.60    1633     2500
2014-08-15 15:00:00    461430000  ***  ***    0.5    0.5    0.5   28.6   28.6   44.1   28.6   15.2   19.2  831.50    1635     2546
2014-08-15 15:20:00    461431200  ***  ***    0.0    0.0    0.0   27.5   27.5   44.8   27.1   14.4   18.4  831.20    1638     2509
2014-08-15 15:40:00    461432400  ***  ***    0.6    0.6    0.6   28.1   28.1   44.4   27.9   14.9   18.9  831.20    1637     2531
2014-08-15 16:00:00    461433600  ***  ***    0.0    0.0    0.0   26.6   26.6   50.6   26.5   15.5   18.8  831.30    1635     2482
2014-08-15 16:20:00    461434800  ***  ***    0.0    0.0    0.0   29.8   29.8   43.5   30.4   16.1   20.0  831.30    1635     2592
2014-08-15 16:40:00    461436000  ***  ***    0.8    0.8    0.8   29.9   29.9   43.7   30.5   16.2   20.1  831.20    1638     2597
2014-08-15 17:00:00    461437200  ***  ***    0.0    0.0    0.0   25.6   25.6   49.9   25.1   14.4   17.9  831.10    1638     2447
2014-08-15 17:20:00    461438400  ***  ***    0.0    0.0    0.0   24.7   24.7   52.4   24.2   14.3   17.6  831.30    1637     2416
2014-08-15 17:40:00    461439600  ***  ***    0.0    0.0    0.0   24.3   24.3   55.4   24.0   14.8   17.7  831.40    1635     2403
2014-08-15 18:00:00    461440800  ***  ***    1.3    1.3    1.3   22.7   22.7   57.5   22.6   13.9   16.7  831.80    1632     2341
2014-08-15 18:20:00    461442000  ***  ***    0.3    0.3    0.3   20.1   20.1   66.7   19.8   13.7   15.8  832.10    1629     2248
2014-08-15 18:40:00    461443200  ***  ***    0.8    0.8    0.8   19.0   19.0   73.9   18.7   14.2   15.8  832.10    1629     2214
2014-08-15 19:00:00    461444400  ***  ***    0.3    0.3    0.3   19.4   19.4   69.9   19.0   13.8   15.7  832.20    1628     2226
2014-08-15 19:20:00    461445600  ***  ***    0.0    0.0    0.0   19.2   19.2   68.6   18.7   13.3   15.3  831.90    1631     2220
2014-08-15 19:40:00    461446800  ***  ***    0.0    0.0    0.0   19.0   19.0   69.8   18.5   13.3   15.2  832.20    1628     2209
2014-08-15 20:00:00    461448000  ***  ***    0.0    0.0    0.0   18.6   18.6   71.9   18.0   13.5   15.2  832.50    1625     2195
2014-08-15 20:20:00    461449200  ***  ***    0.0    0.0    0.0   18.8   18.8   71.8   18.3   13.6   15.3  832.40    1625     2202
2014-08-15 20:40:00    461450400  ***  ***    0.8    0.8    0.8   18.8   18.8   73.3   18.4   13.9   15.5  832.70    1622     2197
2014-08-15 21:00:00    461451600  ***  ***    0.0    0.0    0.0   18.3   18.3   76.8   17.9   14.1   15.5  833.00    1620     2180
2014-08-15 21:20:00    461452800  ***  ***    0.0    0.0    0.0   18.3   18.3   78.4   18.0   14.5   15.7  833.10    1618     2180
2014-08-15 21:40:00    461454000  ***  ***    0.0    0.0    0.0   18.2   18.2   79.5   18.0   14.6   15.8  833.10    1619     2178
2014-08-15 22:00:00    461455200  ***  ***    0.7    0.7    0.7   18.1   18.1   79.9   17.9   14.5   15.7  833.30    1617     2171
2014-08-15 22:20:00    461456400  ***  ***    0.5    0.5    0.5   18.2   18.2   80.0   18.0   14.7   15.8  833.30    1617     2175
2014-08-15 22:40:00    461457600  ***  ***    0.0    0.0    0.0   18.3   18.3   79.4   18.1   14.7   15.8  833.20    1618     2181
2014-08-15 23:00:00    461458800  ***  ***    0.0    0.0    0.0   18.7   18.7   77.1   18.5   14.6   15.9  833.00    1619     2195
2014-08-15 23:20:00    461460000  ***  ***    0.0    0.0    0.0   19.0   19.0   75.2   18.8   14.5   15.9  833.00    1620     2205
2014-08-15 23:40:00    461461200  ***  ***    0.0    0.0    0.0   18.9   18.9   77.4   18.7   14.8   16.1  833.00    1619     2202
2014-08-16 00:00:00    461462400  ***  ***    0.0    0.0    0.0   18.6   18.6   77.6   18.3   14.6   15.9  832.90    1621     2195
2014-08-16 00:20:00    461463600  ***  ***    0.0    0.0    0.0   18.4   18.4   79.3   18.2   14.7   15.9  832.60    1623     2190
2014-08-16 00:40:00    461464800  ***  ***    0.0    0.0    0.0   18.8   18.8   75.7   18.5   14.4   15.8  832.70    1623     2201
2014-08-16 01:00:00    461466000  ***  ***    0.0    0.0    0.0   18.4   18.4   76.4   18.0   14.2   15.6  832.40    1626     2190
2014-08-16 01:20:00    461467200  ***  ***    0.0    0.0    0.0   18.3   18.3   75.5   17.9   13.9   15.4  832.40    1626     2187
2014-08-16 01:40:00    461468400  ***  ***    0.0    0.0    0.0   17.7   17.7   79.7   17.5   14.1   15.3  832.60    1624     2164
2014-08-16 02:00:00    461469600  ***  ***    0.0    0.0    0.0   18.2   18.2   74.9   17.7   13.7   15.2  832.40    1626     2182
2014-08-16 02:20:00    461470800  ***  ***    0.0    0.0    0.0   18.1   18.1   76.9   17.8   14.0   15.4  832.60    1623     2178
2014-08-16 02:40:00    461472000  ***  ***    0.0    0.0    0.0   18.0   18.0   76.7   17.6   13.8   15.2  832.80    1622     2171
2014-08-16 03:00:00    461473200  ***  ***    0.0    0.0    0.0   17.7   17.7   78.8   17.5   14.0   15.2  832.60    1623     2164
2014-08-16 03:20:00    461474400  ***  ***    0.7    0.7    0.7   18.0   18.0   77.1   17.7   13.9   15.3  832.70    1623     2172
2014-08-16 03:40:00    461475600  ***  ***    0.8    0.8    0.8   17.5   17.5   80.4   17.3   14.1   15.2  832.70    1622     2157
2014-08-16 04:00:00    461476800  ***  ***    0.0    0.0    0.0   17.6   17.6   79.6   17.4   14.1   15.2  832.90    1621     2159
2014-08-16 04:20:00    461478000  ***  ***    0.0    0.0    0.0   17.5   17.5   81.0   17.4   14.2   15.3  833.10    1619     2151
2014-08-16 04:40:00    461479200  ***  ***    0.0    0.0    0.0   17.6   17.6   81.0   17.5   14.3   15.4  833.00    1619     2155
2014-08-16 05:00:00    461480400  ***  ***    0.0    0.0    0.0   17.6   17.6   80.3   17.4   14.2   15.3  833.10    1619     2156
2014-08-16 05:20:00    461481600  ***  ***    0.0    0.0    0.0   17.8   17.8   78.8   17.6   14.1   15.3  833.10    1618     2160
2014-08-16 05:40:00    461482800  ***  ***    0.0    0.0    0.0   17.4   17.4   82.9   17.4   14.5   15.4  833.30    1617     2150
2014-08-16 06:00:00    461484000  ***  ***    0.0    0.0    0.0   17.5   17.5   80.7   17.4   14.1   15.2  833.20    1617     2148
2014-08-16 06:20:00    461485200  ***  ***    0.0    0.0    0.0   17.7   17.7   81.5   17.6   14.5   15.5  833.50    1615     2156
2014-08-16 06:40:00    461486400  ***  ***    0.0    0.0    0.0   18.3   18.3   79.6   18.1   14.7   15.8  833.70    1613     2175
2014-08-16 07:00:00    461487600  ***  ***    0.0    0.0    0.0   18.7   18.7   80.2   18.6   15.2   16.3  833.60    1614     2193
2014-08-16 07:20:00    461488800  ***  ***    0.0    0.0    0.0   19.5   19.5   77.6   19.5   15.5   16.8  833.70    1613     2220
2014-08-16 07:40:00    461490000  ***  ***    0.0    0.0    0.0   20.0   20.0   78.3   20.1   16.2   17.3  833.80    1611     2237
2014-08-16 08:00:00    461491200  ***  ***    0.0    0.0    0.0   20.4   20.4   75.9   20.6   16.0   17.3  833.80    1613     2250
2014-08-16 08:20:00    461492400  ***  ***    0.7    0.7    0.7   22.4   22.4   64.3   22.6   15.3   17.5  833.60    1613     2314
2014-08-16 08:40:00    461493600  ***  ***    0.0    0.0    0.0   22.8   22.8   63.8   23.0   15.6   17.8  833.50    1614     2332
2014-08-16 09:00:00    461494800  ***  ***    0.0    0.0    0.0   24.1   24.1   53.1   23.6   14.0   17.2  833.80    1613     2364
2014-08-16 09:20:00    461496000  ***  ***    0.5    0.5    0.5   24.4   24.4   52.2   23.9   14.0   17.3  833.90    1610     2372
2014-08-16 09:40:00    461497200  ***  ***    0.4    0.4    0.4   24.7   24.7   53.6   24.3   14.6   17.7  834.00    1610     2385
2014-08-16 10:00:00    461498400  ***  ***    1.3    1.3    1.3   23.8   23.8   57.7   23.6   15.0   17.7  833.90    1611     2358
2014-08-16 10:20:00    461499600  ***  ***    0.0    0.0    0.0   25.8   25.8   54.2   25.8   15.8   18.8  833.60    1613     2430
2014-08-16 10:40:00    461500800  ***  ***    1.5    1.5    1.5   24.7   24.7   55.4   24.4   15.1   18.1  833.70    1613     2388
2014-08-16 11:00:00    461502000  ***  ***    0.6    0.6    0.6   25.4   25.4   52.5   25.1   15.0   18.2  833.60    1614     2417
2014-08-16 11:20:00    461503200  ***  ***    0.5    0.5    0.5   26.5   26.5   52.5   26.6   16.0   19.1  833.40    1616     2460
2014-08-16 11:40:00    461504400  ***  ***    0.8    0.8    0.8   26.7   26.7   49.0   26.5   15.1   18.6  833.20    1617     2461
2014-08-16 12:00:00    461505600  ***  ***    0.0    0.0    0.0   29.4   29.4   42.9   29.6   15.4   19.5  833.40    1616     2550
2014-08-16 12:20:00    461506800  ***  ***    0.4    0.4    0.4   28.3   28.3   44.4   28.2   15.1   19.1  833.10    1619     2516
2014-08-16 12:40:00    461508000  ***  ***    0.0    0.0    0.0   26.6   26.6   49.8   26.4   15.3   18.7  833.30    1616     2458
2014-08-16 13:00:00    461509200  ***  ***    0.0    0.0    0.0   23.5   23.5   61.7   23.6   15.7   18.0  833.20    1618     2362
2014-08-16 13:20:00    461510400  ***  ***    0.0    0.0    0.0   24.8   24.8   57.2   24.6   15.8   18.5  833.10    1619     2405
2014-08-16 13:40:00    461511600  ***  ***    0.0    0.0    0.0   25.7   25.7   56.0   25.8   16.3   19.0  833.00    1619     2438
2014-08-16 14:00:00    461512800  ***  ***    0.8    0.8    0.8   29.4   29.4   44.7   29.9   16.1   19.9  832.70    1623     2562
2014-08-16 14:20:00    461514000  ***  ***    0.7    0.7    0.7   29.7   29.7   42.4   30.1   15.5   19.7  832.40    1626     2572
2014-08-16 14:40:00    461515200  ***  ***    0.7    0.7    0.7   27.6   27.6   42.9   27.0   13.9   18.2  831.90    1630     2501
2014-08-16 15:00:00    461516400  ***  ***    0.0    0.0    0.0   27.2   27.2   48.7   27.2   15.4   18.9  831.50    1633     2500
2014-08-16 15:20:00    461517600  ***  ***    0.0    0.0    0.0   26.6   26.6   47.1   26.2   14.4   18.2  831.50    1635     2474
2014-08-16 15:40:00    461518800  ***  ***    0.0    0.0    0.0   26.0   26.0   50.1   25.8   14.8   18.2  831.50    1635     2458
2014-08-16 16:00:00    461520000  ***  ***    0.0    0.0    0.0   28.2   28.2   43.4   27.9   14.6   18.7  831.30    1635     2530
2014-08-16 16:20:00    461521200  ***  ***    0.0    0.0    0.0   29.8   29.8   37.0   29.5   13.6   18.7  831.20    1638     2582
2014-08-16 16:40:00    461522400  ***  ***    0.0    0.0    0.0   25.3   25.3   53.9   25.1   15.3   18.3  830.90    1640     2446
2014-08-16 17:00:00    461523600  ***  ***    0.0    0.0    0.0   24.4   24.4   59.6   24.3   16.0   18.5  831.00    1640     2418
2014-08-16 17:20:00    461524800  ***  ***    0.0    0.0    0.0   23.7   23.7   65.3   23.9   16.8   18.8  831.20    1637     2395
2014-08-16 17:40:00    461526000  ***  ***    0.0    0.0    0.0   28.1   28.1   52.1   28.8   17.3   20.4  830.80    1642     2549
2014-08-16 18:00:00    461527200  ***  ***    0.0    0.0    0.0   23.4   23.4   63.7   23.6   16.1   18.3  831.00    1640     2386
2014-08-16 18:20:00    461528400  ***  ***    0.8    0.8    0.8   22.5   22.5   70.4   22.9   16.8   18.5  831.30    1635     2353
2014-08-16 18:40:00    461529600  ***  ***    0.0    0.0    0.0   22.3   22.3   71.3   22.7   16.8   18.4  832.00    1630     2339
2014-08-16 19:00:00    461530800  ***  ***    0.0    0.0    0.0   22.0   22.0   69.6   22.4   16.2   18.0  831.80    1632     2330
2014-08-16 19:20:00    461532000  ***  ***    0.0    0.0    0.0   21.4   21.4   72.7   21.8   16.3   17.8  831.90    1631     2308
2014-08-16 19:40:00    461533200  ***  ***    0.0    0.0    0.0   20.3   20.3   76.7   20.5   16.1   17.4  832.30    1627     2266
2014-08-16 20:00:00    461534400  ***  ***    0.0    0.0    0.0   19.5   19.5   78.6   19.5   15.7   16.9  832.20    1627     2238
2014-08-16 20:20:00    461535600  ***  ***    0.0    0.0    0.0   19.7   19.7   76.8   19.7   15.5   16.8  832.80    1621     2235
2014-08-16 20:40:00    461536800  ***  ***    0.6    0.6    0.6   20.5   20.5   65.1   20.3   13.8   16.0  834.10    1608     2239
2014-08-16 21:00:00    461538000  ***  ***    1.0    1.0    1.0   15.2   15.2   85.8   15.2   12.9   13.7  834.70    1603     2048
2014-08-16 21:20:00    461539200  ***  ***    0.0    0.0    0.0   14.3   14.3   91.3   14.6   12.9   13.4  834.90    1602     2014
2014-08-16 21:40:00    461540400  ***  ***    0.0    0.0    0.0   14.6   14.6   92.6   14.9   13.4   13.8  834.20    1608     2037
2014-08-16 22:00:00    461541600  ***  ***    0.7    0.7    0.7   15.5   15.5   88.2   15.7   13.5   14.2  833.30    1617     2077
2014-08-16 22:20:00    461542800  ***  ***    0.6    0.6    0.6   16.0   16.0   80.7   15.9   12.7   13.8  833.90    1610     2084
2014-08-16 22:40:00    461544000  ***  ***    0.0    0.0    0.0   16.1   16.1   78.7   15.8   12.4   13.7  833.80    1613     2088
2014-08-16 23:00:00    461545200  ***  ***    0.6    0.6    0.6   18.6   18.6   63.3   17.6   11.5   14.0  833.00    1619     2177
2014-08-16 23:20:00    461546400  ***  ***    0.0    0.0    0.0   18.0   18.0   66.1   17.1   11.5   13.8  832.60    1623     2161
2014-08-16 23:40:00    461547600  ***  ***    0.0    0.0    0.0   16.4   16.4   79.6   16.2   12.9   14.1  832.60    1624     2116
2014-08-17 00:00:00    461548800  ***  ***    0.0    0.0    0.0   16.0   16.0   85.8   16.0   13.7   14.5  832.60    1624     2106
2014-08-17 00:20:00    461550000  ***  ***    0.0    0.0    0.0   16.1   16.1   85.6   16.1   13.6   14.5  832.70    1623     2106
2014-08-17 00:40:00    461551200  ***  ***    0.0    0.0    0.0   16.4   16.4   84.7   16.4   13.8   14.7  832.70    1623     2117
2014-08-17 01:00:00    461552400  ***  ***    0.9    0.9    0.9   17.3   17.3   74.3   16.8   12.7   14.3  833.30    1617     2136
2014-08-17 01:20:00    461553600  ***  ***    0.0    0.0    0.0   17.4   17.4   76.0   17.0   13.2   14.7  833.60    1613     2137
2014-08-17 01:40:00    461554800  ***  ***    0.0    0.0    0.0   16.9   16.9   76.8   16.5   12.8   14.2  834.00    1610     2114
2014-08-17 02:00:00    461556000  ***  ***    0.0    0.0    0.0   15.5   15.5   89.7   15.7   13.9   14.5  833.20    1618     2083
2014-08-17 02:20:00    461557200  ***  ***    0.0    0.0    0.0   15.5   15.5   89.9   15.7   13.8   14.4  832.60    1624     2088
2014-08-17 02:40:00    461558400  ***  ***    0.0    0.0    0.0   15.4   15.4   91.0   15.7   13.9   14.4  832.20    1628     2090
2014-08-17 03:00:00    461559600  ***  ***    0.0    0.0    0.0   16.2   16.2   81.0   16.1   12.9   14.0  831.90    1631     2116
2014-08-17 03:20:00    461560800  ***  ***    0.0    0.0    0.0   15.2   15.2   89.2   15.4   13.4   14.0  832.30    1627     2078
2014-08-17 03:40:00    461562000  ***  ***    0.0    0.0    0.0   14.9   14.9   90.5   15.2   13.3   13.9  832.20    1627     2067
2014-08-17 04:00:00    461563200  ***  ***    0.0    0.0    0.0   14.8   14.8   91.2   15.1   13.3   13.8  832.50    1625     2062
2014-08-17 04:20:00    461564400  ***  ***    0.5    0.5    0.5   14.6   14.6   91.1   14.9   13.2   13.7  832.70    1623     2054
2014-08-17 04:40:00    461565600  ***  ***    0.0    0.0    0.0   14.5   14.5   89.9   14.7   12.9   13.5  832.80    1622     2048
2014-08-17 05:00:00    461566800  ***  ***    0.4    0.4    0.4   14.3   14.3   91.5   14.6   12.9   13.4  832.70    1622     2040
2014-08-17 05:20:00    461568000  ***  ***    0.0    0.0    0.0   14.1   14.1   91.7   14.4   12.7   13.2  832.80    1622     2032
2014-08-17 05:40:00    461569200  ***  ***    0.0    0.0    0.0   13.9   13.9   92.3   14.2   12.7   13.1  833.00    1620     2022
2014-08-17 06:00:00    461570400  ***  ***    0.0    0.0    0.0   14.6   14.6   91.3   14.9   13.1   13.6  833.00    1619     2045
2014-08-17 06:20:00    461571600  ***  ***    0.0    0.0    0.0   15.3   15.3   88.0   15.4   13.4   14.1  833.10    1619     2074
2014-08-17 06:40:00    461572800  ***  ***    0.0    0.0    0.0   15.6   15.6   89.5   15.8   13.8   14.4  833.20    1617     2082
2014-08-17 07:00:00    461574000  ***  ***    0.0    0.0    0.0   16.5   16.5   88.5   16.7   14.6   15.2  832.90    1620     2121
2014-08-17 07:20:00    461575200  ***  ***    0.0    0.0    0.0   17.7   17.7   84.9   17.7   15.2   16.0  833.10    1619     2165
2014-08-17 07:40:00    461576400  ***  ***    0.0    0.0    0.0   19.9   19.9   76.8   20.0   15.7   17.0  833.00    1620     2243
2014-08-17 08:00:00    461577600  ***  ***    0.0    0.0    0.0   21.9   21.9   69.2   22.3   16.0   17.8  832.90    1621     2312
2014-08-17 08:20:00    461578800  ***  ***    0.0    0.0    0.0   23.1   23.1   65.9   23.3   16.4   18.4  832.80    1622     2356
2014-08-17 08:40:00    461580000  ***  ***    0.0    0.0    0.0   24.0   24.0   58.9   23.9   15.5   18.1  832.70    1622     2381
2014-08-17 09:00:00    461581200  ***  ***    0.0    0.0    0.0   24.9   24.9   52.0   24.4   14.4   17.7  832.70    1622     2407
2014-08-17 09:20:00    461582400  ***  ***    0.0    0.0    0.0   25.3   25.3   48.9   24.7   13.8   17.4  832.70    1623     2417
2014-08-17 09:40:00    461583600  ***  ***    0.0    0.0    0.0   25.4   25.4   55.2   25.3   15.7   18.6  832.70    1622     2426
2014-08-17 10:00:00    461584800  ***  ***    0.7    0.7    0.7   25.4   25.4   55.6   25.3   15.9   18.7  832.80    1622     2430
2014-08-17 10:20:00    461586000  ***  ***    0.0    0.0    0.0   26.4   26.4   55.0   26.7   16.6   19.4  832.80    1622     2466
2014-08-17 10:40:00    461587200  ***  ***    0.5    0.5    0.5   26.0   26.0   52.8   25.9   15.7   18.7  832.70    1623     2450
2014-08-17 11:00:00    461588400  ***  ***    0.0    0.0    0.0   28.2   28.2   47.3   28.3   15.9   19.5  832.60    1624     2523
2014-08-17 11:20:00    461589600  ***  ***    1.1    1.1    1.1   26.7   26.7   50.6   26.7   15.6   18.9  832.60    1624     2472
2014-08-17 11:40:00    461590800  ***  ***    0.6    0.6    0.6   28.6   28.6   44.0   28.6   15.2   19.2  832.60    1624     2534
2014-08-17 12:00:00    461592000  ***  ***    0.0    0.0    0.0   27.3   27.3   48.3   27.2   15.4   18.9  832.50    1625     2492
2014-08-17 12:20:00    461593200  ***  ***    0.0    0.0    0.0   25.4   25.4   51.3   25.0   14.6   17.9  832.30    1626     2426
2014-08-17 12:40:00    461594400  ***  ***    0.0    0.0    0.0   24.3   24.3   61.7   24.4   16.5   18.8  832.10    1628     2404
2014-08-17 13:00:00    461595600  ***  ***    1.3    1.3    1.3   21.2   21.2   60.9   21.1   13.3   15.9  832.50    1625     2279
2014-08-17 13:20:00    461596800  ***  ***    0.0    0.0    0.0   18.9   18.9   78.5   18.7   15.1   16.3  832.70    1623     2209
2014-08-17 13:40:00    461598000  ***  ***    0.5    0.5    0.5   19.2   19.2   79.5   19.2   15.5   16.7  832.20    1628     2226
2014-08-17 14:00:00    461599200  ***  ***    1.0    1.0    1.0   19.3   19.3   79.3   19.3   15.6   16.8  831.70    1632     2234
2014-08-17 14:20:00    461600400  ***  ***    0.5    0.5    0.5   20.4   20.4   77.4   20.6   16.3   17.5  831.10    1638     2285
2014-08-17 14:40:00    461601600  ***  ***    0.0    0.0    0.0   25.8   25.8   61.0   26.3   17.7   20.0  830.70    1642     2476
2014-08-17 15:00:00    461602800  ***  ***    0.0    0.0    0.0   28.1   28.1   44.0   27.9   14.7   18.8  830.20    1646     2541
2014-08-17 15:20:00    461604000  ***  ***    0.0    0.0    0.0   30.1   30.1   39.2   30.1   14.7   19.3  830.20    1647     2609
2014-08-17 15:40:00    461605200  ***  ***    0.9    0.9    0.9   29.9   29.9   35.1   29.3   12.8   18.2  830.20    1647     2592
2014-08-17 16:00:00    461606400  ***  ***    0.0    0.0    0.0   29.4   29.4   34.7   28.6   12.2   17.8  829.70    1652     2580
2014-08-17 16:20:00    461607600  ***  ***    0.0    0.0    0.0   30.3   30.3   31.4   29.3   11.5   17.7  829.60    1653     2606
2014-08-17 16:40:00    461608800  ***  ***    0.4    0.4    0.4   30.6   30.6   31.8   29.7   11.9   18.0  829.70    1652     2618
2014-08-17 17:00:00    461610000  ***  ***    1.6    1.6    1.6   28.6   28.6   39.8   28.1   13.6   18.3  829.70    1652     2561
2014-08-17 17:20:00    461611200  ***  ***    0.0    0.0    0.0   25.2   25.2   46.8   24.5   13.0   16.9  829.70    1652     2445
2014-08-17 17:40:00    461612400  ***  ***    0.9    0.9    0.9   22.8   22.8   55.7   22.6   13.5   16.5  830.30    1646     2362
2014-08-17 18:00:00    461613600  ***  ***    0.0    0.0    0.0   23.0   23.0   50.7   22.5   12.2   15.8  831.30    1637     2351
2014-08-17 18:20:00    461614800  ***  ***    1.0    1.0    1.0   21.0   21.0   59.7   20.7   12.9   15.6  831.70    1633     2282
2014-08-17 18:40:00    461616000  ***  ***    0.0    0.0    0.0   21.3   21.3   54.8   21.0   11.8   15.0  831.30    1637     2291
2014-08-17 19:00:00    461617200  ***  ***    0.0    0.0    0.0   19.2   19.2   68.8   18.7   13.3   15.3  831.10    1638     2227
2014-08-17 19:20:00    461618400  ***  ***    0.0    0.0    0.0   19.2   19.2   66.7   18.6   12.9   15.0  831.60    1633     2224
2014-08-17 19:40:00    461619600  ***  ***    0.0    0.0    0.0   17.3   17.3   84.2   17.3   14.6   15.5  831.40    1635     2165
2014-08-17 20:00:00    461620800  ***  ***    1.0    1.0    1.0   16.6   16.6   87.5   16.7   14.5   15.2  830.90    1640     2150
2014-08-17 20:20:00    461622000  ***  ***    0.5    0.5    0.5   16.5   16.5   89.9   16.7   14.9   15.4  831.30    1637     2144
2014-08-17 20:40:00    461623200  ***  ***    0.0    0.0    0.0   16.5   16.5   90.5   16.8   15.0   15.5  831.60    1633     2141
2014-08-17 21:00:00    461624400  ***  ***    0.0    0.0    0.0   16.4   16.4   91.5   16.7   15.0   15.5  832.10    1629     2131
2014-08-17 21:20:00    461625600  ***  ***    0.0    0.0    0.0   16.4   16.4   89.3   16.6   14.6   15.2  832.40    1626     2126
2014-08-17 21:40:00    461626800  ***  ***    0.0    0.0    0.0   16.2   16.2   90.0   16.5   14.6   15.1  832.40    1625     2118
2014-08-17 22:00:00    461628000  ***  ***    0.0    0.0    0.0   16.1   16.1   91.2   16.4   14.6   15.1  832.90    1620     2107
2014-08-17 22:20:00    461629200  ***  ***    1.2    1.2    1.2   16.1   16.1   92.1   16.5   14.8   15.2  832.80    1622     2109
2014-08-17 22:40:00    461630400  ***  ***    0.0    0.0    0.0   17.0   17.0   80.1   16.8   13.5   14.7  832.70    1622     2135
2014-08-17 23:00:00    461631600  ***  ***    0.0    0.0    0.0   16.1   16.1   87.0   16.2   14.0   14.7  832.10    1629     2116
2014-08-17 23:20:00    461632800  ***  ***    0.0    0.0    0.0   16.0   16.0   87.5   16.1   13.9   14.6  832.00    1630     2113
2014-08-17 23:40:00    461634000  ***  ***    0.0    0.0    0.0   16.0   16.0   87.5   16.1   13.9   14.6  832.00    1630     2111
2014-08-18 00:00:00    461635200  ***  ***    0.0    0.0    0.0   15.8   15.8   89.2   16.0   14.1   14.7  831.50    1635     2114
2014-08-18 00:20:00    461636400  ***  ***    0.0    0.0    0.0   15.6   15.6   89.5   15.8   13.9   14.5  831.40    1635     2106
2014-08-18 00:40:00    461637600  ***  ***    0.0    0.0    0.0   15.4   15.4   90.5   15.7   13.8   14.4  831.40    1635     2096
2014-08-18 01:00:00    461638800  ***  ***    0.0    0.0    0.0   15.0   15.0   91.4   15.3   13.6   14.1  831.20    1638     2088
2014-08-18 01:20:00    461640000  ***  ***    0.0    0.0    0.0   14.5   14.5   91.8   14.8   13.2   13.7  831.20    1637     2067
2014-08-18 01:40:00    461641200  ***  ***    0.0    0.0    0.0   14.2   14.2   92.6   14.5   13.0   13.4  831.20    1637     2054
2014-08-18 02:00:00    461642400  ***  ***    0.0    0.0    0.0   14.3   14.3   91.9   14.6   13.0   13.4  831.00    1640     2062
2014-08-18 02:20:00    461643600  ***  ***    0.0    0.0    0.0   14.0   14.0   91.5   14.3   12.7   13.1  831.10    1638     2050
2014-08-18 02:40:00    461644800  ***  ***    0.0    0.0    0.0   14.0   14.0   90.9   14.3   12.5   13.0  831.20    1638     2045
2014-08-18 03:00:00    461646000  ***  ***    0.0    0.0    0.0   13.9   13.9   90.3   14.2   12.4   12.9  831.20    1638     2043
2014-08-18 03:20:00    461647200  ***  ***    0.6    0.6    0.6   13.8   13.8   89.7   14.0   12.2   12.8  831.00    1638     2041
2014-08-18 03:40:00    461648400  ***  ***    0.6    0.6    0.6   13.8   13.8   89.6   14.0   12.1   12.7  831.20    1638     2038
2014-08-18 04:00:00    461649600  ***  ***    0.7    0.7    0.7   13.9   13.9   88.6   14.1   12.1   12.7  831.10    1638     2043
2014-08-18 04:20:00    461650800  ***  ***    0.8    0.8    0.8   13.9   13.9   88.6   14.1   12.1   12.7  830.80    1642     2047
2014-08-18 04:40:00    461652000  ***  ***    0.0    0.0    0.0   14.0   14.0   88.5   14.2   12.1   12.8  830.60    1642     2051
2014-08-18 05:00:00    461653200  ***  ***    0.0    0.0    0.0   13.9   13.9   89.8   14.1   12.2   12.8  830.80    1642     2046
2014-08-18 05:20:00    461654400  ***  ***    0.0    0.0    0.0   13.6   13.6   90.8   13.8   12.1   12.6  830.90    1640     2035
2014-08-18 05:40:00    461655600  ***  ***    0.0    0.0    0.0   13.6   13.6   91.2   13.8   12.2   12.7  831.10    1638     2033
2014-08-18 06:00:00    461656800  ***  ***    0.6    0.6    0.6   13.8   13.8   89.3   14.0   12.0   12.6  831.10    1638     2037
2014-08-18 06:20:00    461658000  ***  ***    0.0    0.0    0.0   14.0   14.0   89.1   14.2   12.2   12.8  831.20    1637     2043
2014-08-18 06:40:00    461659200  ***  ***    0.0    0.0    0.0   14.5   14.5   87.8   14.6   12.5   13.2  831.10    1638     2067
2014-08-18 07:00:00    461660400  ***  ***    0.0    0.0    0.0   15.4   15.4   85.6   15.4   13.0   13.8  831.00    1640     2100
2014-08-18 07:20:00    461661600  ***  ***    0.0    0.0    0.0   16.5   16.5   84.0   16.5   13.8   14.7  831.00    1640     2141
2014-08-18 07:40:00    461662800  ***  ***    0.0    0.0    0.0   18.5   18.5   75.8   18.1   14.1   15.6  831.30    1637     2207
2014-08-18 08:00:00    461664000  ***  ***    0.0    0.0    0.0   20.3   20.3   63.6   20.0   13.2   15.6  831.20    1638     2266
2014-08-18 08:20:00    461665200  ***  ***    0.0    0.0    0.0   20.8   20.8   66.5   20.8   14.3   16.4  831.40    1635     2283
2014-08-18 08:40:00    461666400  ***  ***    0.0    0.0    0.0   21.0   21.0   65.4   21.0   14.3   16.4  831.40    1635     2292
2014-08-18 09:00:00    461667600  ***  ***    0.0    0.0    0.0   21.5   21.5   65.3   21.7   14.8   16.9  831.50    1635     2310
2014-08-18 09:20:00    461668800  ***  ***    0.0    0.0    0.0   22.5   22.5   62.3   22.6   14.9   17.2  831.30    1635     2344
2014-08-18 09:40:00    461670000  ***  ***    0.0    0.0    0.0   23.0   23.0   63.1   23.2   15.6   17.8  831.70    1633     2362
2014-08-18 10:00:00    461671200  ***  ***    0.9    0.9    0.9   21.6   21.6   65.4   21.8   14.8   16.9  831.70    1632     2309
2014-08-18 10:20:00    461672400  ***  ***    0.0    0.0    0.0   23.5   23.5   63.9   23.7   16.3   18.4  831.50    1633     2384
2014-08-18 10:40:00    461673600  ***  ***    0.0    0.0    0.0   24.5   24.5   60.1   24.5   16.2   18.6  831.20    1637     2418
2014-08-18 11:00:00    461674800  ***  ***    0.0    0.0    0.0   25.6   25.6   53.8   25.5   15.5   18.5  831.40    1635     2451
2014-08-18 11:20:00    461676000  ***  ***    0.0    0.0    0.0   22.9   22.9   59.3   22.8   14.5   17.1  831.00    1638     2359
2014-08-18 11:40:00    461677200  ***  ***    0.0    0.0    0.0   22.1   22.1   71.8   22.5   16.8   18.4  830.90    1640     2346
2014-08-18 12:00:00    461678400  ***  ***    0.4    0.4    0.4   22.2   22.2   74.5   22.7   17.5   18.9  830.80    1642     2356
2014-08-18 12:20:00    461679600  ***  ***    0.0    0.0    0.0   22.8   22.8   67.7   23.1   16.5   18.4  830.70    1642     2371
2014-08-18 12:40:00    461680800  ***  ***    0.0    0.0    0.0   22.0   22.0   69.0   22.4   16.1   17.9  830.70    1642     2343
2014-08-18 13:00:00    461682000  ***  ***    0.6    0.6    0.6   20.4   20.4   88.2   21.0   18.4   19.0  830.80    1642     2299
2014-08-18 13:20:00    461683200  ***  ***    0.6    0.6    0.6   17.3   17.3   91.7   17.6   16.0   16.4  830.70    1642     2183
2014-08-18 13:40:00    461684400  ***  ***    0.0    0.0    0.0   18.8   18.8   90.2   19.2   17.2   17.7  830.00    1649     2248
2014-08-18 14:00:00    461685600  ***  ***    0.0    0.0    0.0   19.1   19.1   89.2   19.5   17.3   17.8  830.10    1647     2258
2014-08-18 14:20:00    461686800  ***  ***    1.0    1.0    1.0   20.8   20.8   78.2   21.2   16.9   18.1  829.70    1651     2317
2014-08-18 14:40:00    461688000  ***  ***    0.0    0.0    0.0   20.3   20.3   79.2   20.6   16.6   17.7  829.70    1651     2298
2014-08-18 15:00:00    461689200  ***  ***    0.0    0.0    0.0   20.4   20.4   77.5   20.6   16.4   17.6  829.50    1654     2305
2014-08-18 15:20:00    461690400  ***  ***    0.0    0.0    0.0   20.1   20.1   74.6   20.1   15.4   16.9  829.00    1659     2295
2014-08-18 15:40:00    461691600  ***  ***    0.0    0.0    0.0   20.8   20.8   71.8   20.9   15.5   17.1  828.70    1662     2323
2014-08-18 16:00:00    461692800  ***  ***    0.0    0.0    0.0   25.1   25.1   57.9   25.0   16.2   18.8  828.60    1663     2470
2014-08-18 16:20:00    461694000  ***  ***    0.0    0.0    0.0   23.8   23.8   64.4   24.0   16.7   18.8  828.60    1662     2430
2014-08-18 16:40:00    461695200  ***  ***    0.0    0.0    0.0   22.2   22.2   75.9   22.8   17.8   19.1  828.50    1664     2386
2014-08-18 17:00:00    461696400  ***  ***    0.0    0.0    0.0   23.8   23.8   68.5   24.2   17.7   19.5  828.60    1663     2435
2014-08-18 17:20:00    461697600  ***  ***    1.0    1.0    1.0   25.0   25.0   51.8   24.6   14.4   17.7  828.20    1666     2464
2014-08-18 17:40:00    461698800  ***  ***    0.0    0.0    0.0   24.3   24.3   65.2   24.5   17.4   19.4  828.30    1665     2454
2014-08-18 18:00:00    461700000  ***  ***    0.8    0.8    0.8   22.9   22.9   64.9   23.1   15.9   18.0  828.60    1662     2394
2014-08-18 18:20:00    461701200  ***  ***    0.0    0.0    0.0   22.3   22.3   65.1   22.5   15.4   17.5  828.40    1665     2376
2014-08-18 18:40:00    461702400  ***  ***    0.0    0.0    0.0   21.5   21.5   66.4   21.8   15.0   17.1  829.20    1657     2339
2014-08-18 19:00:00    461703600  ***  ***    0.7    0.7    0.7   22.0   22.0   60.1   22.0   13.9   16.5  829.40    1655     2349
2014-08-18 19:20:00    461704800  ***  ***    0.0    0.0    0.0   21.4   21.4   65.5   21.5   14.6   16.8  829.90    1650     2323
2014-08-18 19:40:00    461706000  ***  ***    0.0    0.0    0.0   21.1   21.1   66.6   21.2   14.7   16.7  830.00    1649     2314
2014-08-18 20:00:00    461707200  ***  ***    0.7    0.7    0.7   20.4   20.4   69.7   20.4   14.7   16.5  830.20    1647     2289
2014-08-18 20:20:00    461708400  ***  ***    0.0    0.0    0.0   19.3   19.3   76.9   19.2   15.1   16.4  830.20    1646     2251
2014-08-18 20:40:00    461709600  ***  ***    0.0    0.0    0.0   19.3   19.3   79.2   19.3   15.6   16.8  830.70    1642     2246
2014-08-18 21:00:00    461710800  ***  ***    0.0    0.0    0.0   19.3   19.3   75.9   19.2   14.9   16.3  830.90    1640     2243
2014-08-18 21:20:00    461712000  ***  ***    0.0    0.0    0.0   18.6   18.6   83.0   18.6   15.7   16.6  830.90    1640     2223
2014-08-18 21:40:00    461713200  ***  ***    0.0    0.0    0.0   18.1   18.1   84.1   18.1   15.3   16.2  831.20    1637     2199
2014-08-18 22:00:00    461714400  ***  ***    0.5    0.5    0.5   17.6   17.6   85.3   17.6   15.1   15.9  831.10    1638     2184
2014-08-18 22:20:00    461715600  ***  ***    0.0    0.0    0.0   17.2   17.2   86.6   17.3   14.9   15.6  831.10    1638     2169
2014-08-18 22:40:00    461716800  ***  ***    0.0    0.0    0.0   17.1   17.1   87.4   17.2   14.9   15.6  831.30    1637     2162
2014-08-18 23:00:00    461718000  ***  ***    0.0    0.0    0.0   16.9   16.9   88.6   17.1   15.0   15.7  830.90    1640     2164
2014-08-18 23:20:00    461719200  ***  ***    0.0    0.0    0.0   17.2   17.2   87.0   17.3   15.0   15.7  830.70    1642     2175
2014-08-18 23:40:00    461720400  ***  ***    0.0    0.0    0.0   17.1   17.1   87.3   17.2   15.0   15.7  830.80    1642     2171
2014-08-19 00:00:00    461721600  ***  ***    0.0    0.0    0.0   17.1   17.1   88.5   17.3   15.2   15.8  830.60    1643     2174
2014-08-19 00:20:00    461722800  ***  ***    0.0    0.0    0.0   16.7   16.7   90.4   17.0   15.2   15.7  830.50    1643     2161
2014-08-19 00:40:00    461724000  ***  ***    0.0    0.0    0.0   17.0   17.0   90.0   17.3   15.3   15.8  830.40    1645     2172
2014-08-19 01:00:00    461725200  ***  ***    0.0    0.0    0.0   17.2   17.2   89.8   17.4   15.5   16.0  830.20    1646     2181
2014-08-19 01:20:00    461726400  ***  ***    0.0    0.0    0.0   17.4   17.4   88.9   17.6   15.5   16.1  830.20    1646     2188
2014-08-19 01:40:00    461727600  ***  ***    0.0    0.0    0.0   17.5   17.5   88.8   17.7   15.6   16.2  830.10    1648     2194
2014-08-19 02:00:00    461728800  ***  ***    0.0    0.0    0.0   17.5   17.5   89.1   17.7   15.7   16.3  830.30    1646     2194
2014-08-19 02:20:00    461730000  ***  ***    0.0    0.0    0.0   17.6   17.6   86.6   17.7   15.4   16.1  830.30    1646     2196
2014-08-19 02:40:00    461731200  ***  ***    0.0    0.0    0.0   17.2   17.2   89.4   17.4   15.4   16.0  830.10    1648     2184
2014-08-19 03:00:00    461732400  ***  ***    0.0    0.0    0.0   17.2   17.2   90.6   17.5   15.6   16.1  830.00    1648     2185
2014-08-19 03:20:00    461733600  ***  ***    0.0    0.0    0.0   17.1   17.1   91.0   17.4   15.6   16.1  830.00    1648     2183
2014-08-19 03:40:00    461734800  ***  ***    0.0    0.0    0.0   16.8   16.8   92.5   17.2   15.6   16.0  829.90    1650     2173
2014-08-19 04:00:00    461736000  ***  ***    0.0    0.0    0.0   16.9   16.9   92.7   17.3   15.7   16.1  829.80    1651     2179
2014-08-19 04:20:00    461737200  ***  ***    0.0    0.0    0.0   17.0   17.0   92.3   17.4   15.8   16.2  829.70    1651     2183
2014-08-19 04:40:00    461738400  ***  ***    0.0    0.0    0.0   17.0   17.0   92.2   17.4   15.8   16.2  829.60    1652     2185
2014-08-19 05:00:00    461739600  ***  ***    0.0    0.0    0.0   17.1   17.1   92.2   17.5   15.8   16.2  829.70    1651     2185
2014-08-19 05:20:00    461740800  ***  ***    0.0    0.0    0.0   17.0   17.0   92.5   17.4   15.8   16.2  829.70    1651     2184
2014-08-19 05:40:00    461742000  ***  ***    0.0    0.0    0.0   16.9   16.9   92.7   17.3   15.7   16.1  829.60    1653     2180
2014-08-19 06:00:00    461743200  ***  ***    0.0    0.0    0.0   16.6   16.6   93.2   17.0   15.5   15.8  829.70    1651     2166
2014-08-19 06:20:00    461744400  ***  ***    0.0    0.0    0.0   16.7   16.7   93.1   17.1   15.6   15.9  829.90    1650     2172
2014-08-19 06:40:00    461745600  ***  ***    0.0    0.0    0.0   17.0   17.0   93.4   17.4   16.0   16.3  830.00    1648     2181
2014-08-19 07:00:00    461746800  ***  ***    0.0    0.0    0.0   18.0   18.0   90.6   18.3   16.4   16.9  830.10    1648     2216
2014-08-19 07:20:00    461748000  ***  ***    0.0    0.0    0.0   18.8   18.8   84.9   19.0   16.2   17.0  830.10    1648     2244
2014-08-19 07:40:00    461749200  ***  ***    0.0    0.0    0.0   19.6   19.6   80.8   19.8   16.2   17.2  830.10    1648     2268
2014-08-19 08:00:00    461750400  ***  ***    0.0    0.0    0.0   20.2   20.2   76.5   20.3   16.0   17.3  830.10    1647     2289
2014-08-19 08:20:00    461751600  ***  ***    0.4    0.4    0.4   19.7   19.7   76.2   19.7   15.4   16.8  830.10    1647     2268
2014-08-19 08:40:00    461752800  ***  ***    0.0    0.0    0.0   20.4   20.4   74.8   20.5   15.8   17.2  830.30    1646     2293
2014-08-19 09:00:00    461754000  ***  ***    0.4    0.4    0.4   19.8   19.8   72.9   19.7   14.8   16.4  830.50    1643     2264
2014-08-19 09:20:00    461755200  ***  ***    0.7    0.7    0.7   20.1   20.1   75.2   20.2   15.5   16.9  830.60    1643     2275
2014-08-19 09:40:00    461756400  ***  ***    0.0    0.0    0.0   21.2   21.2   68.9   21.3   15.3   17.1  830.50    1644     2315
2014-08-19 10:00:00    461757600  ***  ***    0.0    0.0    0.0   21.0   21.0   72.0   21.3   15.8   17.4  830.40    1645     2312
2014-08-19 10:20:00    461758800  ***  ***    0.0    0.0    0.0   22.7   22.7   65.8   22.9   16.0   18.0  830.10    1648     2373
2014-08-19 10:40:00    461760000  ***  ***    0.0    0.0    0.0   21.5   21.5   69.6   21.9   15.7   17.5  830.10    1647     2329
2014-08-19 11:00:00    461761200  ***  ***    0.0    0.0    0.0   22.7   22.7   62.3   22.8   15.1   17.5  830.10    1648     2366
2014-08-19 11:20:00    461762400  ***  ***    0.0    0.0    0.0   21.7   21.7   70.9   22.1   16.2   17.8  830.00    1648     2339
2014-08-19 11:40:00    461763600  ***  ***    0.8    0.8    0.8   16.6   16.6   88.9   16.8   14.8   15.4  830.40    1645     2158
2014-08-19 12:00:00    461764800  ***  ***    1.1    1.1    1.1   15.4   15.4   94.3   15.9   14.5   14.8  830.80    1642     2108
2014-08-19 12:20:00    461766000  ***  ***    0.0    0.0    0.0   16.1   16.1   93.4   16.5   15.0   15.4  830.70    1642     2137
2014-08-19 12:40:00    461767200  ***  ***    0.0    0.0    0.0   15.9   15.9   93.8   16.4   14.9   15.2  830.70    1642     2131
2014-08-19 13:00:00    461768400  ***  ***    0.0    0.0    0.0   16.0   16.0   95.4   16.5   15.2   15.5  830.70    1642     2132
2014-08-19 13:20:00    461769600  ***  ***    0.0    0.0    0.0   16.4   16.4   95.3   16.9   15.6   15.8  830.40    1644     2152
2014-08-19 13:40:00    461770800  ***  ***    0.0    0.0    0.0   16.7   16.7   94.7   17.2   15.8   16.1  830.30    1645     2166
2014-08-19 14:00:00    461772000  ***  ***    0.0    0.0    0.0   17.0   17.0   95.3   17.5   16.3   16.5  830.20    1646     2179
2014-08-19 14:20:00    461773200  ***  ***    0.0    0.0    0.0   17.4   17.4   95.1   17.9   16.6   16.8  829.90    1650     2201
2014-08-19 14:40:00    461774400  ***  ***    0.0    0.0    0.0   17.9   17.9   89.7   18.1   16.2   16.7  829.70    1651     2217
2014-08-19 15:00:00    461775600  ***  ***    0.0    0.0    0.0   17.9   17.9   89.9   18.1   16.2   16.7  829.50    1654     2219
2014-08-19 15:20:00    461776800  ***  ***    0.0    0.0    0.0   18.0   18.0   92.1   18.4   16.7   17.1  829.10    1657     2228
2014-08-19 15:40:00    461778000  ***  ***    0.0    0.0    0.0   19.8   19.8   86.8   20.3   17.5   18.2  828.70    1662     2299
2014-08-19 16:00:00    461779200  ***  ***    0.0    0.0    0.0   20.1   20.1   79.9   20.4   16.6   17.7  828.60    1663     2307
2014-08-19 16:20:00    461780400  ***  ***    0.0    0.0    0.0   18.7   18.7   83.5   18.8   15.8   16.7  828.90    1660     2249
2014-08-19 16:40:00    461781600  ***  ***    0.0    0.0    0.0   18.5   18.5   90.3   18.9   16.9   17.4  829.00    1659     2249
2014-08-19 17:00:00    461782800  ***  ***    0.0    0.0    0.0   17.3   17.3   87.9   17.4   15.3   15.9  829.10    1657     2198
2014-08-19 17:20:00    461784000  ***  ***    0.0    0.0    0.0   17.0   17.0   90.1   17.3   15.4   15.9  829.00    1658     2189
2014-08-19 17:40:00    461785200  ***  ***    0.0    0.0    0.0   16.7   16.7   91.2   17.0   15.3   15.7  828.80    1660     2180
2014-08-19 18:00:00    461786400  ***  ***    0.0    0.0    0.0   16.3   16.3   93.1   16.7   15.2   15.6  828.80    1660     2167
2014-08-19 18:20:00    461787600  ***  ***    0.0    0.0    0.0   16.4   16.4   93.3   16.8   15.3   15.7  828.70    1662     2171
2014-08-19 18:40:00    461788800  ***  ***    0.0    0.0    0.0   16.3   16.3   93.4   16.7   15.2   15.6  828.70    1662     2167
2014-08-19 19:00:00    461790000  ***  ***    0.0    0.0    0.0   15.8   15.8   93.4   16.2   14.8   15.1  829.00    1658     2146
2014-08-19 19:20:00    461791200  ***  ***    0.0    0.0    0.0   15.7   15.7   93.6   16.1   14.6   15.0  829.20    1656     2137
2014-08-19 19:40:00    461792400  ***  ***    0.0    0.0    0.0   15.6   15.6   94.3   16.1   14.7   15.0  829.40    1655     2135
2014-08-19 20:00:00    461793600  ***  ***    0.0    0.0    0.0   15.3   15.3   94.7   15.8   14.5   14.8  829.60    1652     2120
2014-08-19 20:20:00    461794800  ***  ***    0.0    0.0    0.0   15.2   15.2   94.9   15.6   14.4   14.7  829.70    1651     2116
2014-08-19 20:40:00    461796000  ***  ***    0.0    0.0    0.0   15.0   15.0   95.2   15.4   14.3   14.5  830.10    1648     2104
2014-08-19 21:00:00    461797200  ***  ***    0.0    0.0    0.0   14.9   14.9   95.2   15.3   14.2   14.4  830.20    1646     2097
2014-08-19 21:20:00    461798400  ***  ***    0.0    0.0    0.0   14.9   14.9   95.4   15.3   14.2   14.4  830.20    1646     2096
2014-08-19 21:40:00    461799600  ***  ***    0.0    0.0    0.0   14.7   14.7   95.7   15.2   14.0   14.2  830.20    1647     2091
2014-08-19 22:00:00    461800800  ***  ***    0.0    0.0    0.0   14.9   14.9   95.9   15.4   14.3   14.5  830.10    1647     2098
2014-08-19 22:20:00    461802000  ***  ***    0.0    0.0    0.0   14.9   14.9   95.9   15.4   14.3   14.5  830.20    1647     2099
2014-08-19 22:40:00    461803200  ***  ***    0.0    0.0    0.0   15.0   15.0   95.5   15.4   14.3   14.5  830.00    1649     2104
2014-08-19 23:00:00    461804400  ***  ***    0.0    0.0    0.0   15.0   15.0   95.9   15.5   14.4   14.6  830.00    1649     2106
2014-08-19 23:20:00    461805600  ***  ***    0.0    0.0    0.0   15.1   15.1   95.6   15.5   14.4   14.6  829.90    1650     2108
2014-08-19 23:40:00    461806800  ***  ***    0.0    0.0    0.0   14.9   14.9   95.9   15.4   14.2   14.4  829.70    1651     2102
2014-08-20 00:00:00    461808000  ***  ***    0.0    0.0    0.0   14.8   14.8   95.6   15.2   14.1   14.3  829.70    1651     2101
2014-08-20 00:20:00    461809200  ***  ***    0.0    0.0    0.0   14.3   14.3   96.2   14.8   13.8   14.0  829.70    1651     2081
2014-08-20 00:40:00    461810400  ***  ***    0.0    0.0    0.0   14.3   14.3   96.2   14.8   13.7   13.9  829.90    1650     2079
2014-08-20 01:00:00    461811600  ***  ***    0.0    0.0    0.0   14.5   14.5   95.9   15.0   13.8   14.0  830.00    1649     2084
2014-08-20 01:20:00    461812800  ***  ***    0.0    0.0    0.0   14.6   14.6   96.4   15.1   14.1   14.3  829.90    1650     2091
2014-08-20 01:40:00    461814000  ***  ***    0.0    0.0    0.0   15.0   15.0   95.6   15.4   14.3   14.5  830.10    1648     2102
2014-08-20 02:00:00    461815200  ***  ***    0.0    0.0    0.0   15.1   15.1   96.1   15.6   14.4   14.6  829.80    1651     2110
2014-08-20 02:20:00    461816400  ***  ***    0.0    0.0    0.0   15.3   15.3   95.4   15.8   14.6   14.8  829.90    1650     2118
2014-08-20 02:40:00    461817600  ***  ***    0.0    0.0    0.0   15.4   15.4   95.3   15.9   14.6   14.9  829.90    1649     2119
2014-08-20 03:00:00    461818800  ***  ***    0.0    0.0    0.0   15.4   15.4   95.5   15.9   14.7   14.9  830.00    1648     2119
2014-08-20 03:20:00    461820000  ***  ***    0.0    0.0    0.0   15.4   15.4   95.4   15.9   14.7   14.9  830.10    1648     2119
2014-08-20 03:40:00    461821200  ***  ***    0.0    0.0    0.0   15.2   15.2   95.3   15.6   14.5   14.7  830.00    1649     2113
2014-08-20 04:00:00    461822400  ***  ***    0.0    0.0    0.0   15.3   15.3   95.6   15.8   14.6   14.8  830.10    1648     2114
2014-08-20 04:20:00    461823600  ***  ***    0.0    0.0    0.0   15.1   15.1   95.9   15.6   14.4   14.6  830.10    1647     2105
2014-08-20 04:40:00    461824800  ***  ***    0.0    0.0    0.0   14.7   14.7   95.5   15.1   14.0   14.2  830.10    1648     2092
2014-08-20 05:00:00    461826000  ***  ***    0.0    0.0    0.0   14.8   14.8   95.9   15.3   14.1   14.3  830.20    1646     2092
2014-08-20 05:20:00    461827200  ***  ***    0.0    0.0    0.0   15.1   15.1   96.1   15.6   14.5   14.7  830.30    1646     2105
2014-08-20 05:40:00    461828400  ***  ***    0.0    0.0    0.0   14.8   14.8   96.2   15.3   14.2   14.4  830.20    1646     2092
2014-08-20 06:00:00    461829600  ***  ***    0.0    0.0    0.0   14.3   14.3   96.3   14.8   13.8   14.0  830.60    1642     2070
2014-08-20 06:20:00    461830800  ***  ***    0.0    0.0    0.0   14.4   14.4   96.0   14.9   13.8   14.0  830.50    1644     2074
2014-08-20 06:40:00    461832000  ***  ***    0.0    0.0    0.0   14.5   14.5   96.3   15.0   13.9   14.1  830.70    1642     2075
2014-08-20 07:00:00    461833200  ***  ***    0.0    0.0    0.0   14.7   14.7   96.8   15.2   14.2   14.4  830.90    1640     2083
2014-08-20 07:20:00    461834400  ***  ***    0.0    0.0    0.0   15.3   15.3   96.7   15.8   14.7   14.9  830.90    1640     2105
2014-08-20 07:40:00    461835600  ***  ***    0.0    0.0    0.0   16.6   16.6   95.4   17.1   15.9   16.1  831.10    1638     2153
2014-08-20 08:00:00    461836800  ***  ***    0.0    0.0    0.0   18.1   18.1   82.8   18.1   15.1   16.1  831.00    1640     2203
2014-08-20 08:20:00    461838000  ***  ***    0.0    0.0    0.0   18.4   18.4   82.4   18.3   15.3   16.3  831.10    1638     2211
2014-08-20 08:40:00    461839200  ***  ***    0.0    0.0    0.0   18.8   18.8   79.7   18.7   15.2   16.4  831.40    1635     2221
2014-08-20 09:00:00    461840400  ***  ***    0.0    0.0    0.0   19.6   19.6   78.9   19.7   15.8   17.0  831.40    1635     2251
2014-08-20 09:20:00    461841600  ***  ***    0.0    0.0    0.0   19.9   19.9   71.2   19.7   14.5   16.2  831.40    1635     2254
2014-08-20 09:40:00    461842800  ***  ***    0.0    0.0    0.0   20.4   20.4   68.4   20.3   14.4   16.3  831.50    1635     2271
2014-08-20 10:00:00    461844000  ***  ***    0.8    0.8    0.8   21.5   21.5   64.2   21.7   14.5   16.7  831.40    1635     2309
2014-08-20 10:20:00    461845200  ***  ***    0.7    0.7    0.7   22.0   22.0   63.3   22.2   14.8   17.0  831.40    1635     2328
2014-08-20 10:40:00    461846400  ***  ***    0.4    0.4    0.4   21.6   21.6   63.2   21.8   14.3   16.6  831.40    1635     2310
2014-08-20 11:00:00    461847600  ***  ***    0.9    0.9    0.9   23.1   23.1   63.4   23.3   15.8   18.1  831.40    1635     2369
2014-08-20 11:20:00    461848800  ***  ***    1.4    1.4    1.4   22.9   22.9   60.2   22.9   14.7   17.2  831.20    1637     2357
2014-08-20 11:40:00    461850000  ***  ***    0.6    0.6    0.6   25.0   25.0   54.2   24.7   15.1   18.1  831.20    1638     2429
2014-08-20 12:00:00    461851200  ***  ***    0.0    0.0    0.0   24.0   24.0   55.8   23.7   14.6   17.5  831.10    1638     2397
2014-08-20 12:20:00    461852400  ***  ***    0.0    0.0    0.0   24.5   24.5   52.4   24.0   14.1   17.4  831.10    1638     2411
2014-08-20 12:40:00    461853600  ***  ***    0.7    0.7    0.7   25.5   25.5   51.9   25.2   14.9   18.1  830.80    1642     2452
2014-08-20 13:00:00    461854800  ***  ***    0.5    0.5    0.5   25.7   25.7   46.9   25.1   13.5   17.4  830.80    1642     2452
2014-08-20 13:20:00    461856000  ***  ***    0.0    0.0    0.0   25.1   25.1   48.1   24.4   13.3   17.1  830.60    1643     2433
2014-08-20 13:40:00    461857200  ***  ***    0.0    0.0    0.0   25.8   25.8   49.2   25.4   14.4   17.9  830.20    1646     2465
2014-08-20 14:00:00    461858400  ***  ***    0.8    0.8    0.8   27.1   27.1   44.3   26.6   13.9   18.0  830.10    1648     2507
2014-08-20 14:20:00    461859600  ***  ***    0.4    0.4    0.4   25.6   25.6   45.1   24.8   12.8   17.0  829.80    1650     2454
2014-08-20 14:40:00    461860800  ***  ***    0.0    0.0    0.0   25.3   25.3   47.9   24.6   13.5   17.3  829.80    1651     2449
2014-08-20 15:00:00    461862000  ***  ***    0.4    0.4    0.4   26.6   26.6   43.0   25.9   13.0   17.4  829.70    1652     2490
2014-08-20 15:20:00    461863200  ***  ***    0.0    0.0    0.0   24.0   24.0   46.1   23.1   11.7   15.9  829.60    1653     2401
2014-08-20 15:40:00    461864400  ***  ***    0.8    0.8    0.8   22.2   22.2   59.5   22.1   13.9   16.6  829.90    1650     2346
2014-08-20 16:00:00    461865600  ***  ***    1.6    1.6    1.6   20.5   20.5   65.8   20.3   13.9   16.1  830.00    1649     2291
2014-08-20 16:20:00    461866800  ***  ***    0.9    0.9    0.9   19.4   19.4   70.7   19.0   14.0   15.8  830.20    1646     2249
2014-08-20 16:40:00    461868000  ***  ***    0.0    0.0    0.0   21.8   21.8   62.4   21.9   14.3   16.7  829.80    1651     2337
2014-08-20 17:00:00    461869200  ***  ***    0.3    0.3    0.3   21.1   21.1   59.7   20.9   12.9   15.7  829.40    1655     2312
2014-08-20 17:20:00    461870400  ***  ***    0.0    0.0    0.0   20.8   20.8   60.2   20.6   12.8   15.5  829.30    1655     2303
2014-08-20 17:40:00    461871600  ***  ***    0.0    0.0    0.0   21.1   21.1   57.3   20.8   12.4   15.3  829.30    1655     2310
2014-08-20 18:00:00    461872800  ***  ***    0.0    0.0    0.0   21.3   21.3   58.7   21.2   12.9   15.7  829.40    1654     2319
2014-08-20 18:20:00    461874000  ***  ***    0.0    0.0    0.0   21.0   21.0   60.6   20.8   13.1   15.7  829.50    1654     2310
2014-08-20 18:40:00    461875200  ***  ***    0.0    0.0    0.0   19.3   19.3   72.4   19.0   14.3   15.9  829.30    1656     2260
2014-08-20 19:00:00    461876400  ***  ***    0.0    0.0    0.0   18.1   18.1   71.3   17.5   12.8   14.6  829.30    1656     2211
2014-08-20 19:20:00    461877600  ***  ***    0.0    0.0    0.0   16.8   16.8   77.8   16.5   12.9   14.2  829.70    1652     2163
2014-08-20 19:40:00    461878800  ***  ***    0.0    0.0    0.0   16.6   16.6   76.7   16.2   12.5   13.9  830.10    1648     2149
2014-08-20 20:00:00    461880000  ***  ***    0.0    0.0    0.0   16.1   16.1   78.2   15.8   12.3   13.6  830.50    1644     2127
2014-08-20 20:20:00    461881200  ***  ***    0.0    0.0    0.0   15.5   15.5   82.0   15.4   12.5   13.5  830.80    1642     2104
2014-08-20 20:40:00    461882400  ***  ***    0.5    0.5    0.5   15.6   15.6   78.0   15.3   11.8   13.1  830.90    1640     2101
2014-08-20 21:00:00    461883600  ***  ***    0.0    0.0    0.0   15.3   15.3   77.9   15.0   11.4   12.8  831.10    1638     2087
2014-08-20 21:20:00    461884800  ***  ***    0.0    0.0    0.0   14.4   14.4   82.6   14.4   11.5   12.6  831.40    1635     2054
2014-08-20 21:40:00    461886000  ***  ***    0.0    0.0    0.0   14.4   14.4   82.8   14.4   11.5   12.6  831.40    1635     2054
2014-08-20 22:00:00    461887200  ***  ***    0.7    0.7    0.7   14.6   14.6   81.1   14.5   11.4   12.6  831.30    1637     2062
2014-08-20 22:20:00    461888400  ***  ***    0.0    0.0    0.0   14.5   14.5   80.7   14.4   11.3   12.5  831.30    1637     2058
2014-08-20 22:40:00    461889600  ***  ***    0.5    0.5    0.5   14.5   14.5   81.0   14.4   11.3   12.5  831.30    1637     2059
2014-08-20 23:00:00    461890800  ***  ***    0.7    0.7    0.7   14.5   14.5   81.7   14.4   11.4   12.5  831.30    1637     2059
2014-08-20 23:20:00    461892000  ***  ***    0.0    0.0    0.0   14.3   14.3   81.7   14.2   11.2   12.3  831.20    1638     2051
2014-08-20 23:40:00    461893200  ***  ***    0.0    0.0    0.0   13.9   13.9   83.6   13.9   11.2   12.2  831.40    1635     2036
2014-08-21 00:00:00    461894400  ***  ***    0.0    0.0    0.0   14.3   14.3   82.3   14.2   11.3   12.4  831.30    1637     2050
2014-08-21 00:20:00    461895600  ***  ***    0.0    0.0    0.0   13.9   13.9   85.2   13.9   11.5   12.4  831.30    1635     2038
2014-08-21 00:40:00    461896800  ***  ***    0.8    0.8    0.8   14.4   14.4   81.6   14.3   11.3   12.4  831.20    1637     2056
2014-08-21 01:00:00    461898000  ***  ***    0.0    0.0    0.0   14.3   14.3   81.7   14.2   11.2   12.3  831.20    1638     2053
2014-08-21 01:20:00    461899200  ***  ***    0.0    0.0    0.0   14.2   14.2   86.0   14.2   11.9   12.7  830.90    1640     2052
2014-08-21 01:40:00    461900400  ***  ***    0.6    0.6    0.6   14.2   14.2   83.3   14.2   11.4   12.4  830.70    1642     2052
2014-08-21 02:00:00    461901600  ***  ***    0.0    0.0    0.0   14.0   14.0   83.7   14.0   11.3   12.3  831.00    1640     2046
2014-08-21 02:20:00    461902800  ***  ***    0.8    0.8    0.8   14.6   14.6   81.2   14.5   11.4   12.6  830.80    1640     2067
2014-08-21 02:40:00    461904000  ***  ***    0.0    0.0    0.0   14.3   14.3   83.3   14.3   11.6   12.6  830.50    1644     2063
2014-08-21 03:00:00    461905200  ***  ***    0.0    0.0    0.0   13.8   13.8   85.8   13.8   11.5   12.4  830.80    1642     2042
2014-08-21 03:20:00    461906400  ***  ***    0.0    0.0    0.0   13.5   13.5   87.4   13.6   11.4   12.2  830.70    1642     2029
2014-08-21 03:40:00    461907600  ***  ***    0.0    0.0    0.0   13.3   13.3   89.1   13.5   11.5   12.2  831.10    1638     2020
2014-08-21 04:00:00    461908800  ***  ***    0.0    0.0    0.0   13.5   13.5   89.2   13.7   11.7   12.4  830.80    1642     2031
2014-08-21 04:20:00    461910000  ***  ***    0.0    0.0    0.0   13.6   13.6   89.1   13.8   11.8   12.4  830.90    1640     2034
2014-08-21 04:40:00    461911200  ***  ***    0.0    0.0    0.0   13.7   13.7   87.9   13.8   11.7   12.5  830.90    1640     2035
2014-08-21 05:00:00    461912400  ***  ***    0.0    0.0    0.0   13.4   13.4   89.6   13.6   11.7   12.4  831.00    1638     2024
2014-08-21 05:20:00    461913600  ***  ***    0.0    0.0    0.0   13.6   13.6   87.9   13.7   11.7   12.4  830.90    1640     2033
2014-08-21 05:40:00    461914800  ***  ***    0.0    0.0    0.0   13.3   13.3   88.8   13.5   11.5   12.2  831.10    1638     2020
2014-08-21 06:00:00    461916000  ***  ***    0.0    0.0    0.0   13.3   13.3   88.7   13.5   11.4   12.1  831.10    1638     2019
2014-08-21 06:20:00    461917200  ***  ***    0.6    0.6    0.6   13.6   13.6   86.6   13.7   11.4   12.2  831.30    1637     2026
2014-08-21 06:40:00    461918400  ***  ***    0.0    0.0    0.0   13.8   13.8   87.1   13.9   11.7   12.5  831.50    1633     2033
2014-08-21 07:00:00    461919600  ***  ***    0.5    0.5    0.5   15.5   15.5   80.2   15.3   12.1   13.3  831.40    1635     2094
2014-08-21 07:20:00    461920800  ***  ***    0.0    0.0    0.0   16.3   16.3   80.7   16.2   13.0   14.1  831.70    1632     2122
2014-08-21 07:40:00    461922000  ***  ***    0.0    0.0    0.0   17.6   17.6   75.6   17.2   13.2   14.7  831.50    1633     2169
2014-08-21 08:00:00    461923200  ***  ***    0.4    0.4    0.4   20.0   20.0   62.3   19.5   12.6   15.1  831.50    1635     2248
2014-08-21 08:20:00    461924400  ***  ***    0.0    0.0    0.0   20.3   20.3   65.3   20.0   13.6   15.8  831.60    1633     2262
2014-08-21 08:40:00    461925600  ***  ***    0.0    0.0    0.0   21.3   21.3   57.7   21.2   12.6   15.5  831.90    1631     2288
2014-08-21 09:00:00    461926800  ***  ***    1.2    1.2    1.2   21.8   21.8   59.2   21.7   13.5   16.2  831.90    1631     2309
2014-08-21 09:20:00    461928000  ***  ***    0.6    0.6    0.6   21.8   21.8   58.8   21.7   13.4   16.2  831.70    1632     2309
2014-08-21 09:40:00    461929200  ***  ***    0.0    0.0    0.0   22.7   22.7   54.9   22.4   13.1   16.3  831.80    1632     2337
2014-08-21 10:00:00    461930400  ***  ***    0.0    0.0    0.0   23.4   23.4   52.6   23.0   13.2   16.5  831.90    1631     2362
2014-08-21 10:20:00    461931600  ***  ***    0.7    0.7    0.7   23.8   23.8   52.9   23.3   13.7   16.9  831.70    1632     2378
2014-08-21 10:40:00    461932800  ***  ***    0.8    0.8    0.8   24.0   24.0   52.3   23.5   13.7   17.0  831.70    1633     2386
2014-08-21 11:00:00    461934000  ***  ***    0.5    0.5    0.5   25.6   25.6   49.7   25.1   14.3   17.8  831.50    1635     2444
2014-08-21 11:20:00    461935200  ***  ***    0.7    0.7    0.7   26.9   26.9   48.7   26.8   15.2   18.7  831.50    1633     2488
2014-08-21 11:40:00    461936400  ***  ***    0.0    0.0    0.0   26.4   26.4   46.0   25.9   13.9   17.8  831.50    1635     2469
2014-08-21 12:00:00    461937600  ***  ***    0.0    0.0    0.0   24.9   24.9   48.9   24.2   13.5   17.2  831.20    1637     2420
2014-08-21 12:20:00    461938800  ***  ***    0.9    0.9    0.9   25.8   25.8   47.7   25.3   13.9   17.7  831.20    1638     2452
2014-08-21 12:40:00    461940000  ***  ***    0.6    0.6    0.6   26.3   26.3   44.4   25.6   13.2   17.4  831.20    1638     2463
2014-08-21 13:00:00    461941200  ***  ***    1.1    1.1    1.1   24.6   24.6   46.2   23.7   12.2   16.3  830.90    1640     2407
2014-08-21 13:20:00    461942400  ***  ***    0.5    0.5    0.5   28.3   28.3   40.9   27.7   13.7   18.3  830.90    1640     2534
2014-08-21 13:40:00    461943600  ***  ***    0.0    0.0    0.0   26.5   26.5   45.4   25.9   13.8   17.8  830.70    1642     2479
2014-08-21 14:00:00    461944800  ***  ***    0.6    0.6    0.6   27.5   27.5   40.4   26.7   12.9   17.6  830.50    1643     2509
2014-08-21 14:20:00    461946000  ***  ***    0.5    0.5    0.5   27.3   27.3   38.0   26.3   11.7   16.9  830.30    1646     2501
2014-08-21 14:40:00    461947200  ***  ***    0.4    0.4    0.4   26.2   26.2   42.1   25.3   12.4   16.9  829.80    1650     2474
2014-08-21 15:00:00    461948400  ***  ***    0.0    0.0    0.0   24.7   24.7   45.3   23.8   12.1   16.3  829.90    1649     2420
2014-08-21 15:20:00    461949600  ***  ***    0.0    0.0    0.0   24.0   24.0   52.3   23.5   13.7   17.0  829.70    1651     2409
2014-08-21 15:40:00    461950800  ***  ***    0.0    0.0    0.0   24.3   24.3   50.3   23.7   13.3   16.9  829.80    1650     2413
2014-08-21 16:00:00    461952000  ***  ***    0.0    0.0    0.0   24.6   24.6   51.6   24.0   14.0   17.3  830.00    1648     2426
2014-08-21 16:20:00    461953200  ***  ***    1.2    1.2    1.2   22.6   22.6   58.2   22.5   14.0   16.8  830.30    1645     2356
2014-08-21 16:40:00    461954400  ***  ***    0.0    0.0    0.0   21.9   21.9   58.2   21.8   13.3   16.1  830.80    1642     2323
2014-08-21 17:00:00    461955600  ***  ***    0.0    0.0    0.0   21.7   21.7   60.1   21.7   13.6   16.3  830.70    1642     2318
2014-08-21 17:20:00    461956800  ***  ***    1.1    1.1    1.1   20.6   20.6   63.9   20.4   13.5   15.8  831.00    1640     2280
2014-08-21 17:40:00    461958000  ***  ***    0.0    0.0    0.0   20.9   20.9   60.6   20.7   13.0   15.7  831.00    1640     2288
2014-08-21 18:00:00    461959200  ***  ***    0.0    0.0    0.0   21.0   21.0   64.1   21.0   13.9   16.2  830.90    1640     2295
2014-08-21 18:20:00    461960400  ***  ***    0.0    0.0    0.0   20.8   20.8   62.7   20.6   13.4   15.8  830.90    1640     2286
2014-08-21 18:40:00    461961600  ***  ***    0.0    0.0    0.0   20.0   20.0   67.9   19.7   13.9   15.9  831.10    1638     2260
2014-08-21 19:00:00    461962800  ***  ***    0.0    0.0    0.0   19.5   19.5   69.5   19.2   13.8   15.7  831.20    1637     2241
2014-08-21 19:20:00    461964000  ***  ***    0.0    0.0    0.0   18.6   18.6   73.4   18.1   13.8   15.4  831.40    1635     2209
2014-08-21 19:40:00    461965200  ***  ***    0.0    0.0    0.0   17.8   17.8   77.8   17.5   13.9   15.2  831.70    1633     2178
2014-08-21 20:00:00    461966400  ***  ***    0.0    0.0    0.0   17.1   17.1   80.9   17.0   13.8   14.9  832.10    1629     2150
2014-08-21 20:20:00    461967600  ***  ***    0.0    0.0    0.0   16.6   16.6   82.7   16.6   13.7   14.7  832.00    1629     2132
2014-08-21 20:40:00    461968800  ***  ***    0.0    0.0    0.0   16.3   16.3   84.4   16.3   13.6   14.5  832.20    1627     2117
2014-08-21 21:00:00    461970000  ***  ***    0.0    0.0    0.0   15.8   15.8   84.1   15.8   13.2   14.1  832.30    1627     2101
2014-08-21 21:20:00    461971200  ***  ***    0.0    0.0    0.0   15.8   15.8   84.1   15.8   13.1   14.0  832.50    1625     2095
2014-08-21 21:40:00    461972400  ***  ***    0.0    0.0    0.0   15.5   15.5   85.9   15.5   13.1   13.9  832.40    1626     2085
2014-08-21 22:00:00    461973600  ***  ***    0.8    0.8    0.8   15.5   15.5   86.8   15.6   13.3   14.1  832.30    1627     2088
2014-08-21 22:20:00    461974800  ***  ***    0.4    0.4    0.4   15.3   15.3   86.1   15.3   13.0   13.8  832.30    1626     2080
2014-08-21 22:40:00    461976000  ***  ***    0.0    0.0    0.0   15.1   15.1   86.3   15.2   12.8   13.6  832.50    1624     2067
2014-08-21 23:00:00    461977200  ***  ***    0.8    0.8    0.8   14.8   14.8   86.1   14.8   12.5   13.3  832.50    1625     2057
2014-08-21 23:20:00    461978400  ***  ***    0.7    0.7    0.7   14.9   14.9   83.3   14.9   12.0   13.0  832.50    1625     2058
2014-08-21 23:40:00    461979600  ***  ***    0.8    0.8    0.8   14.7   14.7   83.5   14.7   11.9   12.9  832.30    1626     2053
2014-08-22 00:00:00    461980800  ***  ***    0.0    0.0    0.0   14.8   14.8   81.2   14.7   11.6   12.8  832.20    1628     2059
2014-08-22 00:20:00    461982000  ***  ***    0.0    0.0    0.0   15.0   15.0   79.4   14.8   11.4   12.7  832.20    1627     2063
2014-08-22 00:40:00    461983200  ***  ***    0.0    0.0    0.0   14.8   14.8   82.2   14.7   11.7   12.8  832.10    1628     2058
2014-08-22 01:00:00    461984400  ***  ***    0.0    0.0    0.0   14.5   14.5   83.3   14.5   11.7   12.7  832.00    1630     2051
2014-08-22 01:20:00    461985600  ***  ***    0.6    0.6    0.6   14.8   14.8   80.0   14.6   11.4   12.6  831.80    1632     2064
2014-08-22 01:40:00    461986800  ***  ***    0.6    0.6    0.6   15.1   15.1   80.2   14.9   11.7   12.9  831.70    1632     2075
2014-08-22 02:00:00    461988000  ***  ***    0.0    0.0    0.0   14.8   14.8   80.3   14.6   11.4   12.6  831.50    1635     2065
2014-08-22 02:20:00    461989200  ***  ***    0.0    0.0    0.0   14.5   14.5   82.1   14.4   11.5   12.6  831.70    1632     2051
2014-08-22 02:40:00    461990400  ***  ***    0.0    0.0    0.0   13.9   13.9   84.5   13.9   11.3   12.3  831.80    1631     2030
2014-08-22 03:00:00    461991600  ***  ***    0.0    0.0    0.0   13.9   13.9   83.9   13.9   11.2   12.2  831.90    1630     2028
2014-08-22 03:20:00    461992800  ***  ***    0.9    0.9    0.9   13.8   13.8   82.9   13.8   11.0   12.0  831.90    1631     2026
2014-08-22 03:40:00    461994000  ***  ***    0.6    0.6    0.6   14.1   14.1   82.0   14.0   11.1   12.2  831.80    1632     2037
2014-08-22 04:00:00    461995200  ***  ***    0.0    0.0    0.0   14.1   14.1   81.6   14.0   11.0   12.1  831.70    1632     2038
2014-08-22 04:20:00    461996400  ***  ***    0.0    0.0    0.0   14.1   14.1   82.1   14.0   11.1   12.2  831.60    1633     2041
2014-08-22 04:40:00    461997600  ***  ***    0.0    0.0    0.0   15.7   15.7   68.8   15.0   10.0   12.2  831.40    1635     2092
2014-08-22 05:00:00    461998800  ***  ***    0.0    0.0    0.0   14.5   14.5   79.6   14.3   11.0   12.3  831.30    1637     2058
2014-08-22 05:20:00    462000000  ***  ***    0.0    0.0    0.0   14.3   14.3   81.6   14.2   11.2   12.3  831.60    1633     2046
2014-08-22 05:40:00    462001200  ***  ***    0.5    0.5    0.5   14.0   14.0   84.3   14.0   11.4   12.4  831.80    1631     2033
2014-08-22 06:00:00    462002400  ***  ***    0.8    0.8    0.8   14.2   14.2   79.6   14.0   10.8   12.1  831.90    1630     2039
2014-08-22 06:20:00    462003600  ***  ***    0.7    0.7    0.7   13.9   13.9   80.7   13.8   10.7   11.9  832.20    1628     2025
2014-08-22 06:40:00    462004800  ***  ***    0.5    0.5    0.5   14.1   14.1   81.4   14.0   11.0   12.1  832.20    1628     2034
2014-08-22 07:00:00    462006000  ***  ***    0.0    0.0    0.0   14.6   14.6   80.1   14.4   11.2   12.4  832.00    1629     2051
2014-08-22 07:20:00    462007200  ***  ***    0.0    0.0    0.0   16.1   16.1   75.0   15.7   11.6   13.2  832.20    1627     2102
2014-08-22 07:40:00    462008400  ***  ***    0.0    0.0    0.0   17.7   17.7   68.7   16.9   11.9   13.9  832.10    1628     2160
2014-08-22 08:00:00    462009600  ***  ***    0.0    0.0    0.0   19.3   19.3   61.7   18.5   11.7   14.4  832.30    1627     2211
2014-08-22 08:20:00    462010800  ***  ***    0.0    0.0    0.0   19.8   19.8   56.9   19.0   11.0   14.1  832.20    1628     2227
2014-08-22 08:40:00    462012000  ***  ***    0.7    0.7    0.7   21.1   21.1   55.0   20.8   11.7   15.0  832.10    1629     2274
2014-08-22 09:00:00    462013200  ***  ***    0.6    0.6    0.6   21.6   21.6   52.4   21.2   11.5   15.0  831.90    1631     2294
2014-08-22 09:20:00    462014400  ***  ***    1.0    1.0    1.0   21.8   21.8   54.1   21.5   12.2   15.5  832.20    1628     2300
2014-08-22 09:40:00    462015600  ***  ***    0.5    0.5    0.5   22.2   22.2   51.2   21.8   11.6   15.3  832.20    1628     2309
2014-08-22 10:00:00    462016800  ***  ***    1.0    1.0    1.0   22.3   22.3   54.5   22.0   12.6   15.8  832.30    1627     2315
2014-08-22 10:20:00    462018000  ***  ***    0.0    0.0    0.0   22.4   22.4   52.6   22.1   12.2   15.7  832.10    1628     2318
2014-08-22 10:40:00    462019200  ***  ***    0.0    0.0    0.0   23.2   23.2   49.7   22.6   12.1   15.8  832.20    1628     2346
2014-08-22 11:00:00    462020400  ***  ***    0.7    0.7    0.7   26.0   26.0   43.7   25.2   12.7   17.0  832.20    1628     2440
2014-08-22 11:20:00    462021600  ***  ***    0.4    0.4    0.4   25.9   25.9   43.0   25.0   12.4   16.9  832.00    1630     2440
2014-08-22 11:40:00    462022800  ***  ***    0.0    0.0    0.0   25.2   25.2   44.8   24.3   12.4   16.6  832.00    1630     2416
2014-08-22 12:00:00    462024000  ***  ***    0.0    0.0    0.0   26.6   26.6   42.1   25.8   12.7   17.2  831.70    1633     2465
2014-08-22 12:20:00    462025200  ***  ***    1.1    1.1    1.1   23.9   23.9   49.7   23.2   12.8   16.4  831.80    1631     2376
2014-08-22 12:40:00    462026400  ***  ***    0.9    0.9    0.9   25.6   25.6   46.7   25.0   13.4   17.3  831.60    1633     2436
2014-08-22 13:00:00    462027600  ***  ***    1.0    1.0    1.0   23.4   23.4   48.1   22.7   11.8   15.7  831.40    1635     2360
2014-08-22 13:20:00    462028800  ***  ***    1.0    1.0    1.0   25.1   25.1   46.0   24.3   12.7   16.8  831.20    1637     2423
2014-08-22 13:40:00    462030000  ***  ***    0.0    0.0    0.0   23.3   23.3   47.6   22.6   11.6   15.6  831.00    1640     2361
2014-08-22 14:00:00    462031200  ***  ***    0.0    0.0    0.0   17.5   17.5   85.6   17.5   15.1   15.9  831.50    1635     2178
2014-08-22 14:20:00    462032400  ***  ***    0.0    0.0    0.0   19.5   19.5   90.4   20.1   17.9   18.4  831.20    1638     2263
2014-08-22 14:40:00    462033600  ***  ***    0.0    0.0    0.0   21.3   21.3   75.4   21.8   16.7   18.1  830.80    1642     2319
2014-08-22 15:00:00    462034800  ***  ***    0.0    0.0    0.0   21.9   21.9   72.7   22.4   16.8   18.3  830.80    1642     2341
2014-08-22 15:20:00    462036000  ***  ***    0.0    0.0    0.0   22.0   22.0   71.7   22.4   16.7   18.3  830.30    1645     2350
2014-08-22 15:40:00    462037200  ***  ***    0.0    0.0    0.0   21.0   21.0   73.4   21.3   16.0   17.5  830.20    1646     2312
2014-08-22 16:00:00    462038400  ***  ***    0.0    0.0    0.0   17.1   17.1   89.6   17.3   15.3   15.9  831.00    1638     2168
2014-08-22 16:20:00    462039600  ***  ***    0.0    0.0    0.0   17.0   17.0   93.0   17.4   15.9   16.3  831.30    1637     2166
2014-08-22 16:40:00    462040800  ***  ***    0.0    0.0    0.0   17.3   17.3   97.0   17.9   16.9   17.0  831.20    1638     2183
2014-08-22 17:00:00    462042000  ***  ***    0.0    0.0    0.0   18.5   18.5   92.0   19.0   17.1   17.5  831.10    1638     2224
2014-08-22 17:20:00    462043200  ***  ***    0.0    0.0    0.0   18.8   18.8   91.6   19.2   17.4   17.8  830.80    1642     2242
2014-08-22 17:40:00    462044400  ***  ***    0.0    0.0    0.0   18.5   18.5   94.4   19.1   17.6   17.9  830.90    1640     2231
2014-08-22 18:00:00    462045600  ***  ***    0.0    0.0    0.0   17.5   17.5   94.9   18.0   16.7   16.9  830.80    1642     2194
2014-08-22 18:20:00    462046800  ***  ***    0.0    0.0    0.0   17.4   17.4   95.3   17.9   16.7   16.9  830.80    1642     2190
2014-08-22 18:40:00    462048000  ***  ***    0.0    0.0    0.0   16.8   16.8   95.0   17.3   16.0   16.3  830.70    1642     2164
2014-08-22 19:00:00    462049200  ***  ***    0.0    0.0    0.0   16.3   16.3   95.2   16.8   15.6   15.8  830.70    1642     2147
2014-08-22 19:20:00    462050400  ***  ***    0.0    0.0    0.0   16.0   16.0   95.4   16.5   15.3   15.5  831.10    1638     2129
2014-08-22 19:40:00    462051600  ***  ***    0.0    0.0    0.0   15.8   15.8   95.2   16.3   15.0   15.3  831.40    1635     2118
2014-08-22 20:00:00    462052800  ***  ***    0.0    0.0    0.0   15.5   15.5   95.1   16.0   14.7   15.0  831.60    1633     2103
2014-08-22 20:20:00    462054000  ***  ***    0.0    0.0    0.0   15.2   15.2   94.4   15.6   14.3   14.6  831.70    1632     2090
2014-08-22 20:40:00    462055200  ***  ***    0.0    0.0    0.0   15.0   15.0   94.6   15.4   14.2   14.5  831.80    1632     2084
2014-08-22 21:00:00    462056400  ***  ***    0.0    0.0    0.0   14.9   14.9   94.2   15.3   14.0   14.3  831.90    1630     2076
2014-08-22 21:20:00    462057600  ***  ***    0.8    0.8    0.8   14.8   14.8   94.5   15.2   13.9   14.2  832.00    1630     2070
2014-08-22 21:40:00    462058800  ***  ***    0.6    0.6    0.6   14.8   14.8   93.7   15.2   13.8   14.1  832.00    1630     2069
2014-08-22 22:00:00    462060000  ***  ***    0.7    0.7    0.7   14.6   14.6   94.7   15.0   13.7   14.0  832.10    1629     2062
2014-08-22 22:20:00    462061200  ***  ***    0.8    0.8    0.8   14.6   14.6   93.9   15.0   13.7   14.0  832.10    1629     2063
2014-08-22 22:40:00    462062400  ***  ***    0.7    0.7    0.7   14.4   14.4   94.4   14.8   13.5   13.8  832.00    1629     2055
2014-08-22 23:00:00    462063600  ***  ***    0.7    0.7    0.7   14.5   14.5   94.1   14.9   13.5   13.8  832.10    1628     2056
2014-08-22 23:20:00    462064800  ***  ***    0.8    0.8    0.8   14.4   14.4   94.0   14.8   13.4   13.7  832.00    1630     2055
2014-08-22 23:40:00    462066000  ***  ***    0.0    0.0    0.0   14.3   14.3   94.2   14.7   13.4   13.7  831.80    1632     2053
2014-08-23 00:00:00    462067200  ***  ***    0.6    0.6    0.6   14.2   14.2   93.7   14.5   13.2   13.5  831.90    1630     2048
2014-08-23 00:20:00    462068400  ***  ***    0.7    0.7    0.7   14.7   14.7   93.6   15.1   13.7   14.0  831.70    1632     2071
2014-08-23 00:40:00    462069600  ***  ***    0.0    0.0    0.0   15.1   15.1   93.3   15.5   14.0   14.4  831.80    1632     2083
2014-08-23 01:00:00    462070800  ***  ***    0.0    0.0    0.0   15.2   15.2   93.5   15.6   14.1   14.5  831.70    1633     2089
2014-08-23 01:20:00    462072000  ***  ***    0.7    0.7    0.7   15.1   15.1   94.2   15.5   14.2   14.5  831.60    1633     2089
2014-08-23 01:40:00    462073200  ***  ***    0.0    0.0    0.0   15.3   15.3   93.9   15.8   14.4   14.7  831.70    1633     2095
2014-08-23 02:00:00    462074400  ***  ***    0.0    0.0    0.0   15.3   15.3   93.1   15.7   14.2   14.6  831.50    1635     2097
2014-08-23 02:20:00    462075600  ***  ***    0.0    0.0    0.0   15.2   15.2   94.5   15.6   14.3   14.6  831.40    1635     2094
2014-08-23 02:40:00    462076800  ***  ***    0.0    0.0    0.0   15.4   15.4   94.3   15.9   14.5   14.8  831.50    1635     2101
2014-08-23 03:00:00    462078000  ***  ***    0.7    0.7    0.7   15.1   15.1   95.0   15.5   14.3   14.6  831.40    1635     2089
2014-08-23 03:20:00    462079200  ***  ***    0.5    0.5    0.5   14.8   14.8   95.0   15.2   14.0   14.3  831.60    1633     2075
2014-08-23 03:40:00    462080400  ***  ***    0.0    0.0    0.0   14.4   14.4   95.3   14.8   13.6   13.9  831.60    1633     2060
2014-08-23 04:00:00    462081600  ***  ***    0.0    0.0    0.0   13.7   13.7   95.7   14.2   13.0   13.2  831.20    1638     2038
2014-08-23 04:20:00    462082800  ***  ***    0.0    0.0    0.0   13.7   13.7   95.7   14.2   13.0   13.2  831.40    1635     2036
2014-08-23 04:40:00    462084000  ***  ***    0.0    0.0    0.0   13.1   13.1   96.5   13.6   12.6   12.8  831.20    1638     2018
2014-08-23 05:00:00    462085200  ***  ***    0.0    0.0    0.0   13.2   13.2   96.4   13.7   12.6   12.8  831.20    1638     2019
2014-08-23 05:20:00    462086400  ***  ***    0.7    0.7    0.7   13.2   13.2   95.7   13.7   12.6   12.8  831.40    1635     2019
2014-08-23 05:40:00    462087600  ***  ***    0.4    0.4    0.4   12.9   12.9   96.5   13.3   12.3   12.5  831.50    1633     2004
2014-08-23 06:00:00    462088800  ***  ***    0.7    0.7    0.7   12.8   12.8   95.6   13.2   12.1   12.3  831.50    1633     2000
2014-08-23 06:20:00    462090000  ***  ***    0.0    0.0    0.0   12.7   12.7   95.4   13.1   12.0   12.2  831.70    1633     1994
2014-08-23 06:40:00    462091200  ***  ***    0.7    0.7    0.7   13.1   13.1   94.8   13.5   12.3   12.6  831.70    1633     2009
2014-08-23 07:00:00    462092400  ***  ***    0.6    0.6    0.6   13.7   13.7   93.5   14.0   12.7   13.0  831.60    1633     2033
2014-08-23 07:20:00    462093600  ***  ***    0.0    0.0    0.0   14.8   14.8   90.5   15.1   13.3   13.8  831.70    1633     2072
2014-08-23 07:40:00    462094800  ***  ***    0.0    0.0    0.0   16.7   16.7   81.7   16.6   13.6   14.7  831.50    1635     2141
2014-08-23 08:00:00    462096000  ***  ***    0.0    0.0    0.0   17.8   17.8   83.7   17.8   15.0   15.9  831.50    1635     2185
2014-08-23 08:20:00    462097200  ***  ***    0.0    0.0    0.0   19.3   19.3   71.8   19.0   14.1   15.8  831.50    1633     2231
2014-08-23 08:40:00    462098400  ***  ***    0.0    0.0    0.0   20.0   20.0   72.4   19.9   14.9   16.5  831.60    1633     2258
2014-08-23 09:00:00    462099600  ***  ***    0.0    0.0    0.0   21.1   21.1   71.4   21.3   15.7   17.3  831.60    1633     2298
2014-08-23 09:20:00    462100800  ***  ***    0.0    0.0    0.0   21.2   21.2   67.0   21.3   14.9   16.8  831.80    1631     2296
2014-08-23 09:40:00    462102000  ***  ***    0.7    0.7    0.7   22.1   22.1   59.7   22.0   13.9   16.5  831.60    1633     2323
2014-08-23 10:00:00    462103200  ***  ***    0.5    0.5    0.5   22.3   22.3   54.1   22.0   12.6   15.8  831.70    1632     2323
2014-08-23 10:20:00    462104400  ***  ***    0.9    0.9    0.9   22.6   22.6   51.0   22.1   12.0   15.6  831.60    1633     2333
2014-08-23 10:40:00    462105600  ***  ***    0.0    0.0    0.0   23.6   23.6   53.5   23.2   13.6   16.8  831.70    1633     2370
2014-08-23 11:00:00    462106800  ***  ***    0.0    0.0    0.0   26.1   26.1   44.1   25.4   12.9   17.2  831.70    1633     2451
2014-08-23 11:20:00    462108000  ***  ***    0.9    0.9    0.9   23.9   23.9   44.3   23.0   11.0   15.5  831.60    1633     2370
2014-08-23 11:40:00    462109200  ***  ***    0.7    0.7    0.7   26.6   26.6   41.4   25.7   12.4   17.1  831.40    1635     2467
2014-08-23 12:00:00    462110400  ***  ***    0.7    0.7    0.7   26.5   26.5   43.8   25.8   13.1   17.4  831.20    1637     2469
2014-08-23 12:20:00    462111600  ***  ***    0.7    0.7    0.7   24.7   24.7   44.7   23.7   11.9   16.2  831.20    1638     2407
2014-08-23 12:40:00    462112800  ***  ***    0.6    0.6    0.6   25.7   25.7   45.3   25.0   13.0   17.1  831.20    1638     2445
2014-08-23 13:00:00    462114000  ***  ***    0.8    0.8    0.8   25.8   25.8   41.0   24.8   11.6   16.4  830.90    1640     2446
2014-08-23 13:20:00    462115200  ***  ***    0.9    0.9    0.9   26.3   26.3   43.2   25.5   12.8   17.2  830.80    1642     2467
2014-08-23 13:40:00    462116400  ***  ***    1.1    1.1    1.1   26.6   26.6   41.4   25.7   12.5   17.1  830.60    1642     2478
2014-08-23 14:00:00    462117600  ***  ***    0.8    0.8    0.8   26.3   26.3   44.0   25.6   13.1   17.3  830.20    1647     2475
2014-08-23 14:20:00    462118800  ***  ***    0.9    0.9    0.9   26.5   26.5   47.2   26.1   14.3   18.1  830.10    1647     2487
2014-08-23 14:40:00    462120000  ***  ***    0.0    0.0    0.0   26.5   26.5   46.5   26.0   14.1   18.0  829.80    1650     2489
2014-08-23 15:00:00    462121200  ***  ***    1.4    1.4    1.4   26.2   26.2   42.9   25.3   12.6   17.0  829.80    1650     2474
2014-08-23 15:20:00    462122400  ***  ***    0.8    0.8    0.8   26.2   26.2   41.8   25.3   12.2   16.8  829.60    1653     2477
2014-08-23 15:40:00    462123600  ***  ***    0.6    0.6    0.6   26.3   26.3   41.3   25.4   12.1   16.8  829.20    1656     2484
2014-08-23 16:00:00    462124800  ***  ***    0.0    0.0    0.0   26.3   26.3   39.1   25.2   11.3   16.4  829.20    1656     2478
2014-08-23 16:20:00    462126000  ***  ***    0.7    0.7    0.7   26.3   26.3   38.9   25.2   11.2   16.3  829.10    1657     2480
2014-08-23 16:40:00    462127200  ***  ***    1.1    1.1    1.1   24.7   24.7   38.6   23.4    9.7   15.0  829.20    1657     2423
