FORMATTED DATE-TIME           DT   MG   TR     WS     CW     HW     TP     WC     RH     HI     DP     WB      BP      AL       DA
YYYY-MM-DD HH:MM:SS            s  Mag True    m/s    m/s    m/s     °C     °C      %     °C     °C     °C     hPa       m        m
----------------------------------------------------------------------------------------------------------------------------------
2014-08-30 07:20:00    462698400  ***  ***    0.0    0.0    0.0   18.0   18.0   60.0   16.8   10.1   13.0  831.00    1640     2178
2014-08-30 07:40:00    462699600  ***  ***    0.0    0.0    0.0   21.2   21.2   51.6   20.7   10.9   14.5  830.80    1640     2291
2014-08-30 08:00:00    462700800  ***  ***    0.0    0.0    0.0   26.8   26.8   45.0   26.3   13.9   18.0  830.70    1642     2490
2014-08-30 08:20:00    462702000  ***  ***    0.0    0.0    0.0   26.5   26.5   37.0   25.3   10.7   16.2  830.90    1640     2465
2014-08-30 08:40:00    462703200  ***  ***    0.0    0.0    0.0   26.3   26.3   33.6   24.8    9.0   15.2  831.00    1640     2451
2014-08-30 09:00:00    462704400  ***  ***    0.0    0.0    0.0   27.0   27.0   34.0   25.6    9.8   15.8  830.70    1642     2478
2014-08-30 09:20:00    462705600  ***  ***    0.0    0.0    0.0   30.2   30.2   23.7   28.2    7.2   15.7  830.80    1642     2573
2014-08-30 09:40:00    462706800  ***  ***    0.5    0.5    0.5   29.1   29.1   25.1   27.1    7.1   15.3  831.00    1640     2535
2014-08-30 10:00:00    462708000  ***  ***    0.4    0.4    0.4   30.1   30.1   24.8   28.2    7.8   15.9  831.10    1638     2571
2014-08-30 10:20:00    462709200  ***  ***    0.0    0.0    0.0   29.0   29.0   29.0   27.4    9.1   16.2  830.70    1642     2541
2014-08-30 10:40:00    462710400  ***  ***    1.5    1.5    1.5   28.3   28.3   26.1   26.3    7.0   15.0  831.00    1640     2510
2014-08-30 11:00:00    462711600  ***  ***    0.4    0.4    0.4   28.2   28.2   26.1   26.2    6.9   15.0  830.80    1640     2508
2014-08-30 11:20:00    462712800  ***  ***    0.0    0.0    0.0   28.3   28.3   27.6   26.4    7.9   15.4  830.60    1642     2517
2014-08-30 11:40:00    462714000  ***  ***    0.6    0.6    0.6   28.7   28.7   25.1   26.7    6.8   15.0  830.40    1644     2528
2014-08-30 12:00:00    462715200  ***  ***    0.9    0.9    0.9   29.1   29.1   26.5   27.2    8.0   15.7  830.50    1643     2544
2014-08-30 12:20:00    462716400  ***  ***    0.5    0.5    0.5   29.4   29.4   27.3   27.7    8.6   16.1  830.40    1644     2558
2014-08-30 12:40:00    462717600  ***  ***    0.5    0.5    0.5   30.2   30.2   25.8   28.4    8.5   16.3  830.10    1647     2585
2014-08-30 13:00:00    462718800  ***  ***    0.0    0.0    0.0   30.9   30.9   24.5   29.1    8.2   16.4  830.00    1648     2606
2014-08-30 13:20:00    462720000  ***  ***    0.7    0.7    0.7   31.2   31.2   21.5   29.1    6.6   15.8  830.00    1648     2613
2014-08-30 13:40:00    462721200  ***  ***    0.5    0.5    0.5   32.1   32.1   23.4   30.5    8.6   16.9  829.70    1651     2650
2014-08-30 14:00:00    462722400  ***  ***    0.6    0.6    0.6   31.5   31.5   26.2   30.1    9.8   17.2  829.70    1652     2638
2014-08-30 14:20:00    462723600  ***  ***    0.8    0.8    0.8   29.2   29.2   22.0   27.0    5.3   14.6  829.10    1657     2554
2014-08-30 14:40:00    462724800  ***  ***    0.0    0.0    0.0   31.3   31.3   22.3   29.3    7.2   16.0  829.20    1657     2626
2014-08-30 15:00:00    462726000  ***  ***    0.0    0.0    0.0   30.2   30.2   21.5   28.0    5.9   15.1  828.70    1662     2597
2014-08-30 15:20:00    462727200  ***  ***    1.0    1.0    1.0   29.0   29.0   25.5   27.0    7.3   15.3  828.90    1660     2558
2014-08-30 15:40:00    462728400  ***  ***    1.3    1.3    1.3   29.9   29.9   25.5   28.1    8.1   16.0  828.70    1661     2592
2014-08-30 16:00:00    462729600  ***  ***    0.0    0.0    0.0   28.3   28.3   34.3   27.1   11.0   16.8  828.80    1661     2549
2014-08-30 16:20:00    462730800  ***  ***    1.9    1.9    1.9   28.9   28.9   25.1   26.9    7.0   15.1  828.40    1664     2558
2014-08-30 16:40:00    462732000  ***  ***    1.2    1.2    1.2   29.2   29.2   24.9   27.2    7.1   15.3  828.50    1664     2569
2014-08-30 17:00:00    462733200  ***  ***    0.0    0.0    0.0   28.3   28.3   28.7   26.5    8.5   15.7  828.60    1663     2544
2014-08-30 17:20:00    462734400  ***  ***    0.0    0.0    0.0   27.8   27.8   30.5   26.0    8.9   15.7  828.70    1662     2526
2014-08-30 17:40:00    462735600  ***  ***    0.0    0.0    0.0   26.8   26.8   37.9   25.6   11.3   16.5  828.60    1663     2505
2014-08-30 18:00:00    462736800  ***  ***    0.0    0.0    0.0   27.0   27.0   31.9   25.3    8.9   15.4  828.40    1665     2505
2014-08-30 18:20:00    462738000  ***  ***    0.0    0.0    0.0   25.1   25.1   44.8   24.1   12.3   16.5  828.60    1663     2453
2014-08-30 18:40:00    462739200  ***  ***    0.0    0.0    0.0   22.0   22.0   59.2   21.9   13.7   16.4  828.80    1661     2354
2014-08-30 19:00:00    462740400  ***  ***    0.0    0.0    0.0   20.7   20.7   64.2   20.6   13.7   16.0  828.90    1660     2309
2014-08-30 19:20:00    462741600  ***  ***    0.0    0.0    0.0   20.7   20.7   55.3   20.2   11.4   14.7  829.00    1658     2295
2014-08-30 19:40:00    462742800  ***  ***    0.0    0.0    0.0   20.3   20.3   55.8   19.6   11.2   14.4  829.40    1654     2277
2014-08-30 20:00:00    462744000  ***  ***    0.0    0.0    0.0   19.9   19.9   55.9   19.1   10.8   14.1  829.40    1654     2261
2014-08-30 20:20:00    462745200  ***  ***    0.0    0.0    0.0   19.3   19.3   57.4   18.3   10.7   13.8  829.60    1652     2238
2014-08-30 20:40:00    462746400  ***  ***    0.0    0.0    0.0   17.9   17.9   67.2   17.0   11.8   13.9  829.80    1651     2195
2014-08-30 21:00:00    462747600  ***  ***    0.0    0.0    0.0   18.3   18.3   64.9   17.3   11.6   14.0  830.00    1649     2206
2014-08-30 21:20:00    462748800  ***  ***    0.5    0.5    0.5   18.2   18.2   62.6   17.1   10.9   13.5  829.80    1651     2201
2014-08-30 21:40:00    462750000  ***  ***    0.0    0.0    0.0   19.0   19.0   54.8   17.7    9.7   13.1  829.60    1652     2226
2014-08-30 22:00:00    462751200  ***  ***    0.0    0.0    0.0   18.6   18.6   59.2   17.4   10.5   13.4  829.80    1651     2211
2014-08-30 22:20:00    462752400  ***  ***    0.0    0.0    0.0   17.5   17.5   62.5   16.4   10.3   12.9  830.00    1649     2174
2014-08-30 22:40:00    462753600  ***  ***    0.0    0.0    0.0   17.2   17.2   64.9   16.2   10.6   13.0  829.80    1651     2167
2014-08-30 23:00:00    462754800  ***  ***    0.0    0.0    0.0   17.2   17.2   66.0   16.3   10.8   13.1  829.90    1650     2167
2014-08-30 23:20:00    462756000  ***  ***    0.0    0.0    0.0   17.1   17.1   66.7   16.2   10.9   13.1  829.80    1650     2164
2014-08-30 23:40:00    462757200  ***  ***    0.0    0.0    0.0   17.4   17.4   64.4   16.4   10.6   13.1  830.10    1648     2168
2014-08-31 00:00:00    462758400  ***  ***    0.0    0.0    0.0   17.2   17.2   64.8   16.2   10.5   12.9  830.10    1648     2161
2014-08-31 00:20:00    462759600  ***  ***    0.0    0.0    0.0   16.6   16.6   66.6   15.7   10.4   12.7  830.00    1649     2143
2014-08-31 00:40:00    462760800  ***  ***    0.0    0.0    0.0   16.7   16.7   65.1   15.7   10.1   12.6  830.20    1647     2142
2014-08-31 01:00:00    462762000  ***  ***    0.0    0.0    0.0   16.2   16.2   69.9   15.5   10.7   12.7  830.30    1646     2128
2014-08-31 01:20:00    462763200  ***  ***    0.0    0.0    0.0   16.0   16.0   68.1   15.3   10.1   12.3  830.60    1643     2114
2014-08-31 01:40:00    462764400  ***  ***    0.0    0.0    0.0   15.7   15.7   68.9   15.0   10.0   12.2  830.50    1643     2102
2014-08-31 02:00:00    462765600  ***  ***    0.0    0.0    0.0   15.6   15.6   66.4   14.8    9.4   11.8  830.20    1646     2100
2014-08-31 02:20:00    462766800  ***  ***    0.0    0.0    0.0   15.5   15.5   66.7   14.7    9.3   11.6  830.70    1642     2091
2014-08-31 02:40:00    462768000  ***  ***    0.0    0.0    0.0   15.5   15.5   67.1   14.7    9.4   11.8  830.30    1645     2095
2014-08-31 03:00:00    462769200  ***  ***    0.0    0.0    0.0   16.8   16.8   57.4   15.5    8.3   11.6  830.40    1644     2134
2014-08-31 03:20:00    462770400  ***  ***    0.0    0.0    0.0   16.8   16.8   58.4   15.6    8.6   11.8  830.30    1646     2140
2014-08-31 03:40:00    462771600  ***  ***    0.0    0.0    0.0   15.5   15.5   66.4   14.7    9.3   11.6  830.40    1645     2095
2014-08-31 04:00:00    462772800  ***  ***    0.0    0.0    0.0   15.9   15.9   64.1   15.0    9.1   11.8  830.60    1643     2107
2014-08-31 04:20:00    462774000  ***  ***    0.5    0.5    0.5   16.1   16.1   61.1   15.0    8.6   11.5  830.30    1645     2114
2014-08-31 04:40:00    462775200  ***  ***    0.0    0.0    0.0   15.1   15.1   67.3   14.3    9.1   11.4  830.40    1645     2082
2014-08-31 05:00:00    462776400  ***  ***    0.0    0.0    0.0   15.3   15.3   66.8   14.5    9.1   11.5  830.70    1642     2082
2014-08-31 05:20:00    462777600  ***  ***    0.0    0.0    0.0   14.7   14.7   69.8   14.1    9.3   11.4  830.60    1643     2067
2014-08-31 05:40:00    462778800  ***  ***    0.0    0.0    0.0   14.6   14.6   70.3   14.0    9.2   11.3  830.80    1640     2056
2014-08-31 06:00:00    462780000  ***  ***    0.0    0.0    0.0   14.5   14.5   71.8   14.0    9.4   11.4  830.80    1640     2054
2014-08-31 06:20:00    462781200  ***  ***    0.0    0.0    0.0   14.4   14.4   73.4   14.0    9.7   11.5  831.20    1638     2048
2014-08-31 06:40:00    462782400  ***  ***    0.0    0.0    0.0   15.3   15.3   72.3   14.7   10.3   12.2  831.20    1638     2083
2014-08-31 07:00:00    462783600  ***  ***    0.0    0.0    0.0   17.2   17.2   59.4   15.9    9.2   12.2  831.20    1637     2143
2014-08-31 07:20:00    462784800  ***  ***    0.0    0.0    0.0   17.9   17.9   62.0   16.8   10.6   13.3  831.10    1638     2176
2014-08-31 07:40:00    462786000  ***  ***    0.0    0.0    0.0   20.5   20.5   57.8   20.0   11.9   14.9  831.10    1638     2267
2014-08-31 08:00:00    462787200  ***  ***    0.0    0.0    0.0   28.2   28.2   41.1   27.7   13.7   18.3  831.30    1637     2528
2014-08-31 08:20:00    462788400  ***  ***    0.6    0.6    0.6   24.9   24.9   37.7   23.5    9.5   15.0  831.10    1638     2404
2014-08-31 08:40:00    462789600  ***  ***    0.0    0.0    0.0   25.8   25.8   39.3   24.6   10.9   16.0  831.10    1638     2437
2014-08-31 09:00:00    462790800  ***  ***    0.8    0.8    0.8   26.4   26.4   35.6   25.0   10.0   15.7  831.30    1635     2454
2014-08-31 09:20:00    462792000  ***  ***    1.0    1.0    1.0   29.3   29.3   33.1   28.2   11.5   17.4  831.30    1637     2555
2014-08-31 09:40:00    462793200  ***  ***    0.4    0.4    0.4   29.7   29.7   28.0   28.1    9.3   16.4  831.40    1635     2559
2014-08-31 10:00:00    462794400  ***  ***    1.3    1.3    1.3   26.7   26.7   30.7   24.9    8.0   14.9  831.20    1637     2457
2014-08-31 10:20:00    462795600  ***  ***    0.8    0.8    0.8   28.7   28.7   30.4   27.1    9.6   16.3  831.20    1637     2527
2014-08-31 10:40:00    462796800  ***  ***    0.4    0.4    0.4   27.9   27.9   33.6   26.5   10.4   16.4  831.20    1638     2507
2014-08-31 11:00:00    462798000  ***  ***    0.0    0.0    0.0   28.3   28.3   28.1   26.4    8.1   15.5  831.00    1640     2512
2014-08-31 11:20:00    462799200  ***  ***    0.5    0.5    0.5   28.4   28.4   29.6   26.7    9.0   15.9  830.90    1640     2522
2014-08-31 11:40:00    462800400  ***  ***    0.5    0.5    0.5   27.9   27.9   27.5   26.0    7.5   15.1  830.80    1640     2500
2014-08-31 12:00:00    462801600  ***  ***    0.0    0.0    0.0   28.9   28.9   26.4   27.0    7.7   15.5  830.70    1642     2533
2014-08-31 12:20:00    462802800  ***  ***    0.5    0.5    0.5   29.1   29.1   28.5   27.4    9.0   16.1  830.40    1645     2547
2014-08-31 12:40:00    462804000  ***  ***    1.2    1.2    1.2   30.0   30.0   24.3   28.1    7.4   15.7  830.40    1645     2572
2014-08-31 13:00:00    462805200  ***  ***    1.1    1.1    1.1   30.9   30.9   22.2   28.8    6.9   15.8  830.30    1646     2603
2014-08-31 13:20:00    462806400  ***  ***    0.4    0.4    0.4   31.9   31.9   23.1   30.2    8.3   16.7  830.00    1649     2642
2014-08-31 13:40:00    462807600  ***  ***    0.8    0.8    0.8   30.9   30.9   22.8   28.9    7.2   15.9  830.10    1647     2604
2014-08-31 14:00:00    462808800  ***  ***    0.0    0.0    0.0   31.4   31.4   26.0   30.0    9.6   17.1  830.00    1649     2632
2014-08-31 14:20:00    462810000  ***  ***    0.9    0.9    0.9   28.7   28.7   25.2   26.7    6.9   15.1  829.40    1654     2541
2014-08-31 14:40:00    462811200  ***  ***    0.6    0.6    0.6   30.9   30.9   25.6   29.2    8.9   16.6  829.50    1654     2618
2014-08-31 15:00:00    462812400  ***  ***    0.8    0.8    0.8   30.7   30.7   24.0   28.8    7.8   16.1  829.30    1656     2610
2014-08-31 15:20:00    462813600  ***  ***    1.2    1.2    1.2   30.2   30.2   25.3   28.4    8.2   16.1  829.10    1657     2596
2014-08-31 15:40:00    462814800  ***  ***    0.0    0.0    0.0   29.3   29.3   26.4   27.5    8.1   15.8  829.10    1658     2568
2014-08-31 16:00:00    462816000  ***  ***    1.0    1.0    1.0   29.7   29.7   26.8   28.0    8.6   16.1  828.90    1660     2587
2014-08-31 16:20:00    462817200  ***  ***    1.2    1.2    1.2   29.5   29.5   26.8   27.8    8.5   16.0  828.50    1664     2585
2014-08-31 16:40:00    462818400  ***  ***    0.5    0.5    0.5   28.6   28.6   31.4   27.1   10.0   16.4  828.80    1661     2556
2014-08-31 17:00:00    462819600  ***  ***    1.2    1.2    1.2   28.9   28.9   24.2   26.8    6.4   14.9  828.70    1662     2555
2014-08-31 17:20:00    462820800  ***  ***    0.0    0.0    0.0   28.0   28.0   24.9   25.9    6.1   14.5  828.60    1663     2526
2014-08-31 17:40:00    462822000  ***  ***    0.0    0.0    0.0   27.3   27.3   30.5   25.5    8.4   15.3  828.50    1664     2511
2014-08-31 18:00:00    462823200  ***  ***    0.0    0.0    0.0   27.1   27.1   32.2   25.5    9.1   15.6  828.50    1663     2505
2014-08-31 18:20:00    462824400  ***  ***    0.0    0.0    0.0   26.3   26.3   37.4   25.1   10.6   16.0  828.50    1664     2485
2014-08-31 18:40:00    462825600  ***  ***    0.0    0.0    0.0   23.8   23.8   45.2   23.0   11.3   15.6  828.60    1663     2407
2014-08-31 19:00:00    462826800  ***  ***    0.0    0.0    0.0   21.7   21.7   48.2   21.2   10.3   14.4  829.10    1658     2326
2014-08-31 19:20:00    462828000  ***  ***    0.0    0.0    0.0   20.1   20.1   58.3   19.5   11.7   14.7  829.40    1655     2273
2014-08-31 19:40:00    462829200  ***  ***    0.0    0.0    0.0   19.3   19.3   59.9   18.4   11.4   14.2  829.70    1652     2243
2014-08-31 20:00:00    462830400  ***  ***    0.0    0.0    0.0   19.2   19.2   57.1   18.1   10.5   13.6  829.80    1651     2233
2014-08-31 20:20:00    462831600  ***  ***    0.0    0.0    0.0   18.9   18.9   55.8   17.6    9.9   13.2  830.10    1648     2218
2014-08-31 20:40:00    462832800  ***  ***    0.0    0.0    0.0   18.5   18.5   56.0   17.0    9.6   12.9  830.30    1646     2202
2014-08-31 21:00:00    462834000  ***  ***    0.0    0.0    0.0   18.3   18.3   54.8   16.8    9.0   12.5  830.30    1646     2191
2014-08-31 21:20:00    462835200  ***  ***    0.0    0.0    0.0   17.8   17.8   56.6   16.4    9.1   12.4  830.50    1644     2173
2014-08-31 21:40:00    462836400  ***  ***    0.0    0.0    0.0   17.5   17.5   55.6   16.0    8.5   12.0  830.60    1642     2159
2014-08-31 22:00:00    462837600  ***  ***    0.0    0.0    0.0   17.4   17.4   54.9   15.9    8.3   11.9  830.70    1642     2153
2014-08-31 22:20:00    462838800  ***  ***    0.4    0.4    0.4   17.0   17.0   57.0   15.6    8.5   11.8  830.90    1640     2139
2014-08-31 22:40:00    462840000  ***  ***    0.0    0.0    0.0   17.0   17.0   56.3   15.6    8.3   11.8  830.90    1640     2139
2014-08-31 23:00:00    462841200  ***  ***    0.0    0.0    0.0   16.6   16.6   58.4   15.4    8.4   11.6  830.80    1640     2123
2014-08-31 23:20:00    462842400  ***  ***    0.0    0.0    0.0   16.6   16.6   57.5   15.3    8.1   11.4  830.70    1642     2123
2014-08-31 23:40:00    462843600  ***  ***    0.0    0.0    0.0   16.1   16.1   60.5   15.0    8.4   11.4  830.60    1642     2107
2014-09-01 00:00:00    462844800  ***  ***    0.0    0.0    0.0   15.9   15.9   62.0   14.9    8.7   11.5  830.80    1642     2103
2014-09-01 00:20:00    462846000  ***  ***    0.0    0.0    0.0   16.0   16.0   59.8   14.8    8.2   11.3  830.90    1640     2101
2014-09-01 00:40:00    462847200  ***  ***    0.0    0.0    0.0   15.1   15.1   68.7   14.4    9.3   11.5  831.10    1638     2073
2014-09-01 01:00:00    462848400  ***  ***    0.0    0.0    0.0   15.0   15.0   67.4   14.2    9.0   11.3  830.70    1642     2072
2014-09-01 01:20:00    462849600  ***  ***    0.0    0.0    0.0   15.2   15.2   64.8   14.3    8.6   11.2  830.70    1642     2079
2014-09-01 01:40:00    462850800  ***  ***    0.0    0.0    0.0   15.4   15.4   63.6   14.4    8.5   11.2  830.80    1642     2084
2014-09-01 02:00:00    462852000  ***  ***    0.0    0.0    0.0   14.9   14.9   66.9   14.1    8.8   11.2  830.60    1643     2072
2014-09-01 02:20:00    462853200  ***  ***    0.0    0.0    0.0   14.8   14.8   65.6   13.9    8.4   10.9  830.60    1643     2067
2014-09-01 02:40:00    462854400  ***  ***    0.0    0.0    0.0   14.7   14.7   67.7   14.0    8.8   11.1  830.50    1644     2064
2014-09-01 03:00:00    462855600  ***  ***    0.0    0.0    0.0   15.0   15.0   62.0   14.0    7.8   10.7  830.50    1644     2074
2014-09-01 03:20:00    462856800  ***  ***    0.0    0.0    0.0   14.8   14.8   63.5   13.9    8.0   10.7  830.20    1646     2069
2014-09-01 03:40:00    462858000  ***  ***    0.0    0.0    0.0   14.3   14.3   66.1   13.5    8.1   10.6  830.30    1646     2051
2014-09-01 04:00:00    462859200  ***  ***    0.0    0.0    0.0   14.4   14.4   66.4   13.6    8.2   10.7  830.50    1644     2052
2014-09-01 04:20:00    462860400  ***  ***    0.0    0.0    0.0   14.2   14.2   66.3   13.5    8.0   10.5  830.40    1645     2045
2014-09-01 04:40:00    462861600  ***  ***    0.0    0.0    0.0   13.8   13.8   69.3   13.1    8.3   10.5  830.80    1642     2029
2014-09-01 05:00:00    462862800  ***  ***    0.0    0.0    0.0   13.6   13.6   69.8   13.0    8.2   10.4  830.70    1642     2023
2014-09-01 05:20:00    462864000  ***  ***    0.0    0.0    0.0   13.4   13.4   73.5   13.0    8.7   10.6  830.80    1642     2015
2014-09-01 05:40:00    462865200  ***  ***    0.0    0.0    0.0   13.3   13.3   73.9   12.9    8.8   10.6  830.70    1642     2014
2014-09-01 06:00:00    462866400  ***  ***    0.0    0.0    0.0   13.9   13.9   68.7   13.2    8.2   10.5  830.90    1640     2031
2014-09-01 06:20:00    462867600  ***  ***    0.0    0.0    0.0   14.2   14.2   66.7   13.5    8.1   10.5  830.90    1640     2039
2014-09-01 06:40:00    462868800  ***  ***    0.0    0.0    0.0   15.1   15.1   63.7   14.1    8.2   11.0  831.00    1640     2070
2014-09-01 07:00:00    462870000  ***  ***    0.0    0.0    0.0   15.5   15.5   66.1   14.7    9.2   11.6  831.10    1638     2085
2014-09-01 07:20:00    462871200  ***  ***    0.0    0.0    0.0   16.7   16.7   66.4   15.8   10.5   12.8  831.30    1637     2131
2014-09-01 07:40:00    462872400  ***  ***    0.0    0.0    0.0   19.3   19.3   57.7   18.3   10.7   13.8  831.10    1638     2221
2014-09-01 08:00:00    462873600  ***  ***    0.0    0.0    0.0   24.3   24.3   40.9   23.1   10.2   15.1  831.20    1637     2387
2014-09-01 08:20:00    462874800  ***  ***    0.0    0.0    0.0   23.7   23.7   46.4   22.9   11.5   15.7  831.10    1638     2370
2014-09-01 08:40:00    462876000  ***  ***    0.0    0.0    0.0   24.2   24.2   39.7   22.9    9.6   14.9  831.20    1638     2382
2014-09-01 09:00:00    462877200  ***  ***    0.4    0.4    0.4   25.1   25.1   36.2   23.6    9.1   14.9  831.10    1638     2409
2014-09-01 09:20:00    462878400  ***  ***    0.5    0.5    0.5   28.8   28.8   29.9   27.1    9.4   16.2  831.20    1638     2532
2014-09-01 09:40:00    462879600  ***  ***    0.9    0.9    0.9   28.4   28.4   29.3   26.7    8.8   15.8  831.30    1637     2513
2014-09-01 10:00:00    462880800  ***  ***    0.4    0.4    0.4   28.0   28.0   28.6   26.1    8.1   15.4  831.30    1637     2501
2014-09-01 10:20:00    462882000  ***  ***    0.0    0.0    0.0   28.1   28.1   25.4   26.0    6.5   14.8  831.10    1638     2500
2014-09-01 10:40:00    462883200  ***  ***    0.0    0.0    0.0   27.7   27.7   30.2   25.9    8.7   15.6  831.20    1637     2492
2014-09-01 11:00:00    462884400  ***  ***    0.4    0.4    0.4   28.2   28.2   30.6   26.5    9.3   16.0  831.00    1638     2513
2014-09-01 11:20:00    462885600  ***  ***    0.4    0.4    0.4   27.9   27.9   29.3   26.1    8.4   15.5  831.00    1638     2499
2014-09-01 11:40:00    462886800  ***  ***    1.3    1.3    1.3   27.3   27.3   27.0   25.3    6.7   14.5  830.90    1640     2474
2014-09-01 12:00:00    462888000  ***  ***    0.6    0.6    0.6   29.0   29.0   26.9   27.2    8.1   15.7  831.00    1640     2537
2014-09-01 12:20:00    462889200  ***  ***    1.2    1.2    1.2   29.3   29.3   21.9   27.1    5.4   14.7  830.70    1642     2542
2014-09-01 12:40:00    462890400  ***  ***    0.0    0.0    0.0   31.0   31.0   23.0   29.0    7.5   16.1  830.50    1643     2604
2014-09-01 13:00:00    462891600  ***  ***    0.0    0.0    0.0   31.7   31.7   18.7   29.3    5.0   15.3  830.30    1646     2623
2014-09-01 13:20:00    462892800  ***  ***    0.0    0.0    0.0   31.3   31.3   19.6   29.0    5.4   15.3  830.10    1648     2614
2014-09-01 13:40:00    462894000  ***  ***    0.5    0.5    0.5   29.5   29.5   21.8   27.3    5.4   14.8  829.90    1650     2558
2014-09-01 14:00:00    462895200  ***  ***    1.3    1.3    1.3   31.0   31.0   20.5   28.7    5.8   15.4  829.80    1650     2607
2014-09-01 14:20:00    462896400  ***  ***    0.6    0.6    0.6   30.4   30.4   18.2   27.8    3.6   14.4  829.50    1653     2586
2014-09-01 14:40:00    462897600  ***  ***    0.9    0.9    0.9   29.3   29.3   20.1   26.9    4.1   14.2  829.50    1654     2551
2014-09-01 15:00:00    462898800  ***  ***    0.8    0.8    0.8   29.3   29.3   22.3   27.1    5.6   14.8  829.40    1655     2556
2014-09-01 15:20:00    462900000  ***  ***    0.0    0.0    0.0   30.0   30.0   20.9   27.7    5.3   14.9  829.00    1659     2584
2014-09-01 15:40:00    462901200  ***  ***    0.8    0.8    0.8   29.1   29.1   21.4   26.8    4.8   14.4  829.00    1659     2552
2014-09-01 16:00:00    462902400  ***  ***    1.0    1.0    1.0   28.9   28.9   23.0   26.7    5.7   14.7  828.80    1661     2550
2014-09-01 16:20:00    462903600  ***  ***    0.0    0.0    0.0   29.5   29.5   21.6   27.2    5.3   14.7  829.00    1658     2566
2014-09-01 16:40:00    462904800  ***  ***    0.4    0.4    0.4   29.0   29.0   23.5   26.9    6.1   14.9  829.00    1659     2551
2014-09-01 17:00:00    462906000  ***  ***    0.0    0.0    0.0   27.7   27.7   25.8   25.6    6.3   14.5  828.80    1661     2514
2014-09-01 17:20:00    462907200  ***  ***    0.6    0.6    0.6   28.0   28.0   19.6   25.5    2.6   13.2  828.90    1660     2513
2014-09-01 17:40:00    462908400  ***  ***    0.0    0.0    0.0   25.7   25.7   33.2   24.0    8.3   14.8  828.90    1660     2453
2014-09-01 18:00:00    462909600  ***  ***    0.0    0.0    0.0   23.8   23.8   40.7   22.7    9.6   14.8  828.90    1660     2395
2014-09-01 18:20:00    462910800  ***  ***    0.0    0.0    0.0   22.3   22.3   37.7   21.2    7.2   13.1  828.90    1660     2338
2014-09-01 18:40:00    462912000  ***  ***    0.0    0.0    0.0   20.8   20.8   50.4   20.1   10.1   14.0  829.10    1657     2292
2014-09-01 19:00:00    462913200  ***  ***    0.5    0.5    0.5   19.5   19.5   49.3   18.2    8.6   12.8  829.30    1656     2243
2014-09-01 19:20:00    462914400  ***  ***    0.0    0.0    0.0   19.1   19.1   50.4   17.6    8.6   12.6  829.40    1654     2226
2014-09-01 19:40:00    462915600  ***  ***    0.0    0.0    0.0   18.6   18.6   46.5   16.7    6.9   11.6  829.60    1652     2203
2014-09-01 20:00:00    462916800  ***  ***    0.0    0.0    0.0   18.5   18.5   50.4   16.7    8.0   12.1  829.80    1651     2199
2014-09-01 20:20:00    462918000  ***  ***    0.0    0.0    0.0   18.0   18.0   49.3   16.2    7.2   11.5  830.20    1646     2176
2014-09-01 20:40:00    462919200  ***  ***    0.0    0.0    0.0   17.6   17.6   50.8   15.9    7.2   11.4  830.00    1649     2164
2014-09-01 21:00:00    462920400  ***  ***    0.0    0.0    0.0   16.9   16.9   55.5   15.5    7.9   11.5  830.20    1646     2141
2014-09-01 21:20:00    462921600  ***  ***    0.0    0.0    0.0   16.7   16.7   54.6   15.3    7.5   11.2  830.20    1646     2134
2014-09-01 21:40:00    462922800  ***  ***    0.0    0.0    0.0   16.6   16.6   54.3   15.1    7.4   11.1  830.50    1644     2127
2014-09-01 22:00:00    462924000  ***  ***    0.0    0.0    0.0   16.1   16.1   55.1   14.7    7.1   10.7  830.80    1642     2104
2014-09-01 22:20:00    462925200  ***  ***    0.0    0.0    0.0   15.8   15.8   57.9   14.5    7.6   10.9  830.60    1643     2098
2014-09-01 22:40:00    462926400  ***  ***    0.0    0.0    0.0   15.9   15.9   56.6   14.6    7.3   10.7  830.70    1642     2100
2014-09-01 23:00:00    462927600  ***  ***    0.0    0.0    0.0   15.9   15.9   56.9   14.6    7.4   10.8  830.50    1644     2102
2014-09-01 23:20:00    462928800  ***  ***    0.0    0.0    0.0   16.1   16.1   54.7   14.7    7.0   10.7  830.40    1644     2107
2014-09-01 23:40:00    462930000  ***  ***    0.0    0.0    0.0   15.1   15.1   59.6   14.0    7.3   10.4  830.30    1646     2076
2014-09-02 00:00:00    462931200  ***  ***    0.0    0.0    0.0   15.1   15.1   61.7   14.1    7.8   10.7  830.40    1645     2078
2014-09-02 00:20:00    462932400  ***  ***    0.0    0.0    0.0   15.1   15.1   59.1   14.0    7.2   10.4  830.30    1645     2076
2014-09-02 00:40:00    462933600  ***  ***    0.0    0.0    0.0   14.6   14.6   64.2   13.8    7.9   10.6  830.10    1648     2064
2014-09-02 01:00:00    462934800  ***  ***    0.0    0.0    0.0   14.7   14.7   61.0   13.7    7.3   10.3  830.10    1648     2066
2014-09-02 01:20:00    462936000  ***  ***    0.0    0.0    0.0   15.6   15.6   53.3   14.2    6.1   10.0  830.10    1648     2092
2014-09-02 01:40:00    462937200  ***  ***    0.0    0.0    0.0   15.3   15.3   54.7   14.0    6.3   10.1  830.40    1645     2079
2014-09-02 02:00:00    462938400  ***  ***    0.0    0.0    0.0   14.7   14.7   62.8   13.8    7.7   10.5  830.20    1646     2063
2014-09-02 02:20:00    462939600  ***  ***    0.0    0.0    0.0   14.8   14.8   58.9   13.7    6.9   10.2  830.20    1647     2067
2014-09-02 02:40:00    462940800  ***  ***    0.0    0.0    0.0   14.5   14.5   64.4   13.7    7.9   10.6  830.00    1649     2061
2014-09-02 03:00:00    462942000  ***  ***    0.0    0.0    0.0   14.3   14.3   64.3   13.5    7.7   10.4  830.00    1648     2052
2014-09-02 03:20:00    462943200  ***  ***    0.0    0.0    0.0   14.5   14.5   61.4   13.5    7.1   10.2  830.20    1647     2055
2014-09-02 03:40:00    462944400  ***  ***    0.0    0.0    0.0   13.7   13.7   66.5   13.0    7.6   10.0  830.10    1648     2033
2014-09-02 04:00:00    462945600  ***  ***    0.0    0.0    0.0   14.2   14.2   65.1   13.4    7.7   10.3  830.00    1649     2051
2014-09-02 04:20:00    462946800  ***  ***    0.0    0.0    0.0   13.8   13.8   67.4   13.1    7.8   10.3  830.20    1646     2032
2014-09-02 04:40:00    462948000  ***  ***    0.0    0.0    0.0   13.6   13.6   68.5   13.0    7.9   10.3  830.20    1646     2028
2014-09-02 05:00:00    462949200  ***  ***    0.0    0.0    0.0   13.5   13.5   68.5   12.9    7.8   10.2  830.20    1646     2023
2014-09-02 05:20:00    462950400  ***  ***    0.0    0.0    0.0   13.8   13.8   68.3   13.1    8.1   10.4  830.30    1646     2034
2014-09-02 05:40:00    462951600  ***  ***    0.0    0.0    0.0   14.3   14.3   65.5   13.5    7.9   10.5  830.60    1642     2045
2014-09-02 06:00:00    462952800  ***  ***    0.0    0.0    0.0   14.1   14.1   68.0   13.4    8.3   10.6  830.70    1642     2041
2014-09-02 06:20:00    462954000  ***  ***    0.0    0.0    0.0   14.0   14.0   70.5   13.4    8.7   10.9  830.80    1642     2035
2014-09-02 06:40:00    462955200  ***  ***    0.0    0.0    0.0   15.6   15.6   63.2   14.6    8.6   11.3  830.80    1640     2091
2014-09-02 07:00:00    462956400  ***  ***    0.0    0.0    0.0   16.4   16.4   61.5   15.3    9.0   11.9  830.90    1640     2119
2014-09-02 07:20:00    462957600  ***  ***    0.0    0.0    0.0   17.8   17.8   60.3   16.6   10.0   12.9  830.90    1640     2170
2014-09-02 07:40:00    462958800  ***  ***    0.0    0.0    0.0   19.9   19.9   53.4   19.0   10.1   13.7  830.90    1640     2241
2014-09-02 08:00:00    462960000  ***  ***    0.0    0.0    0.0   24.0   24.0   48.9   23.3   12.6   16.4  830.90    1640     2391
2014-09-02 08:20:00    462961200  ***  ***    0.0    0.0    0.0   23.8   23.8   53.9   23.4   13.9   17.1  830.90    1640     2389
2014-09-02 08:40:00    462962400  ***  ***    0.0    0.0    0.0   25.7   25.7   41.5   24.6   11.7   16.4  831.10    1638     2440
2014-09-02 09:00:00    462963600  ***  ***    0.0    0.0    0.0   27.2   27.2   31.2   25.5    8.7   15.4  830.80    1642     2482
2014-09-02 09:20:00    462964800  ***  ***    0.0    0.0    0.0   29.5   29.5   24.8   27.6    7.3   15.5  831.00    1640     2549
2014-09-02 09:40:00    462966000  ***  ***    0.0    0.0    0.0   29.9   29.9   23.1   27.8    6.6   15.4  831.20    1638     2558
2014-09-02 10:00:00    462967200  ***  ***    1.4    1.4    1.4   27.3   27.3   28.0   25.3    7.2   14.8  831.20    1638     2473
2014-09-02 10:20:00    462968400  ***  ***    0.0    0.0    0.0   29.5   29.5   25.4   27.6    7.7   15.7  831.20    1637     2546
2014-09-02 10:40:00    462969600  ***  ***    0.0    0.0    0.0   29.7   29.7   26.0   27.9    8.2   16.0  831.00    1638     2558
2014-09-02 11:00:00    462970800  ***  ***    0.0    0.0    0.0   29.4   29.4   26.4   27.6    8.2   15.9  830.80    1642     2552
2014-09-02 11:20:00    462972000  ***  ***    0.0    0.0    0.0   29.1   29.1   22.4   26.9    5.5   14.6  830.70    1642     2532
2014-09-02 11:40:00    462973200  ***  ***    0.0    0.0    0.0   29.1   29.1   22.7   26.9    5.7   14.8  830.60    1643     2536
2014-09-02 12:00:00    462974400  ***  ***    1.4    1.4    1.4   29.5   29.5   23.9   27.5    6.8   15.3  830.40    1645     2556
2014-09-02 12:20:00    462975600  ***  ***    0.5    0.5    0.5   29.5   29.5   23.5   27.5    6.5   15.2  830.50    1644     2553
2014-09-02 12:40:00    462976800  ***  ***    0.0    0.0    0.0   31.3   31.3   22.0   29.3    7.1   16.0  830.20    1646     2616
2014-09-02 13:00:00    462978000  ***  ***    0.7    0.7    0.7   29.6   29.6   22.4   27.4    5.9   15.0  830.10    1648     2558
2014-09-02 13:20:00    462979200  ***  ***    0.4    0.4    0.4   31.6   31.6   18.4   29.2    4.7   15.1  830.10    1648     2618
2014-09-02 13:40:00    462980400  ***  ***    0.0    0.0    0.0   32.7   32.7   20.1   30.8    6.9   16.4  829.70    1651     2665
2014-09-02 14:00:00    462981600  ***  ***    0.6    0.6    0.6   32.6   32.6   19.4   30.5    6.3   16.1  829.60    1653     2661
2014-09-02 14:20:00    462982800  ***  ***    0.0    0.0    0.0   31.1   31.1   18.6   28.7    4.4   14.9  829.30    1655     2612
2014-09-02 14:40:00    462984000  ***  ***    1.3    1.3    1.3   31.4   31.4   18.1   28.9    4.4   15.0  829.10    1658     2625
2014-09-02 15:00:00    462985200  ***  ***    0.0    0.0    0.0   31.4   31.4   19.5   29.1    5.4   15.4  828.80    1661     2632
2014-09-02 15:20:00    462986400  ***  ***    0.0    0.0    0.0   31.5   31.5   20.2   29.3    6.0   15.7  828.50    1663     2637
2014-09-02 15:40:00    462987600  ***  ***    0.7    0.7    0.7   30.6   30.6   19.6   28.2    4.8   14.9  828.40    1665     2609
2014-09-02 16:00:00    462988800  ***  ***    0.0    0.0    0.0   30.6   30.6   23.5   28.7    7.4   15.9  828.20    1666     2616
2014-09-02 16:20:00    462990000  ***  ***    0.0    0.0    0.0   30.0   30.0   22.1   27.8    6.1   15.1  827.90    1670     2599
2014-09-02 16:40:00    462991200  ***  ***    0.0    0.0    0.0   29.7   29.7   25.8   27.8    8.1   15.9  827.70    1671     2598
2014-09-02 17:00:00    462992400  ***  ***    0.0    0.0    0.0   28.9   28.9   21.7   26.6    4.9   14.4  827.60    1673     2565
2014-09-02 17:20:00    462993600  ***  ***    0.0    0.0    0.0   27.9   27.9   29.4   26.1    8.4   15.5  827.80    1670     2538
2014-09-02 17:40:00    462994800  ***  ***    0.0    0.0    0.0   26.8   26.8   30.8   25.0    8.2   15.0  827.70    1671     2501
2014-09-02 18:00:00    462996000  ***  ***    0.0    0.0    0.0   24.8   24.8   42.0   23.7   11.1   15.8  827.70    1671     2448
2014-09-02 18:20:00    462997200  ***  ***    0.0    0.0    0.0   23.3   23.3   40.1   22.2    9.0   14.3  827.80    1670     2389
2014-09-02 18:40:00    462998400  ***  ***    0.0    0.0    0.0   21.4   21.4   48.4   20.9   10.1   14.2  828.00    1669     2329
2014-09-02 19:00:00    462999600  ***  ***    0.0    0.0    0.0   20.6   20.6   46.8   19.6    8.8   13.2  828.30    1665     2290
2014-09-02 19:20:00    463000800  ***  ***    0.0    0.0    0.0   19.9   19.9   47.4   18.7    8.4   12.8  828.80    1660     2260
2014-09-02 19:40:00    463002000  ***  ***    0.0    0.0    0.0   19.6   19.6   48.5   18.3    8.4   12.7  829.10    1658     2247
2014-09-02 20:00:00    463003200  ***  ***    0.0    0.0    0.0   19.5   19.5   45.2   18.0    7.3   12.1  829.10    1658     2241
2014-09-02 20:20:00    463004400  ***  ***    0.0    0.0    0.0   19.0   19.0   47.2   17.4    7.5   12.1  829.20    1656     2221
2014-09-02 20:40:00    463005600  ***  ***    0.0    0.0    0.0   18.3   18.3   49.0   16.5    7.4   11.7  829.10    1657     2201
2014-09-02 21:00:00    463006800  ***  ***    0.0    0.0    0.0   18.6   18.6   46.6   16.7    7.0   11.6  829.10    1657     2209
2014-09-02 21:20:00    463008000  ***  ***    0.0    0.0    0.0   17.8   17.8   48.2   15.9    6.7   11.2  829.20    1657     2180
2014-09-02 21:40:00    463009200  ***  ***    0.0    0.0    0.0   17.8   17.8   49.3   16.0    7.1   11.4  829.30    1656     2180
2014-09-02 22:00:00    463010400  ***  ***    0.0    0.0    0.0   17.0   17.0   56.3   15.6    8.3   11.8  829.30    1656     2158
2014-09-02 22:20:00    463011600  ***  ***    0.0    0.0    0.0   16.6   16.6   56.5   15.3    8.0   11.4  829.10    1657     2145
2014-09-02 22:40:00    463012800  ***  ***    0.0    0.0    0.0   16.9   16.9   50.9   15.3    6.7   10.8  829.20    1656     2148
2014-09-02 23:00:00    463014000  ***  ***    0.0    0.0    0.0   16.5   16.5   58.9   15.3    8.4   11.5  829.30    1656     2141
2014-09-02 23:20:00    463015200  ***  ***    0.0    0.0    0.0   16.1   16.1   62.1   15.1    8.8   11.6  829.00    1659     2131
2014-09-02 23:40:00    463016400  ***  ***    0.0    0.0    0.0   17.3   17.3   48.5   15.5    6.3   10.9  828.90    1660     2166
2014-09-03 00:00:00    463017600  ***  ***    0.0    0.0    0.0   16.6   16.6   53.1   15.1    7.0   10.9  829.00    1658     2141
2014-09-03 00:20:00    463018800  ***  ***    0.0    0.0    0.0   15.8   15.8   60.2   14.7    8.1   11.1  829.20    1657     2115
2014-09-03 00:40:00    463020000  ***  ***    0.0    0.0    0.0   14.9   14.9   67.4   14.1    8.9   11.2  829.00    1659     2090
2014-09-03 01:00:00    463021200  ***  ***    0.0    0.0    0.0   15.5   15.5   61.1   14.4    8.1   11.0  829.10    1658     2108
2014-09-03 01:20:00    463022400  ***  ***    0.0    0.0    0.0   14.9   14.9   66.3   14.1    8.7   11.2  828.80    1660     2091
2014-09-03 01:40:00    463023600  ***  ***    0.0    0.0    0.0   14.4   14.4   67.9   13.7    8.6   10.9  828.70    1661     2076
2014-09-03 02:00:00    463024800  ***  ***    0.0    0.0    0.0   13.3   13.3   70.4   12.7    8.0   10.2  828.80    1660     2032
2014-09-03 02:20:00    463026000  ***  ***    0.0    0.0    0.0   13.2   13.2   68.2   12.6    7.5    9.9  828.90    1660     2029
2014-09-03 02:40:00    463027200  ***  ***    0.0    0.0    0.0   14.9   14.9   59.3   13.8    7.0   10.2  828.80    1661     2086
2014-09-03 03:00:00    463028400  ***  ***    0.5    0.5    0.5   15.2   15.2   56.6   14.0    6.7   10.2  828.80    1661     2097
2014-09-03 03:20:00    463029600  ***  ***    0.0    0.0    0.0   15.2   15.2   56.2   13.9    6.6   10.2  828.60    1663     2099
2014-09-03 03:40:00    463030800  ***  ***    0.0    0.0    0.0   14.6   14.6   64.6   13.8    8.0   10.6  828.50    1663     2081
2014-09-03 04:00:00    463032000  ***  ***    0.0    0.0    0.0   13.6   13.6   69.4   13.0    8.1   10.3  828.60    1663     2048
2014-09-03 04:20:00    463033200  ***  ***    0.0    0.0    0.0   12.6   12.6   74.1   12.2    8.1    9.9  828.80    1661     2010
2014-09-03 04:40:00    463034400  ***  ***    0.0    0.0    0.0   14.0   14.0   66.3   13.3    7.8   10.3  828.80    1661     2058
2014-09-03 05:00:00    463035600  ***  ***    0.0    0.0    0.0   13.1   13.1   75.2   12.8    8.9   10.6  828.80    1661     2032
2014-09-03 05:20:00    463036800  ***  ***    0.0    0.0    0.0   13.6   13.6   72.1   13.1    8.7   10.7  829.00    1659     2045
2014-09-03 05:40:00    463038000  ***  ***    0.0    0.0    0.0   13.8   13.8   68.2   13.1    8.0   10.3  828.70    1662     2053
2014-09-03 06:00:00    463039200  ***  ***    0.0    0.0    0.0   13.1   13.1   75.2   12.8    8.9   10.6  828.90    1660     2031
2014-09-03 06:20:00    463040400  ***  ***    0.0    0.0    0.0   12.7   12.7   75.5   12.4    8.5   10.2  828.90    1659     2012
2014-09-03 06:40:00    463041600  ***  ***    0.0    0.0    0.0   13.9   13.9   70.8   13.3    8.7   10.8  829.10    1658     2054
2014-09-03 07:00:00    463042800  ***  ***    0.0    0.0    0.0   15.2   15.2   68.7   14.5    9.5   11.7  828.80    1661     2107
2014-09-03 07:20:00    463044000  ***  ***    0.0    0.0    0.0   16.8   16.8   64.8   15.8   10.1   12.6  829.10    1658     2159
2014-09-03 07:40:00    463045200  ***  ***    0.0    0.0    0.0   18.8   18.8   62.6   17.8   11.5   14.1  828.90    1660     2234
2014-09-03 08:00:00    463046400  ***  ***    0.0    0.0    0.0   21.7   21.7   52.6   21.4   11.6   15.1  828.70    1662     2335
2014-09-03 08:20:00    463047600  ***  ***    0.0    0.0    0.0   23.6   23.6   53.9   23.2   13.7   16.9  828.80    1661     2407
2014-09-03 08:40:00    463048800  ***  ***    0.0    0.0    0.0   25.3   25.3   41.9   24.2   11.4   16.1  828.90    1660     2452
2014-09-03 09:00:00    463050000  ***  ***    0.0    0.0    0.0   26.7   26.7   38.4   25.6   11.3   16.5  828.80    1660     2495
2014-09-03 09:20:00    463051200  ***  ***    0.0    0.0    0.0   29.2   29.2   33.9   28.2   11.7   17.5  829.00    1659     2580
2014-09-03 09:40:00    463052400  ***  ***    0.0    0.0    0.0   29.4   29.4   31.5   28.1   10.8   17.1  829.10    1658     2581
2014-09-03 10:00:00    463053600  ***  ***    0.0    0.0    0.0   30.2   30.2   31.4   29.1   11.4   17.6  828.80    1660     2611
2014-09-03 10:20:00    463054800  ***  ***    0.4    0.4    0.4   29.3   29.3   29.2   27.8    9.6   16.5  828.90    1660     2576
2014-09-03 10:40:00    463056000  ***  ***    1.1    1.1    1.1   29.0   29.0   28.9   27.4    9.2   16.2  828.70    1661     2567
2014-09-03 11:00:00    463057200  ***  ***    0.0    0.0    0.0   28.7   28.7   29.4   27.0    9.1   16.1  828.60    1662     2555
2014-09-03 11:20:00    463058400  ***  ***    0.0    0.0    0.0   29.1   29.1   32.3   27.9   10.9   17.0  828.60    1663     2579
2014-09-03 11:40:00    463059600  ***  ***    0.6    0.6    0.6   27.8   27.8   36.2   26.6   11.5   16.9  828.20    1666     2542
2014-09-03 12:00:00    463060800  ***  ***    0.0    0.0    0.0   29.2   29.2   26.2   27.4    7.9   15.7  828.10    1667     2576
2014-09-03 12:20:00    463062000  ***  ***    0.0    0.0    0.0   29.7   29.7   29.5   28.2   10.0   16.8  827.90    1670     2602
2014-09-03 12:40:00    463063200  ***  ***    0.0    0.0    0.0   29.6   29.6   25.2   27.7    7.6   15.6  827.80    1671     2591
2014-09-03 13:00:00    463064400  ***  ***    1.1    1.1    1.1   28.3   28.3   26.5   26.3    7.2   15.1  827.60    1671     2548
2014-09-03 13:20:00    463065600  ***  ***    0.5    0.5    0.5   28.7   28.7   22.7   26.5    5.4   14.5  827.30    1675     2562
2014-09-03 13:40:00    463066800  ***  ***    0.0    0.0    0.0   31.2   31.2   26.8   29.8    9.9   17.2  827.20    1675     2656
2014-09-03 14:00:00    463068000  ***  ***    0.0    0.0    0.0   29.6   29.6   26.8   27.9    8.5   16.0  827.20    1675     2602
2014-09-03 14:20:00    463069200  ***  ***    0.0    0.0    0.0   28.9   28.9   30.7   27.4   10.0   16.5  826.80    1680     2590
2014-09-03 14:40:00    463070400  ***  ***    0.0    0.0    0.0   27.3   27.3   30.3   25.5    8.3   15.2  826.50    1683     2533
2014-09-03 15:00:00    463071600  ***  ***    0.0    0.0    0.0   26.3   26.3   31.5   24.6    8.0   14.8  826.60    1682     2499
2014-09-03 15:20:00    463072800  ***  ***    0.0    0.0    0.0   21.5   21.5   56.5   21.4   12.5   15.5  827.10    1677     2354
2014-09-03 15:40:00    463074000  ***  ***    0.0    0.0    0.0   21.1   21.1   63.6   21.1   13.9   16.3  826.70    1681     2349
2014-09-03 16:00:00    463075200  ***  ***    0.0    0.0    0.0   25.3   25.3   40.2   24.1   10.8   15.8  826.40    1684     2478
2014-09-03 16:20:00    463076400  ***  ***    0.0    0.0    0.0   25.4   25.4   45.9   24.6   12.9   16.9  826.30    1685     2491
2014-09-03 16:40:00    463077600  ***  ***    0.0    0.0    0.0   27.3   27.3   34.3   25.9   10.2   16.1  826.20    1685     2544
2014-09-03 17:00:00    463078800  ***  ***    0.0    0.0    0.0   26.0   26.0   40.6   25.0   11.6   16.4  826.10    1687     2510
2014-09-03 17:20:00    463080000  ***  ***    0.0    0.0    0.0   24.5   24.5   51.8   24.0   14.0   17.3  826.20    1685     2469
2014-09-03 17:40:00    463081200  ***  ***    0.0    0.0    0.0   23.5   23.5   59.1   23.4   15.1   17.7  826.50    1682     2437
2014-09-03 18:00:00    463082400  ***  ***    0.0    0.0    0.0   22.6   22.6   51.0   22.1   11.9   15.5  826.80    1680     2388
2014-09-03 18:20:00    463083600  ***  ***    0.4    0.4    0.4   22.0   22.0   52.1   21.6   11.8   15.3  826.70    1680     2369
2014-09-03 18:40:00    463084800  ***  ***    1.2    1.2    1.2   20.6   20.6   61.3   20.3   12.9   15.5  826.70    1681     2328
2014-09-03 19:00:00    463086000  ***  ***    0.0    0.0    0.0   20.5   20.5   62.0   20.2   13.0   15.5  826.60    1681     2324
2014-09-03 19:20:00    463087200  ***  ***    0.0    0.0    0.0   20.2   20.2   60.8   19.7   12.3   15.0  826.70    1680     2310
2014-09-03 19:40:00    463088400  ***  ***    0.0    0.0    0.0   19.8   19.8   64.1   19.3   12.8   15.2  827.20    1677     2293
2014-09-03 20:00:00    463089600  ***  ***    0.0    0.0    0.0   20.5   20.5   60.2   20.1   12.5   15.2  827.50    1673     2312
2014-09-03 20:20:00    463090800  ***  ***    0.0    0.0    0.0   19.7   19.7   61.1   19.0   12.0   14.7  827.40    1673     2284
2014-09-03 20:40:00    463092000  ***  ***    0.0    0.0    0.0   19.2   19.2   65.3   18.5   12.5   14.8  827.50    1673     2268
2014-09-03 21:00:00    463093200  ***  ***    0.0    0.0    0.0   20.1   20.1   55.4   19.3   10.9   14.1  827.70    1671     2288
2014-09-03 21:20:00    463094400  ***  ***    0.0    0.0    0.0   19.5   19.5   58.5   18.6   11.1   14.1  828.20    1667     2265
2014-09-03 21:40:00    463095600  ***  ***    0.0    0.0    0.0   19.2   19.2   59.5   18.2   11.2   14.0  827.90    1670     2260
2014-09-03 22:00:00    463096800  ***  ***    0.0    0.0    0.0   18.8   18.8   63.5   17.9   11.7   14.2  827.80    1671     2248
2014-09-03 22:20:00    463098000  ***  ***    0.0    0.0    0.0   18.6   18.6   65.3   17.7   12.0   14.3  827.90    1670     2242
2014-09-03 22:40:00    463099200  ***  ***    0.0    0.0    0.0   18.0   18.0   68.3   17.2   12.0   14.1  828.00    1669     2219
2014-09-03 23:00:00    463100400  ***  ***    0.0    0.0    0.0   17.7   17.7   67.7   16.9   11.6   13.8  828.00    1669     2209
2014-09-03 23:20:00    463101600  ***  ***    0.0    0.0    0.0   17.8   17.8   64.8   16.8   11.1   13.5  827.90    1670     2212
2014-09-03 23:40:00    463102800  ***  ***    0.0    0.0    0.0   17.7   17.7   65.0   16.7   11.0   13.4  827.80    1670     2208
2014-09-04 00:00:00    463104000  ***  ***    0.4    0.4    0.4   17.5   17.5   64.1   16.5   10.6   13.1  827.70    1671     2201
2014-09-04 00:20:00    463105200  ***  ***    0.0    0.0    0.0   17.5   17.5   62.8   16.4   10.3   12.9  827.80    1671     2200
2014-09-04 00:40:00    463106400  ***  ***    0.0    0.0    0.0   17.3   17.3   64.1   16.3   10.5   13.0  827.80    1671     2193
2014-09-04 01:00:00    463107600  ***  ***    0.0    0.0    0.0   16.9   16.9   66.2   16.0   10.6   12.9  827.50    1673     2184
2014-09-04 01:20:00    463108800  ***  ***    0.0    0.0    0.0   16.9   16.9   65.4   15.9   10.4   12.8  827.40    1675     2185
2014-09-04 01:40:00    463110000  ***  ***    0.0    0.0    0.0   17.0   17.0   67.0   16.1   10.8   13.1  827.40    1675     2188
2014-09-04 02:00:00    463111200  ***  ***    0.0    0.0    0.0   16.9   16.9   66.9   16.0   10.8   13.0  827.10    1677     2190
2014-09-04 02:20:00    463112400  ***  ***    0.0    0.0    0.0   16.7   16.7   69.1   15.9   11.0   13.0  827.00    1678     2183
2014-09-04 02:40:00    463113600  ***  ***    0.0    0.0    0.0   16.9   16.9   68.3   16.1   11.0   13.1  827.10    1677     2189
2014-09-04 03:00:00    463114800  ***  ***    0.0    0.0    0.0   16.8   16.8   69.9   16.1   11.3   13.3  827.00    1678     2189
2014-09-04 03:20:00    463116000  ***  ***    0.0    0.0    0.0   16.8   16.8   70.4   16.1   11.4   13.3  826.70    1680     2191
2014-09-04 03:40:00    463117200  ***  ***    0.0    0.0    0.0   17.1   17.1   67.4   16.2   11.0   13.2  826.80    1680     2198
2014-09-04 04:00:00    463118400  ***  ***    0.0    0.0    0.0   15.8   15.8   75.4   15.4   11.5   13.0  826.90    1678     2157
2014-09-04 04:20:00    463119600  ***  ***    0.0    0.0    0.0   15.5   15.5   74.3   15.0   11.0   12.6  826.90    1679     2145
2014-09-04 04:40:00    463120800  ***  ***    0.0    0.0    0.0   16.8   16.8   63.7   15.7    9.9   12.5  827.00    1677     2183
2014-09-04 05:00:00    463122000  ***  ***    0.4    0.4    0.4   17.1   17.1   61.9   16.0    9.8   12.5  826.80    1679     2195
2014-09-04 05:20:00    463123200  ***  ***    0.0    0.0    0.0   17.7   17.7   59.5   16.4    9.7   12.7  827.10    1677     2212
2014-09-04 05:40:00    463124400  ***  ***    0.0    0.0    0.0   17.6   17.6   63.0   16.5   10.5   13.1  827.20    1677     2209
2014-09-04 06:00:00    463125600  ***  ***    0.0    0.0    0.0   21.5   21.5   42.8   20.8    8.3   13.3  827.10    1677     2335
2014-09-04 06:20:00    463126800  ***  ***    0.7    0.7    0.7   21.6   21.6   40.4   20.7    7.6   12.9  827.00    1677     2337
2014-09-04 06:40:00    463128000  ***  ***    1.1    1.1    1.1   20.1   20.1   50.7   19.1    9.5   13.4  827.20    1677     2291
2014-09-04 07:00:00    463129200  ***  ***    0.0    0.0    0.0   19.5   19.5   55.5   18.5   10.4   13.7  827.40    1675     2273
2014-09-04 07:20:00    463130400  ***  ***    0.0    0.0    0.0   18.8   18.8   59.9   17.7   10.9   13.7  827.90    1670     2246
2014-09-04 07:40:00    463131600  ***  ***    0.0    0.0    0.0   18.5   18.5   65.3   17.5   11.9   14.2  827.70    1671     2240
2014-09-04 08:00:00    463132800  ***  ***    0.0    0.0    0.0   19.4   19.4   67.5   18.9   13.2   15.3  827.70    1671     2277
2014-09-04 08:20:00    463134000  ***  ***    0.0    0.0    0.0   22.8   22.8   52.1   22.4   12.5   15.9  827.40    1675     2392
2014-09-04 08:40:00    463135200  ***  ***    0.0    0.0    0.0   22.6   22.6   49.4   22.0   11.5   15.3  827.90    1670     2375
2014-09-04 09:00:00    463136400  ***  ***    0.0    0.0    0.0   22.7   22.7   53.4   22.4   12.7   16.0  827.70    1671     2385
2014-09-04 09:20:00    463137600  ***  ***    0.0    0.0    0.0   24.5   24.5   47.5   23.7   12.6   16.5  827.70    1671     2442
2014-09-04 09:40:00    463138800  ***  ***    0.0    0.0    0.0   27.4   27.4   38.2   26.4   11.9   17.0  827.90    1670     2535
2014-09-04 10:00:00    463140000  ***  ***    0.6    0.6    0.6   28.5   28.5   30.8   26.9    9.6   16.2  828.00    1668     2558
2014-09-04 10:20:00    463141200  ***  ***    0.6    0.6    0.6   26.3   26.3   42.5   25.5   12.5   17.0  828.20    1667     2497
2014-09-04 10:40:00    463142400  ***  ***    0.0    0.0    0.0   26.8   26.8   39.2   25.8   11.8   16.8  828.30    1666     2508
2014-09-04 11:00:00    463143600  ***  ***    0.0    0.0    0.0   26.4   26.4   38.1   25.2   11.0   16.3  828.10    1668     2496
2014-09-04 11:20:00    463144800  ***  ***    0.0    0.0    0.0   27.7   27.7   33.8   26.2   10.3   16.3  828.20    1666     2532
2014-09-04 11:40:00    463146000  ***  ***    0.0    0.0    0.0   28.7   28.7   33.8   27.5   11.2   17.0  827.70    1671     2574
2014-09-04 12:00:00    463147200  ***  ***    0.4    0.4    0.4   29.8   29.8   32.5   28.8   11.6   17.6  827.50    1673     2617
2014-09-04 12:20:00    463148400  ***  ***    0.0    0.0    0.0   29.3   29.3   31.6   28.0   10.8   17.1  827.50    1673     2597
2014-09-04 12:40:00    463149600  ***  ***    0.7    0.7    0.7   30.7   30.7   28.3   29.3   10.2   17.1  827.40    1675     2640
2014-09-04 13:00:00    463150800  ***  ***    0.0    0.0    0.0   28.1   28.1   31.0   26.5    9.4   16.0  827.20    1677     2556
2014-09-04 13:20:00    463152000  ***  ***    0.8    0.8    0.7   29.2   29.2   30.1   27.7    9.9   16.6  827.20    1677     2595
2014-09-04 13:40:00    463153200  ***  ***    0.4    0.4    0.4   28.6   28.6   29.3   26.9    9.0   16.0  826.90    1679     2572
2014-09-04 14:00:00    463154400  ***  ***    0.0    0.0    0.0   29.9   29.9   27.2   28.2    9.0   16.4  826.60    1681     2618
2014-09-04 14:20:00    463155600  ***  ***    0.0    0.0    0.0   31.6   31.6   25.5   30.1    9.5   17.1  826.40    1684     2678
2014-09-04 14:40:00    463156800  ***  ***    0.0    0.0    0.0   28.8   28.8   28.7   27.1    8.8   15.9  826.30    1685     2587
2014-09-04 15:00:00    463158000  ***  ***    0.0    0.0    0.0   30.7   30.7   26.9   29.2    9.5   16.9  826.20    1686     2653
2014-09-04 15:20:00    463159200  ***  ***    0.9    0.9    0.9   30.2   30.2   27.5   28.7    9.5   16.7  825.80    1690     2641
2014-09-04 15:40:00    463160400  ***  ***    0.0    0.0    0.0   30.0   30.0   28.5   28.5    9.8   16.7  825.70    1691     2638
2014-09-04 16:00:00    463161600  ***  ***    0.7    0.7    0.7   29.7   29.7   30.7   28.4   10.7   17.1  825.60    1691     2632
2014-09-04 16:20:00    463162800  ***  ***    0.4    0.4    0.4   29.2   29.2   30.0   27.7    9.8   16.5  825.50    1692     2611
2014-09-04 16:40:00    463164000  ***  ***    0.0    0.0    0.0   29.0   29.0   29.7   27.4    9.6   16.4  825.40    1694     2610
2014-09-04 17:00:00    463165200  ***  ***    0.7    0.7    0.7   28.1   28.1   34.1   26.8   10.8   16.7  825.50    1692     2579
2014-09-04 17:20:00    463166400  ***  ***    0.0    0.0    0.0   27.8   27.8   32.1   26.2    9.7   16.0  825.60    1692     2566
2014-09-04 17:40:00    463167600  ***  ***    0.0    0.0    0.0   27.1   27.1   33.2   25.6    9.5   15.7  826.00    1688     2536
2014-09-04 18:00:00    463168800  ***  ***    0.0    0.0    0.0   25.7   25.7   35.0   24.2    9.1   15.1  826.10    1687     2491
2014-09-04 18:20:00    463170000  ***  ***    0.0    0.0    0.0   24.5   24.5   39.6   23.2    9.8   15.0  826.30    1685     2450
2014-09-04 18:40:00    463171200  ***  ***    0.4    0.4    0.4   22.6   22.6   48.6   22.0   11.2   15.1  827.00    1677     2383
2014-09-04 19:00:00    463172400  ***  ***    0.4    0.4    0.4   19.8   19.8   67.1   19.4   13.6   15.7  828.30    1666     2285
2014-09-04 19:20:00    463173600  ***  ***    0.0    0.0    0.0   17.4   17.4   88.1   17.5   15.4   16.0  828.50    1663     2210
2014-09-04 19:40:00    463174800  ***  ***    0.0    0.0    0.0   16.9   16.9   89.0   17.1   15.1   15.7  829.10    1657     2185
2014-09-04 20:00:00    463176000  ***  ***    0.0    0.0    0.0   16.6   16.6   91.4   16.9   15.2   15.7  829.60    1652     2169
2014-09-04 20:20:00    463177200  ***  ***    0.0    0.0    0.0   16.5   16.5   91.7   16.8   15.1   15.6  829.50    1653     2164
2014-09-04 20:40:00    463178400  ***  ***    0.7    0.7    0.7   16.0   16.0   89.6   16.2   14.3   14.9  829.30    1655     2146
2014-09-04 21:00:00    463179600  ***  ***    0.0    0.0    0.0   15.9   15.9   90.5   16.2   14.3   14.8  829.20    1656     2143
2014-09-04 21:20:00    463180800  ***  ***    0.0    0.0    0.0   15.8   15.8   92.5   16.2   14.6   15.0  829.40    1655     2139
2014-09-04 21:40:00    463182000  ***  ***    0.0    0.0    0.0   15.7   15.7   93.1   16.1   14.6   15.0  829.80    1651     2132
2014-09-04 22:00:00    463183200  ***  ***    0.0    0.0    0.0   15.8   15.8   93.6   16.2   14.8   15.1  830.30    1646     2131
2014-09-04 22:20:00    463184400  ***  ***    0.0    0.0    0.0   15.8   15.8   93.7   16.2   14.8   15.1  830.70    1642     2125
2014-09-04 22:40:00    463185600  ***  ***    0.0    0.0    0.0   15.9   15.9   93.7   16.3   14.9   15.2  830.70    1642     2131
2014-09-04 23:00:00    463186800  ***  ***    0.0    0.0    0.0   16.0   16.0   94.1   16.5   15.1   15.4  830.70    1642     2135
2014-09-04 23:20:00    463188000  ***  ***    0.0    0.0    0.0   16.1   16.1   94.1   16.6   15.2   15.5  830.80    1640     2135
2014-09-04 23:40:00    463189200  ***  ***    0.0    0.0    0.0   16.0   16.0   94.0   16.5   15.0   15.3  830.90    1640     2131
2014-09-05 00:00:00    463190400  ***  ***    0.0    0.0    0.0   15.8   15.8   93.8   16.3   14.8   15.1  830.60    1642     2127
2014-09-05 00:20:00    463191600  ***  ***    0.0    0.0    0.0   15.9   15.9   93.3   16.3   14.9   15.2  830.50    1643     2132
2014-09-05 00:40:00    463192800  ***  ***    0.0    0.0    0.0   15.9   15.9   94.0   16.4   15.0   15.3  830.60    1643     2133
2014-09-05 01:00:00    463194000  ***  ***    0.0    0.0    0.0   15.9   15.9   94.3   16.4   14.9   15.2  830.60    1643     2130
2014-09-05 01:20:00    463195200  ***  ***    0.0    0.0    0.0   15.9   15.9   94.0   16.4   14.9   15.2  830.40    1645     2133
2014-09-05 01:40:00    463196400  ***  ***    0.0    0.0    0.0   15.9   15.9   93.0   16.3   14.8   15.1  830.20    1647     2136
2014-09-05 02:00:00    463197600  ***  ***    0.0    0.0    0.0   15.8   15.8   92.2   16.2   14.5   14.9  830.20    1646     2129
2014-09-05 02:20:00    463198800  ***  ***    0.0    0.0    0.0   15.7   15.7   93.5   16.1   14.7   15.0  830.30    1645     2127
2014-09-05 02:40:00    463200000  ***  ***    0.0    0.0    0.0   15.7   15.7   92.7   16.1   14.5   14.9  830.30    1646     2124
2014-09-05 03:00:00    463201200  ***  ***    0.0    0.0    0.0   15.7   15.7   92.2   16.1   14.4   14.8  829.80    1650     2129
2014-09-05 03:20:00    463202400  ***  ***    0.0    0.0    0.0   15.6   15.6   92.2   16.0   14.3   14.7  829.90    1650     2124
2014-09-05 03:40:00    463203600  ***  ***    0.0    0.0    0.0   15.6   15.6   92.6   16.0   14.4   14.8  829.80    1651     2129
2014-09-05 04:00:00    463204800  ***  ***    0.0    0.0    0.0   15.5   15.5   92.0   15.9   14.2   14.6  829.60    1652     2124
2014-09-05 04:20:00    463206000  ***  ***    0.0    0.0    0.0   15.2   15.2   92.6   15.6   14.0   14.4  829.70    1652     2114
2014-09-05 04:40:00    463207200  ***  ***    0.0    0.0    0.0   14.9   14.9   93.5   15.3   13.8   14.2  830.10    1648     2096
2014-09-05 05:00:00    463208400  ***  ***    0.0    0.0    0.0   15.2   15.2   93.4   15.6   14.1   14.5  830.00    1648     2108
2014-09-05 05:20:00    463209600  ***  ***    0.0    0.0    0.0   15.5   15.5   91.3   15.8   14.1   14.6  830.30    1646     2117
2014-09-05 05:40:00    463210800  ***  ***    0.0    0.0    0.0   15.5   15.5   92.3   15.9   14.3   14.7  830.20    1647     2119
2014-09-05 06:00:00    463212000  ***  ***    0.0    0.0    0.0   15.5   15.5   91.8   15.8   14.2   14.6  830.40    1644     2114
2014-09-05 06:20:00    463213200  ***  ***    0.0    0.0    0.0   14.9   14.9   93.7   15.3   13.9   14.2  830.40    1644     2093
2014-09-05 06:40:00    463214400  ***  ***    0.0    0.0    0.0   14.9   14.9   93.3   15.3   13.8   14.2  830.70    1642     2089
2014-09-05 07:00:00    463215600  ***  ***    0.0    0.0    0.0   15.2   15.2   93.5   15.6   14.1   14.5  830.90    1640     2098
2014-09-05 07:20:00    463216800  ***  ***    0.0    0.0    0.0   15.8   15.8   91.7   16.1   14.5   14.9  830.90    1640     2122
2014-09-05 07:40:00    463218000  ***  ***    0.0    0.0    0.0   17.0   17.0   86.5   17.1   14.7   15.4  830.80    1640     2164
2014-09-05 08:00:00    463219200  ***  ***    0.0    0.0    0.0   18.3   18.3   80.1   18.1   14.8   15.9  831.10    1638     2205
2014-09-05 08:20:00    463220400  ***  ***    0.0    0.0    0.0   19.6   19.6   73.2   19.5   14.7   16.3  831.10    1638     2249
2014-09-05 08:40:00    463221600  ***  ***    0.0    0.0    0.0   20.8   20.8   69.0   20.9   14.9   16.8  831.10    1638     2288
2014-09-05 09:00:00    463222800  ***  ***    0.0    0.0    0.0   22.0   22.0   66.5   22.3   15.5   17.5  831.30    1637     2331
2014-09-05 09:20:00    463224000  ***  ***    1.8    1.8    1.8   22.4   22.4   63.6   22.6   15.2   17.4  831.40    1635     2343
2014-09-05 09:40:00    463225200  ***  ***    0.0    0.0    0.0   23.3   23.3   61.4   23.3   15.5   17.9  831.50    1635     2373
2014-09-05 10:00:00    463226400  ***  ***    0.0    0.0    0.0   22.0   22.0   60.0   22.0   13.9   16.5  831.60    1633     2321
2014-09-05 10:20:00    463227600  ***  ***    0.0    0.0    0.0   22.5   22.5   59.7   22.4   14.3   16.9  831.70    1632     2337
2014-09-05 10:40:00    463228800  ***  ***    0.0    0.0    0.0   21.7   21.7   66.3   22.0   15.1   17.2  831.60    1633     2316
2014-09-05 11:00:00    463230000  ***  ***    0.0    0.0    0.0   22.3   22.3   62.7   22.4   14.9   17.2  831.70    1632     2334
2014-09-05 11:20:00    463231200  ***  ***    0.0    0.0    0.0   22.0   22.0   65.1   22.2   15.2   17.3  831.50    1635     2328
2014-09-05 11:40:00    463232400  ***  ***    0.0    0.0    0.0   23.4   23.4   57.7   23.2   14.6   17.3  831.20    1638     2377
2014-09-05 12:00:00    463233600  ***  ***    0.0    0.0    0.0   23.8   23.8   57.8   23.6   15.0   17.7  831.10    1638     2392
2014-09-05 12:20:00    463234800  ***  ***    0.0    0.0    0.0   23.3   23.3   56.0   23.0   14.1   17.0  831.00    1640     2373
2014-09-05 12:40:00    463236000  ***  ***    0.0    0.0    0.0   22.8   22.8   58.4   22.7   14.2   16.9  831.10    1638     2353
2014-09-05 13:00:00    463237200  ***  ***    0.0    0.0    0.0   24.3   24.3   55.7   24.0   14.9   17.8  830.90    1640     2412
2014-09-05 13:20:00    463238400  ***  ***    0.0    0.0    0.0   26.2   26.2   50.1   26.0   15.0   18.4  830.80    1640     2473
2014-09-05 13:40:00    463239600  ***  ***    0.9    0.9    0.9   23.1   23.1   56.2   22.9   13.9   16.8  830.80    1642     2366
2014-09-05 14:00:00    463240800  ***  ***    0.0    0.0    0.0   27.5   27.5   45.5   27.2   14.7   18.6  830.40    1645     2521
2014-09-05 14:20:00    463242000  ***  ***    1.2    1.2    1.2   24.2   24.2   52.3   23.7   13.9   17.2  830.20    1647     2411
2014-09-05 14:40:00    463243200  ***  ***    0.0    0.0    0.0   27.6   27.6   45.5   27.3   14.8   18.7  829.70    1651     2530
2014-09-05 15:00:00    463244400  ***  ***    0.0    0.0    0.0   25.5   25.5   47.9   24.9   13.7   17.4  829.60    1653     2459
2014-09-05 15:20:00    463245600  ***  ***    0.0    0.0    0.0   25.2   25.2   50.0   24.7   14.0   17.5  829.50    1653     2451
2014-09-05 15:40:00    463246800  ***  ***    0.0    0.0    0.0   25.0   25.0   51.9   24.6   14.4   17.7  829.50    1653     2447
2014-09-05 16:00:00    463248000  ***  ***    0.0    0.0    0.0   24.9   24.9   48.1   24.1   13.2   17.0  829.60    1652     2437
2014-09-05 16:20:00    463249200  ***  ***    0.0    0.0    0.0   24.4   24.4   56.5   24.1   15.2   18.0  829.70    1651     2430
2014-09-05 16:40:00    463250400  ***  ***    0.0    0.0    0.0   24.1   24.1   54.5   23.7   14.4   17.4  829.40    1654     2419
2014-09-05 17:00:00    463251600  ***  ***    0.0    0.0    0.0   23.4   23.4   59.9   23.3   15.1   17.7  829.20    1656     2400
2014-09-05 17:20:00    463252800  ***  ***    0.0    0.0    0.0   23.8   23.8   57.1   23.6   14.8   17.6  829.40    1655     2413
2014-09-05 17:40:00    463254000  ***  ***    0.0    0.0    0.0   22.6   22.6   66.6   22.9   16.1   18.1  829.40    1654     2378
2014-09-05 18:00:00    463255200  ***  ***    0.0    0.0    0.0   21.6   21.6   69.2   22.0   15.7   17.5  829.70    1651     2338
2014-09-05 18:20:00    463256400  ***  ***    0.0    0.0    0.0   20.6   20.6   71.3   20.7   15.2   16.9  829.80    1651     2302
2014-09-05 18:40:00    463257600  ***  ***    0.0    0.0    0.0   19.7   19.7   73.6   19.6   14.8   16.4  830.10    1648     2265
2014-09-05 19:00:00    463258800  ***  ***    0.0    0.0    0.0   19.1   19.1   75.3   18.9   14.6   16.0  830.40    1645     2241
2014-09-05 19:20:00    463260000  ***  ***    0.0    0.0    0.0   18.7   18.7   74.5   18.3   14.1   15.6  830.60    1643     2223
2014-09-05 19:40:00    463261200  ***  ***    0.0    0.0    0.0   18.8   18.8   70.6   18.2   13.3   15.1  830.90    1640     2218
2014-09-05 20:00:00    463262400  ***  ***    0.0    0.0    0.0   18.0   18.0   75.1   17.6   13.5   15.0  831.10    1638     2188
2014-09-05 20:20:00    463263600  ***  ***    0.0    0.0    0.0   17.6   17.6   76.2   17.2   13.4   14.8  831.30    1637     2174
2014-09-05 20:40:00    463264800  ***  ***    0.0    0.0    0.0   17.7   17.7   75.2   17.3   13.2   14.8  831.40    1635     2175
2014-09-05 21:00:00    463266000  ***  ***    0.0    0.0    0.0   17.3   17.3   76.9   17.0   13.2   14.6  831.70    1632     2155
2014-09-05 21:20:00    463267200  ***  ***    0.4    0.4    0.4   17.4   17.4   72.9   16.8   12.5   14.2  831.70    1632     2157
2014-09-05 21:40:00    463268400  ***  ***    0.0    0.0    0.0   17.5   17.5   73.1   16.9   12.7   14.4  832.00    1629     2158
2014-09-05 22:00:00    463269600  ***  ***    0.0    0.0    0.0   17.6   17.6   75.1   17.2   13.2   14.7  831.90    1631     2166
2014-09-05 22:20:00    463270800  ***  ***    0.0    0.0    0.0   17.4   17.4   76.1   17.0   13.2   14.7  832.00    1630     2159
2014-09-05 22:40:00    463272000  ***  ***    0.0    0.0    0.0   16.9   16.9   79.3   16.7   13.3   14.5  831.90    1631     2141
2014-09-05 23:00:00    463273200  ***  ***    0.0    0.0    0.0   16.8   16.8   79.4   16.6   13.2   14.4  832.00    1629     2135
2014-09-05 23:20:00    463274400  ***  ***    0.0    0.0    0.0   16.9   16.9   79.4   16.7   13.3   14.5  832.00    1630     2141
2014-09-05 23:40:00    463275600  ***  ***    0.0    0.0    0.0   17.6   17.6   74.7   17.1   13.1   14.7  832.00    1630     2165
2014-09-06 00:00:00    463276800  ***  ***    0.0    0.0    0.0   17.3   17.3   76.9   17.0   13.2   14.6  831.90    1630     2153
2014-09-06 00:20:00    463278000  ***  ***    0.0    0.0    0.0   16.8   16.8   79.8   16.6   13.3   14.5  832.00    1629     2135
2014-09-06 00:40:00    463279200  ***  ***    0.0    0.0    0.0   16.7   16.7   79.8   16.5   13.2   14.4  832.00    1629     2132
2014-09-06 01:00:00    463280400  ***  ***    0.0    0.0    0.0   16.5   16.5   81.8   16.4   13.4   14.5  832.10    1629     2128
2014-09-06 01:20:00    463281600  ***  ***    0.0    0.0    0.0   16.1   16.1   83.7   16.1   13.3   14.3  832.00    1630     2113
2014-09-06 01:40:00    463282800  ***  ***    0.0    0.0    0.0   16.0   16.0   83.9   16.0   13.3   14.2  831.80    1632     2111
2014-09-06 02:00:00    463284000  ***  ***    0.0    0.0    0.0   16.0   16.0   83.8   16.0   13.2   14.2  831.80    1632     2111
2014-09-06 02:20:00    463285200  ***  ***    0.0    0.0    0.0   16.1   16.1   82.9   16.1   13.2   14.2  831.80    1632     2115
2014-09-06 02:40:00    463286400  ***  ***    0.0    0.0    0.0   15.5   15.5   85.8   15.5   13.2   14.0  831.90    1630     2093
2014-09-06 03:00:00    463287600  ***  ***    0.0    0.0    0.0   16.0   16.0   83.3   16.0   13.1   14.1  831.60    1633     2113
2014-09-06 03:20:00    463288800  ***  ***    0.0    0.0    0.0   15.8   15.8   84.0   15.8   13.1   14.0  831.50    1633     2108
2014-09-06 03:40:00    463290000  ***  ***    0.0    0.0    0.0   15.8   15.8   84.8   15.8   13.3   14.2  831.70    1633     2107
2014-09-06 04:00:00    463291200  ***  ***    0.0    0.0    0.0   16.2   16.2   82.2   16.1   13.2   14.2  831.60    1633     2122
2014-09-06 04:20:00    463292400  ***  ***    0.0    0.0    0.0   15.9   15.9   83.9   15.9   13.2   14.1  831.60    1633     2112
2014-09-06 04:40:00    463293600  ***  ***    0.0    0.0    0.0   16.0   16.0   82.8   16.0   13.0   14.0  831.90    1631     2109
2014-09-06 05:00:00    463294800  ***  ***    0.0    0.0    0.0   15.5   15.5   85.4   15.5   13.1   13.9  831.90    1631     2093
2014-09-06 05:20:00    463296000  ***  ***    0.0    0.0    0.0   15.5   15.5   85.0   15.5   13.0   13.9  831.80    1632     2093
2014-09-06 05:40:00    463297200  ***  ***    0.0    0.0    0.0   14.5   14.5   89.0   14.7   12.8   13.4  831.90    1630     2057
2014-09-06 06:00:00    463298400  ***  ***    0.0    0.0    0.0   14.6   14.6   89.0   14.8   12.8   13.4  831.80    1631     2059
2014-09-06 06:20:00    463299600  ***  ***    0.0    0.0    0.0   14.9   14.9   87.8   15.0   12.9   13.6  832.00    1629     2070
2014-09-06 06:40:00    463300800  ***  ***    0.0    0.0    0.0   16.2   16.2   82.7   16.2   13.2   14.2  832.20    1627     2112
2014-09-06 07:00:00    463302000  ***  ***    0.0    0.0    0.0   16.6   16.6   84.9   16.6   14.0   14.9  832.20    1628     2131
2014-09-06 07:20:00    463303200  ***  ***    0.0    0.0    0.0   18.1   18.1   78.2   17.8   14.2   15.5  832.30    1627     2182
2014-09-06 07:40:00    463304400  ***  ***    0.0    0.0    0.0   19.4   19.4   78.0   19.4   15.4   16.7  832.20    1627     2231
2014-09-06 08:00:00    463305600  ***  ***    0.0    0.0    0.0   20.9   20.9   69.6   21.0   15.2   17.0  832.40    1626     2281
2014-09-06 08:20:00    463306800  ***  ***    0.6    0.6    0.6   21.6   21.6   67.5   21.9   15.3   17.3  832.60    1624     2303
2014-09-06 08:40:00    463308000  ***  ***    0.0    0.0    0.0   21.7   21.7   68.5   22.0   15.7   17.5  832.50    1624     2309
2014-09-06 09:00:00    463309200  ***  ***    0.0    0.0    0.0   23.7   23.7   60.8   23.7   15.7   18.1  832.50    1625     2376
2014-09-06 09:20:00    463310400  ***  ***    0.5    0.5    0.5   23.6   23.6   58.3   23.4   15.0   17.7  832.50    1625     2369
2014-09-06 09:40:00    463311600  ***  ***    0.0    0.0    0.0   23.8   23.8   57.0   23.6   14.8   17.6  832.40    1625     2376
2014-09-06 10:00:00    463312800  ***  ***    0.0    0.0    0.0   24.2   24.2   55.5   23.9   14.8   17.7  832.30    1626     2388
2014-09-06 10:20:00    463314000  ***  ***    1.0    1.0    1.0   24.0   24.0   54.2   23.6   14.2   17.3  832.40    1626     2379
2014-09-06 10:40:00    463315200  ***  ***    0.0    0.0    0.0   25.7   25.7   51.7   25.5   15.0   18.3  832.30    1627     2440
2014-09-06 11:00:00    463316400  ***  ***    0.0    0.0    0.0   24.3   24.3   54.5   23.9   14.6   17.6  832.20    1627     2393
2014-09-06 11:20:00    463317600  ***  ***    0.5    0.5    0.5   25.0   25.0   53.3   24.6   14.9   18.0  832.10    1629     2419
2014-09-06 11:40:00    463318800  ***  ***    0.0    0.0    0.0   24.3   24.3   53.2   23.8   14.2   17.4  831.60    1633     2396
2014-09-06 12:00:00    463320000  ***  ***    0.0    0.0    0.0   26.7   26.7   48.0   26.4   14.7   18.4  831.50    1635     2480
2014-09-06 12:20:00    463321200  ***  ***    0.5    0.5    0.5   24.5   24.5   53.8   24.1   14.5   17.6  831.50    1635     2408
2014-09-06 12:40:00    463322400  ***  ***    0.5    0.5    0.5   22.7   22.7   60.0   22.7   14.5   17.1  831.70    1632     2344
2014-09-06 13:00:00    463323600  ***  ***    0.5    0.5    0.5   22.3   22.3   59.3   22.2   14.0   16.7  831.90    1631     2327
2014-09-06 13:20:00    463324800  ***  ***    0.0    0.0    0.0   21.0   21.0   68.1   21.1   14.9   16.8  831.90    1631     2289
2014-09-06 13:40:00    463326000  ***  ***    0.0    0.0    0.0   20.9   20.9   68.0   20.9   14.8   16.7  831.90    1630     2283
2014-09-06 14:00:00    463327200  ***  ***    0.0    0.0    0.0   21.1   21.1   69.0   21.3   15.1   17.0  831.80    1632     2292
2014-09-06 14:20:00    463328400  ***  ***    0.0    0.0    0.0   21.0   21.0   72.9   21.3   16.0   17.5  831.40    1635     2300
2014-09-06 14:40:00    463329600  ***  ***    0.0    0.0    0.0   21.5   21.5   71.9   21.9   16.2   17.8  831.20    1637     2318
2014-09-06 15:00:00    463330800  ***  ***    0.0    0.0    0.0   22.0   22.0   66.9   22.3   15.6   17.6  831.20    1638     2334
2014-09-06 15:20:00    463332000  ***  ***    0.0    0.0    0.0   22.3   22.3   65.6   22.5   15.6   17.6  830.80    1640     2348
2014-09-06 15:40:00    463333200  ***  ***    0.0    0.0    0.0   22.2   22.2   68.6   22.5   16.2   18.0  830.70    1642     2350
2014-09-06 16:00:00    463334400  ***  ***    0.0    0.0    0.0   22.1   22.1   69.6   22.5   16.3   18.0  830.50    1643     2350
2014-09-06 16:20:00    463335600  ***  ***    0.0    0.0    0.0   21.8   21.8   72.0   22.3   16.5   18.1  830.50    1643     2338
2014-09-06 16:40:00    463336800  ***  ***    0.0    0.0    0.0   21.9   21.9   72.1   22.4   16.6   18.2  830.40    1645     2344
2014-09-06 17:00:00    463338000  ***  ***    0.0    0.0    0.0   21.4   21.4   73.1   21.8   16.4   17.9  830.40    1645     2327
2014-09-06 17:20:00    463339200  ***  ***    0.0    0.0    0.0   21.5   21.5   73.8   22.0   16.6   18.1  830.70    1642     2329
2014-09-06 17:40:00    463340400  ***  ***    0.0    0.0    0.0   20.8   20.8   76.7   21.1   16.5   17.8  830.40    1644     2306
2014-09-06 18:00:00    463341600  ***  ***    0.0    0.0    0.0   20.2   20.2   79.0   20.5   16.4   17.6  830.40    1645     2285
2014-09-06 18:20:00    463342800  ***  ***    0.0    0.0    0.0   19.5   19.5   82.3   19.7   16.4   17.3  830.50    1644     2262
2014-09-06 18:40:00    463344000  ***  ***    0.0    0.0    0.0   18.9   18.9   85.2   19.1   16.3   17.1  830.60    1642     2237
2014-09-06 19:00:00    463345200  ***  ***    0.0    0.0    0.0   18.4   18.4   86.4   18.6   16.1   16.8  831.00    1640     2218
2014-09-06 19:20:00    463346400  ***  ***    0.0    0.0    0.0   18.2   18.2   87.4   18.3   16.0   16.7  831.30    1637     2205
2014-09-06 19:40:00    463347600  ***  ***    0.0    0.0    0.0   18.0   18.0   88.1   18.1   16.0   16.6  831.60    1633     2198
2014-09-06 20:00:00    463348800  ***  ***    0.0    0.0    0.0   17.9   17.9   88.9   18.1   16.1   16.7  831.90    1631     2191
2014-09-06 20:20:00    463350000  ***  ***    0.0    0.0    0.0   18.0   18.0   88.7   18.2   16.1   16.7  832.10    1629     2190
2014-09-06 20:40:00    463351200  ***  ***    0.0    0.0    0.0   17.7   17.7   89.4   17.9   15.9   16.5  832.00    1629     2179
2014-09-06 21:00:00    463352400  ***  ***    0.0    0.0    0.0   17.4   17.4   90.0   17.7   15.7   16.2  832.20    1628     2166
2014-09-06 21:20:00    463353600  ***  ***    0.0    0.0    0.0   17.1   17.1   90.2   17.4   15.5   16.0  832.40    1626     2153
2014-09-06 21:40:00    463354800  ***  ***    0.0    0.0    0.0   16.9   16.9   90.3   17.2   15.3   15.8  832.20    1627     2147
2014-09-06 22:00:00    463356000  ***  ***    0.0    0.0    0.0   16.8   16.8   90.4   17.1   15.2   15.7  832.20    1628     2145
2014-09-06 22:20:00    463357200  ***  ***    0.0    0.0    0.0   16.4   16.4   91.1   16.7   15.0   15.5  832.20    1628     2131
2014-09-06 22:40:00    463358400  ***  ***    0.0    0.0    0.0   16.2   16.2   91.3   16.5   14.8   15.2  832.30    1627     2121
2014-09-06 23:00:00    463359600  ***  ***    0.0    0.0    0.0   16.0   16.0   91.8   16.3   14.7   15.1  832.10    1629     2116
2014-09-06 23:20:00    463360800  ***  ***    0.0    0.0    0.0   16.0   16.0   92.2   16.4   14.7   15.1  832.10    1629     2114
2014-09-06 23:40:00    463362000  ***  ***    0.0    0.0    0.0   15.8   15.8   91.9   16.2   14.5   14.9  831.80    1632     2113
2014-09-07 00:00:00    463363200  ***  ***    0.0    0.0    0.0   16.1   16.1   91.8   16.4   14.8   15.2  831.90    1630     2120
2014-09-07 00:20:00    463364400  ***  ***    0.0    0.0    0.0   16.1   16.1   91.7   16.4   14.8   15.2  831.70    1633     2124
2014-09-07 00:40:00    463365600  ***  ***    0.8    0.8    0.8   15.7   15.7   92.5   16.1   14.5   14.9  831.60    1633     2109
2014-09-07 01:00:00    463366800  ***  ***    0.0    0.0    0.0   15.6   15.6   92.4   16.0   14.4   14.8  831.70    1633     2106
2014-09-07 01:20:00    463368000  ***  ***    0.0    0.0    0.0   15.7   15.7   92.2   16.1   14.4   14.8  831.40    1635     2109
2014-09-07 01:40:00    463369200  ***  ***    0.0    0.0    0.0   16.1   16.1   91.6   16.4   14.7   15.1  831.30    1635     2128
2014-09-07 02:00:00    463370400  ***  ***    0.0    0.0    0.0   16.0   16.0   91.8   16.3   14.6   15.0  831.30    1635     2123
2014-09-07 02:20:00    463371600  ***  ***    0.0    0.0    0.0   16.2   16.2   92.0   16.6   14.9   15.3  831.20    1638     2135
2014-09-07 02:40:00    463372800  ***  ***    0.0    0.0    0.0   15.9   15.9   93.1   16.3   14.8   15.1  831.20    1637     2123
2014-09-07 03:00:00    463374000  ***  ***    0.0    0.0    0.0   15.8   15.8   92.7   16.2   14.6   15.0  831.20    1638     2120
2014-09-07 03:20:00    463375200  ***  ***    0.0    0.0    0.0   15.7   15.7   93.0   16.1   14.6   15.0  830.90    1640     2119
2014-09-07 03:40:00    463376400  ***  ***    0.0    0.0    0.0   15.1   15.1   94.1   15.5   14.2   14.5  830.80    1642     2099
2014-09-07 04:00:00    463377600  ***  ***    0.0    0.0    0.0   14.9   14.9   94.6   15.3   14.0   14.3  830.90    1640     2089
2014-09-07 04:20:00    463378800  ***  ***    0.0    0.0    0.0   15.1   15.1   93.9   15.5   14.2   14.5  831.00    1640     2096
2014-09-07 04:40:00    463380000  ***  ***    0.0    0.0    0.0   15.2   15.2   93.9   15.6   14.3   14.6  830.70    1642     2102
2014-09-07 05:00:00    463381200  ***  ***    0.0    0.0    0.0   15.1   15.1   94.4   15.5   14.2   14.5  830.40    1645     2102
2014-09-07 05:20:00    463382400  ***  ***    0.0    0.0    0.0   15.1   15.1   94.3   15.5   14.2   14.5  830.90    1640     2094
2014-09-07 05:40:00    463383600  ***  ***    0.0    0.0    0.0   15.2   15.2   94.3   15.6   14.3   14.6  830.90    1640     2101
2014-09-07 06:00:00    463384800  ***  ***    0.0    0.0    0.0   15.1   15.1   94.7   15.5   14.2   14.5  830.70    1642     2099
2014-09-07 06:20:00    463386000  ***  ***    0.0    0.0    0.0   15.3   15.3   94.1   15.8   14.3   14.6  830.90    1640     2103
2014-09-07 06:40:00    463387200  ***  ***    0.0    0.0    0.0   15.8   15.8   93.9   16.3   14.8   15.1  831.40    1635     2118
2014-09-07 07:00:00    463388400  ***  ***    0.0    0.0    0.0   17.3   17.3   91.0   17.6   15.8   16.3  831.30    1637     2175
2014-09-07 07:20:00    463389600  ***  ***    1.1    1.1    1.1   18.3   18.3   81.5   18.2   15.1   16.1  831.50    1635     2202
2014-09-07 07:40:00    463390800  ***  ***    0.5    0.5    0.5   18.6   18.6   80.0   18.4   15.1   16.2  831.50    1635     2211
2014-09-07 08:00:00    463392000  ***  ***    0.0    0.0    0.0   18.5   18.5   79.7   18.3   14.9   16.0  831.50    1633     2208
2014-09-07 08:20:00    463393200  ***  ***    0.0    0.0    0.0   18.6   18.6   77.7   18.3   14.6   15.9  831.80    1632     2208
2014-09-07 08:40:00    463394400  ***  ***    0.0    0.0    0.0   19.4   19.4   76.1   19.3   15.1   16.5  832.00    1630     2235
2014-09-07 09:00:00    463395600  ***  ***    0.0    0.0    0.0   20.0   20.0   72.7   19.9   15.0   16.6  831.90    1631     2255
2014-09-07 09:20:00    463396800  ***  ***    0.5    0.5    0.5   21.8   21.8   67.2   22.1   15.5   17.4  832.10    1628     2316
2014-09-07 09:40:00    463398000  ***  ***    0.0    0.0    0.0   22.0   22.0   67.6   22.3   15.7   17.6  832.10    1628     2322
2014-09-07 10:00:00    463399200  ***  ***    0.0    0.0    0.0   23.1   23.1   60.7   23.1   15.1   17.6  832.00    1630     2358
2014-09-07 10:20:00    463400400  ***  ***    0.0    0.0    0.0   21.9   21.9   65.4   22.1   15.1   17.2  832.00    1630     2318
2014-09-07 10:40:00    463401600  ***  ***    0.0    0.0    0.0   22.2   22.2   66.0   22.5   15.5   17.6  832.10    1629     2328
2014-09-07 11:00:00    463402800  ***  ***    0.0    0.0    0.0   23.4   23.4   61.5   23.5   15.6   18.0  832.00    1629     2370
2014-09-07 11:20:00    463404000  ***  ***    0.0    0.0    0.0   22.8   22.8   62.1   22.9   15.1   17.5  831.80    1631     2349
2014-09-07 11:40:00    463405200  ***  ***    0.0    0.0    0.0   23.4   23.4   59.7   23.3   15.1   17.7  831.50    1633     2374
2014-09-07 12:00:00    463406400  ***  ***    0.0    0.0    0.0   23.4   23.4   59.5   23.3   15.0   17.6  831.50    1635     2373
2014-09-07 12:20:00    463407600  ***  ***    0.0    0.0    0.0   24.5   24.5   56.5   24.2   15.3   18.1  831.20    1637     2414
2014-09-07 12:40:00    463408800  ***  ***    0.0    0.0    0.0   23.5   23.5   58.8   23.4   15.0   17.6  830.70    1642     2385
2014-09-07 13:00:00    463410000  ***  ***    0.0    0.0    0.0   23.8   23.8   56.8   23.6   14.7   17.5  830.70    1642     2394
2014-09-07 13:20:00    463411200  ***  ***    0.0    0.0    0.0   23.8   23.8   58.5   23.7   15.2   17.9  830.50    1644     2401
2014-09-07 13:40:00    463412400  ***  ***    0.0    0.0    0.0   23.3   23.3   61.7   23.4   15.6   17.9  830.20    1646     2389
2014-09-07 14:00:00    463413600  ***  ***    0.0    0.0    0.0   22.6   22.6   62.8   22.7   15.2   17.5  830.00    1649     2367
2014-09-07 14:20:00    463414800  ***  ***    0.0    0.0    0.0   22.7   22.7   63.8   22.9   15.5   17.7  829.80    1651     2374
2014-09-07 14:40:00    463416000  ***  ***    0.0    0.0    0.0   26.0   26.0   52.0   25.9   15.4   18.6  829.20    1656     2489
2014-09-07 15:00:00    463417200  ***  ***    0.0    0.0    0.0   26.0   26.0   52.2   25.9   15.4   18.6  829.10    1657     2489
2014-09-07 15:20:00    463418400  ***  ***    0.4    0.4    0.4   24.2   24.2   55.7   23.9   14.8   17.7  829.20    1657     2426
2014-09-07 15:40:00    463419600  ***  ***    0.0    0.0    0.0   23.5   23.5   56.6   23.2   14.4   17.2  828.80    1661     2408
2014-09-07 16:00:00    463420800  ***  ***    0.0    0.0    0.0   23.0   23.0   57.9   22.9   14.3   17.0  828.80    1661     2388
2014-09-07 16:20:00    463422000  ***  ***    0.0    0.0    0.0   22.8   22.8   60.2   22.8   14.7   17.2  828.70    1662     2385
2014-09-07 16:40:00    463423200  ***  ***    0.0    0.0    0.0   22.6   22.6   59.7   22.5   14.4   17.0  828.60    1663     2381
2014-09-07 17:00:00    463424400  ***  ***    0.0    0.0    0.0   23.0   23.0   61.1   23.0   15.1   17.6  828.70    1662     2393
2014-09-07 17:20:00    463425600  ***  ***    0.0    0.0    0.0   22.4   22.4   62.5   22.5   14.9   17.2  828.70    1662     2372
2014-09-07 17:40:00    463426800  ***  ***    0.0    0.0    0.0   21.3   21.3   68.9   21.5   15.3   17.2  828.80    1661     2337
2014-09-07 18:00:00    463428000  ***  ***    0.0    0.0    0.0   20.4   20.4   70.3   20.4   14.8   16.5  829.00    1658     2302
2014-09-07 18:20:00    463429200  ***  ***    0.0    0.0    0.0   19.5   19.5   74.8   19.3   14.9   16.4  829.10    1657     2270
2014-09-07 18:40:00    463430400  ***  ***    0.0    0.0    0.0   18.5   18.5   79.3   18.3   14.8   16.0  829.20    1657     2235
2014-09-07 19:00:00    463431600  ***  ***    0.0    0.0    0.0   17.8   17.8   80.3   17.6   14.4   15.5  829.50    1654     2208
2014-09-07 19:20:00    463432800  ***  ***    0.0    0.0    0.0   17.2   17.2   82.2   17.1   14.1   15.1  829.60    1653     2182
2014-09-07 19:40:00    463434000  ***  ***    0.0    0.0    0.0   16.6   16.6   83.5   16.6   13.9   14.8  829.90    1649     2159
2014-09-07 20:00:00    463435200  ***  ***    0.0    0.0    0.0   16.4   16.4   84.6   16.4   13.8   14.7  830.30    1646     2148
2014-09-07 20:20:00    463436400  ***  ***    0.0    0.0    0.0   16.0   16.0   86.4   16.1   13.8   14.6  830.00    1649     2137
2014-09-07 20:40:00    463437600  ***  ***    0.0    0.0    0.0   15.8   15.8   86.3   15.9   13.5   14.3  830.60    1643     2121
2014-09-07 21:00:00    463438800  ***  ***    0.0    0.0    0.0   15.9   15.9   86.3   16.0   13.7   14.5  830.50    1644     2128
2014-09-07 21:20:00    463440000  ***  ***    0.0    0.0    0.0   15.3   15.3   87.9   15.4   13.3   14.0  830.70    1642     2102
2014-09-07 21:40:00    463441200  ***  ***    0.0    0.0    0.0   16.1   16.1   84.4   16.1   13.5   14.4  830.70    1642     2130
2014-09-07 22:00:00    463442400  ***  ***    0.0    0.0    0.0   15.8   15.8   86.5   15.9   13.5   14.3  830.70    1642     2117
2014-09-07 22:20:00    463443600  ***  ***    0.0    0.0    0.0   16.1   16.1   84.9   16.1   13.6   14.5  831.00    1640     2129
2014-09-07 22:40:00    463444800  ***  ***    0.0    0.0    0.0   15.8   15.8   86.9   15.9   13.6   14.4  831.00    1640     2118
2014-09-07 23:00:00    463446000  ***  ***    0.0    0.0    0.0   16.1   16.1   86.7   16.2   13.9   14.7  830.70    1642     2131
2014-09-07 23:20:00    463447200  ***  ***    0.0    0.0    0.0   15.9   15.9   85.4   15.9   13.5   14.3  830.80    1640     2121
2014-09-07 23:40:00    463448400  ***  ***    0.0    0.0    0.0   16.3   16.3   85.9   16.3   14.0   14.8  830.80    1640     2137
2014-09-08 00:00:00    463449600  ***  ***    0.0    0.0    0.0   16.7   16.7   84.4   16.7   14.0   14.9  830.80    1642     2150
2014-09-08 00:20:00    463450800  ***  ***    0.0    0.0    0.0   16.6   16.6   85.5   16.6   14.2   15.0  830.60    1643     2152
2014-09-08 00:40:00    463452000  ***  ***    0.0    0.0    0.0   16.9   16.9   86.3   17.0   14.5   15.3  830.50    1643     2162
2014-09-08 01:00:00    463453200  ***  ***    0.0    0.0    0.0   16.7   16.7   85.9   16.7   14.3   15.1  830.60    1643     2155
2014-09-08 01:20:00    463454400  ***  ***    0.0    0.0    0.0   16.5   16.5   87.2   16.6   14.3   15.0  830.30    1646     2151
2014-09-08 01:40:00    463455600  ***  ***    0.0    0.0    0.0   16.2   16.2   87.4   16.3   14.1   14.8  830.40    1645     2141
2014-09-08 02:00:00    463456800  ***  ***    0.0    0.0    0.0   15.8   15.8   87.3   15.9   13.7   14.4  830.20    1647     2125
2014-09-08 02:20:00    463458000  ***  ***    0.0    0.0    0.0   15.6   15.6   87.7   15.7   13.6   14.3  830.20    1646     2118
2014-09-08 02:40:00    463459200  ***  ***    0.0    0.0    0.0   15.2   15.2   87.5   15.3   13.2   13.9  830.00    1649     2107
2014-09-08 03:00:00    463460400  ***  ***    0.0    0.0    0.0   14.9   14.9   88.7   15.1   13.0   13.7  830.10    1648     2092
2014-09-08 03:20:00    463461600  ***  ***    0.0    0.0    0.0   14.7   14.7   88.5   14.9   12.9   13.5  829.70    1652     2092
2014-09-08 03:40:00    463462800  ***  ***    0.0    0.0    0.0   14.3   14.3   90.1   14.6   12.7   13.3  829.70    1651     2074
2014-09-08 04:00:00    463464000  ***  ***    0.0    0.0    0.0   14.3   14.3   89.8   14.5   12.6   13.2  829.70    1652     2076
2014-09-08 04:20:00    463465200  ***  ***    0.0    0.0    0.0   14.3   14.3   89.7   14.5   12.7   13.3  829.70    1651     2075
2014-09-08 04:40:00    463466400  ***  ***    0.0    0.0    0.0   14.5   14.5   89.1   14.7   12.7   13.3  829.80    1651     2081
2014-09-08 05:00:00    463467600  ***  ***    0.0    0.0    0.0   14.7   14.7   89.8   14.9   13.0   13.6  830.00    1648     2087
2014-09-08 05:20:00    463468800  ***  ***    0.0    0.0    0.0   14.7   14.7   90.2   15.0   13.1   13.7  830.10    1647     2086
2014-09-08 05:40:00    463470000  ***  ***    0.0    0.0    0.0   14.3   14.3   91.4   14.6   12.9   13.4  830.20    1646     2070
2014-09-08 06:00:00    463471200  ***  ***    0.0    0.0    0.0   13.9   13.9   92.0   14.2   12.7   13.1  830.20    1647     2057
2014-09-08 06:20:00    463472400  ***  ***    0.0    0.0    0.0   14.2   14.2   91.8   14.5   12.9   13.3  830.30    1645     2067
2014-09-08 06:40:00    463473600  ***  ***    0.0    0.0    0.0   14.6   14.6   90.9   14.9   13.1   13.6  830.50    1644     2079
2014-09-08 07:00:00    463474800  ***  ***    0.0    0.0    0.0   15.5   15.5   87.9   15.6   13.5   14.2  830.20    1647     2116
2014-09-08 07:20:00    463476000  ***  ***    0.0    0.0    0.0   16.6   16.6   84.8   16.6   14.1   14.9  830.20    1647     2157
2014-09-08 07:40:00    463477200  ***  ***    0.0    0.0    0.0   18.6   18.6   75.4   18.2   14.2   15.7  830.40    1645     2223
2014-09-08 08:00:00    463478400  ***  ***    0.0    0.0    0.0   19.7   19.7   73.0   19.5   14.7   16.3  830.20    1646     2263
2014-09-08 08:20:00    463479600  ***  ***    0.8    0.8    0.8   21.0   21.0   66.0   21.1   14.4   16.5  830.40    1645     2303
2014-09-08 08:40:00    463480800  ***  ***    0.0    0.0    0.0   21.9   21.9   64.7   22.1   15.0   17.2  830.60    1643     2336
2014-09-08 09:00:00    463482000  ***  ***    0.9    0.9    0.9   21.6   21.6   66.1   21.9   15.0   17.1  830.80    1642     2322
2014-09-08 09:20:00    463483200  ***  ***    0.0    0.0    0.0   21.8   21.8   65.7   22.0   15.1   17.2  830.80    1642     2329
2014-09-08 09:40:00    463484400  ***  ***    0.0    0.0    0.0   22.0   22.0   64.5   22.2   15.0   17.2  831.00    1640     2332
2014-09-08 10:00:00    463485600  ***  ***    0.0    0.0    0.0   21.9   21.9   64.5   22.1   14.9   17.1  831.10    1638     2328
2014-09-08 10:20:00    463486800  ***  ***    0.0    0.0    0.0   21.8   21.8   67.6   22.1   15.5   17.4  830.90    1640     2330
2014-09-08 10:40:00    463488000  ***  ***    0.0    0.0    0.0   19.1   19.1   86.5   19.4   16.7   17.4  830.90    1640     2243
2014-09-08 11:00:00    463489200  ***  ***    0.0    0.0    0.0   19.4   19.4   88.4   19.9   17.4   18.0  831.10    1638     2255
2014-09-08 11:20:00    463490400  ***  ***    0.0    0.0    0.0   21.1   21.1   80.5   21.6   17.6   18.6  830.90    1640     2319
2014-09-08 11:40:00    463491600  ***  ***    0.7    0.7    0.7   20.9   20.9   75.6   21.3   16.4   17.8  830.70    1642     2307
2014-09-08 12:00:00    463492800  ***  ***    0.0    0.0    0.0   22.1   22.1   72.6   22.6   17.0   18.5  830.40    1645     2356
2014-09-08 12:20:00    463494000  ***  ***    0.0    0.0    0.0   22.5   22.5   68.4   22.8   16.4   18.3  830.20    1646     2364
2014-09-08 12:40:00    463495200  ***  ***    0.0    0.0    0.0   23.4   23.4   68.7   23.8   17.3   19.1  830.00    1649     2404
2014-09-08 13:00:00    463496400  ***  ***    0.4    0.4    0.4   23.7   23.7   64.2   23.9   16.6   18.7  829.80    1651     2414
2014-09-08 13:20:00    463497600  ***  ***    0.8    0.8    0.8   18.7   18.7   88.4   19.0   16.8   17.3  830.20    1647     2242
2014-09-08 13:40:00    463498800  ***  ***    0.0    0.0    0.0   17.4   17.4   95.1   17.9   16.6   16.8  830.70    1642     2190
2014-09-08 14:00:00    463500000  ***  ***    0.0    0.0    0.0   17.2   17.2   95.6   17.7   16.5   16.7  830.70    1642     2183
2014-09-08 14:20:00    463501200  ***  ***    0.0    0.0    0.0   17.3   17.3   96.6   17.9   16.7   16.9  830.70    1642     2187
2014-09-08 14:40:00    463502400  ***  ***    0.0    0.0    0.0   17.5   17.5   96.5   18.1   16.9   17.1  830.50    1643     2196
2014-09-08 15:00:00    463503600  ***  ***    0.0    0.0    0.0   18.0   18.0   96.2   18.6   17.4   17.6  830.40    1645     2218
2014-09-08 15:20:00    463504800  ***  ***    0.0    0.0    0.0   17.8   17.8   97.1   18.4   17.3   17.5  830.40    1645     2210
2014-09-08 15:40:00    463506000  ***  ***    0.0    0.0    0.0   17.9   17.9   96.9   18.5   17.4   17.6  830.30    1646     2217
2014-09-08 16:00:00    463507200  ***  ***    0.0    0.0    0.0   18.4   18.4   96.4   19.1   17.8   18.0  830.20    1646     2235
2014-09-08 16:20:00    463508400  ***  ***    0.0    0.0    0.0   18.3   18.3   97.3   19.0   17.8   18.0  830.40    1645     2230
2014-09-08 16:40:00    463509600  ***  ***    0.0    0.0    0.0   18.1   18.1   97.9   18.8   17.8   17.9  830.10    1648     2229
2014-09-08 17:00:00    463510800  ***  ***    0.0    0.0    0.0   17.8   17.8   96.8   18.4   17.3   17.5  830.00    1648     2216
2014-09-08 17:20:00    463512000  ***  ***    0.0    0.0    0.0   17.4   17.4   97.0   18.0   16.9   17.1  829.90    1650     2200
2014-09-08 17:40:00    463513200  ***  ***    0.0    0.0    0.0   17.2   17.2   97.4   17.8   16.8   16.9  829.90    1650     2192
2014-09-08 18:00:00    463514400  ***  ***    0.0    0.0    0.0   17.3   17.3   97.7   18.0   16.9   17.0  830.10    1648     2194
2014-09-08 18:20:00    463515600  ***  ***    0.0    0.0    0.0   17.3   17.3   97.4   17.9   16.9   17.0  829.80    1651     2198
2014-09-08 18:40:00    463516800  ***  ***    0.0    0.0    0.0   17.3   17.3   97.7   18.0   16.9   17.0  830.00    1649     2198
2014-09-08 19:00:00    463518000  ***  ***    0.0    0.0    0.0   17.2   17.2   97.6   17.9   16.8   16.9  830.50    1644     2188
2014-09-08 19:20:00    463519200  ***  ***    0.0    0.0    0.0   17.1   17.1   98.0   17.8   16.7   16.8  830.60    1642     2179
2014-09-08 19:40:00    463520400  ***  ***    0.0    0.0    0.0   16.8   16.8   98.2   17.5   16.5   16.6  830.90    1640     2164
2014-09-08 20:00:00    463521600  ***  ***    0.0    0.0    0.0   16.6   16.6   97.8   17.3   16.2   16.3  830.80    1642     2159
2014-09-08 20:20:00    463522800  ***  ***    0.0    0.0    0.0   16.2   16.2   97.9   16.9   15.9   16.0  831.20    1637     2137
2014-09-08 20:40:00    463524000  ***  ***    0.0    0.0    0.0   16.2   16.2   98.2   16.9   15.9   16.0  831.40    1635     2137
2014-09-08 21:00:00    463525200  ***  ***    0.0    0.0    0.0   16.2   16.2   98.0   16.9   15.9   16.0  831.60    1633     2135
2014-09-08 21:20:00    463526400  ***  ***    0.0    0.0    0.0   16.2   16.2   98.3   16.9   15.9   16.0  831.50    1635     2134
2014-09-08 21:40:00    463527600  ***  ***    0.0    0.0    0.0   16.2   16.2   98.1   16.9   15.9   16.0  831.70    1633     2132
2014-09-08 22:00:00    463528800  ***  ***    0.0    0.0    0.0   16.2   16.2   98.2   16.9   15.9   16.0  831.60    1633     2134
2014-09-08 22:20:00    463530000  ***  ***    0.0    0.0    0.0   16.1   16.1   98.3   16.8   15.8   15.9  831.70    1632     2128
2014-09-08 22:40:00    463531200  ***  ***    0.0    0.0    0.0   16.1   16.1   98.5   16.8   15.8   15.9  831.80    1632     2128
2014-09-08 23:00:00    463532400  ***  ***    0.0    0.0    0.0   16.1   16.1   98.4   16.8   15.8   15.9  831.60    1633     2129
2014-09-08 23:20:00    463533600  ***  ***    0.0    0.0    0.0   16.0   16.0   98.6   16.6   15.8   15.9  831.70    1633     2126
2014-09-08 23:40:00    463534800  ***  ***    0.0    0.0    0.0   16.0   16.0   98.6   16.6   15.7   15.7  831.70    1632     2124
2014-09-09 00:00:00    463536000  ***  ***    0.0    0.0    0.0   15.9   15.9   98.5   16.5   15.7   15.7  831.60    1633     2123
2014-09-09 00:20:00    463537200  ***  ***    0.0    0.0    0.0   15.9   15.9   98.6   16.5   15.7   15.7  831.60    1633     2124
2014-09-09 00:40:00    463538400  ***  ***    0.0    0.0    0.0   15.8   15.8   98.5   16.4   15.6   15.7  831.40    1635     2124
2014-09-09 01:00:00    463539600  ***  ***    0.0    0.0    0.0   15.7   15.7   98.7   16.3   15.5   15.6  831.20    1637     2118
2014-09-09 01:20:00    463540800  ***  ***    0.0    0.0    0.0   15.6   15.6   98.9   16.2   15.4   15.5  831.20    1637     2113
2014-09-09 01:40:00    463542000  ***  ***    0.0    0.0    0.0   15.2   15.2   99.1   15.8   15.1   15.1  831.20    1637     2101
2014-09-09 02:00:00    463543200  ***  ***    0.0    0.0    0.0   15.3   15.3   98.9   15.9   15.1   15.2  831.00    1638     2104
2014-09-09 02:20:00    463544400  ***  ***    0.0    0.0    0.0   15.2   15.2   98.4   15.8   15.0   15.1  831.10    1638     2102
2014-09-09 02:40:00    463545600  ***  ***    0.0    0.0    0.0   15.3   15.3   98.5   15.9   15.1   15.2  831.10    1638     2106
2014-09-09 03:00:00    463546800  ***  ***    0.0    0.0    0.0   15.4   15.4   99.0   16.0   15.3   15.3  831.10    1638     2110
2014-09-09 03:20:00    463548000  ***  ***    0.0    0.0    0.0   15.4   15.4   99.0   16.0   15.3   15.3  831.10    1638     2110
2014-09-09 03:40:00    463549200  ***  ***    0.0    0.0    0.0   15.5   15.5   98.8   16.1   15.3   15.4  831.10    1638     2113
2014-09-09 04:00:00    463550400  ***  ***    0.0    0.0    0.0   15.7   15.7   98.3   16.3   15.4   15.5  831.10    1638     2119
2014-09-09 04:20:00    463551600  ***  ***    0.0    0.0    0.0   15.8   15.8   98.8   16.4   15.7   15.7  831.10    1638     2125
2014-09-09 04:40:00    463552800  ***  ***    0.0    0.0    0.0   15.8   15.8   99.2   16.4   15.7   15.7  831.20    1638     2124
2014-09-09 05:00:00    463554000  ***  ***    0.0    0.0    0.0   15.9   15.9   99.1   16.5   15.8   15.8  831.20    1638     2129
2014-09-09 05:20:00    463555200  ***  ***    0.0    0.0    0.0   15.8   15.8   99.1   16.4   15.7   15.7  831.10    1638     2124
2014-09-09 05:40:00    463556400  ***  ***    0.0    0.0    0.0   15.8   15.8   99.2   16.4   15.6   15.7  831.20    1638     2123
2014-09-09 06:00:00    463557600  ***  ***    0.0    0.0    0.0   15.8   15.8   99.2   16.4   15.7   15.7  831.30    1635     2123
2014-09-09 06:20:00    463558800  ***  ***    0.0    0.0    0.0   16.0   16.0   99.1   16.6   15.9   15.9  831.40    1635     2131
2014-09-09 06:40:00    463560000  ***  ***    0.0    0.0    0.0   16.3   16.3   99.1   17.0   16.2   16.2  831.40    1635     2143
2014-09-09 07:00:00    463561200  ***  ***    0.0    0.0    0.0   16.6   16.6   99.3   17.3   16.5   16.5  831.70    1633     2151
2014-09-09 07:20:00    463562400  ***  ***    0.0    0.0    0.0   17.2   17.2  100.0   18.0   17.2   17.2  831.70    1632     2171
2014-09-09 07:40:00    463563600  ***  ***    0.0    0.0    0.0   17.3   17.3   99.6   18.1   17.3   17.3  831.50    1635     2181
2014-09-09 08:00:00    463564800  ***  ***    0.0    0.0    0.0   17.7   17.7  100.0   18.5   17.7   17.7  831.70    1632     2195
2014-09-09 08:20:00    463566000  ***  ***    0.0    0.0    0.0   17.7   17.7   99.7   18.5   17.7   17.7  831.40    1635     2198
2014-09-09 08:40:00    463567200  ***  ***    0.0    0.0    0.0   19.2   19.2   95.7   20.0   18.5   18.7  831.60    1633     2250
2014-09-09 09:00:00    463568400  ***  ***    0.0    0.0    0.0   18.8   18.8   97.3   19.5   18.3   18.4  831.70    1632     2233
2014-09-09 09:20:00    463569600  ***  ***    0.9    0.9    0.9   19.5   19.5   96.1   20.3   18.8   19.0  831.90    1631     2259
2014-09-09 09:40:00    463570800  ***  ***    0.0    0.0    0.0   25.7   25.7  100.0   30.2   25.7   25.7  831.80    1631     2516
2014-09-09 10:00:00    463572000  ***  ***    0.0    0.0    0.0   24.9   24.9   95.5   27.7   24.1   24.3  831.90    1630     2474
2014-09-09 10:20:00    463573200  ***  ***    0.0    0.0    0.0   25.7   25.7   96.8   29.8   25.2   25.3  825.80    1690     2588
