FORMATTED DATE-TIME           DT   MG   TR     WS     CW     HW     TP     WC     RH     HI     DP     WB      BP      AL       DA
YYYY-MM-DD HH:MM:SS            s  Mag True    m/s    m/s    m/s     °C     °C      %     °C     °C     °C     hPa       m        m
----------------------------------------------------------------------------------------------------------------------------------
2014-09-03 08:20:00    463047600  ***  ***    0.0    0.0    0.0   22.0   22.0   41.5   21.2    8.3   13.3  769.70    2257     3059
2014-09-03 08:40:00    463048800  ***  ***    0.0    0.0    0.0   22.8   22.8   37.8   21.6    7.7   13.2  769.90    2255     3082
2014-09-03 09:00:00    463050000  ***  ***    0.0    0.0    0.0   27.7   27.7   33.4   26.2   10.2   16.0  769.70    2256     3251
2014-09-03 09:20:00    463051200  ***  ***    0.0    0.0    0.0   25.0   25.0   35.1   23.5    8.6   14.4  769.70    2256     3157
2014-09-03 09:40:00    463052400  ***  ***    0.0    0.0    0.0   27.9   27.9   32.3   26.4    9.9   15.9  769.60    2258     3259
2014-09-03 10:00:00    463053600  ***  ***    0.0    0.0    0.0   27.8   27.8   36.2   26.6   11.4   16.7  769.80    2255     3256
2014-09-03 10:20:00    463054800  ***  ***    0.8    0.8    0.8   22.9   22.9   37.5   21.7    7.7   13.2  769.50    2259     3090
2014-09-03 10:40:00    463056000  ***  ***    0.0    0.0    0.0   26.1   26.1   36.0   24.7    9.9   15.4  769.30    2260     3203
2014-09-03 11:00:00    463057200  ***  ***    0.0    0.0    0.0   26.2   26.2   35.1   24.8    9.6   15.3  769.50    2259     3202
2014-09-03 11:20:00    463058400  ***  ***    0.0    0.0    0.0   26.9   26.9   37.8   25.7   11.3   16.4  769.50    2259     3233
2014-09-03 11:40:00    463059600  ***  ***    0.0    0.0    0.0   26.4   26.4   40.5   25.4   11.9   16.5  769.10    2263     3225
2014-09-03 12:00:00    463060800  ***  ***    0.0    0.0    0.0   26.7   26.7   34.7   25.2    9.8   15.5  769.10    2263     3225
2014-09-03 12:20:00    463062000  ***  ***    0.0    0.0    0.0   24.1   24.1   39.8   22.8    9.6   14.6  768.80    2266     3145
2014-09-03 12:40:00    463063200  ***  ***    0.0    0.0    0.0   22.6   22.6   43.0   21.8    9.4   14.0  768.90    2266     3092
2014-09-03 13:00:00    463064400  ***  ***    0.0    0.0    0.0   24.6   24.6   39.5   23.3    9.9   14.9  768.70    2267     3161
2014-09-03 13:20:00    463065600  ***  ***    0.0    0.0    0.0   25.7   25.7   42.1   24.7   11.9   16.3  768.70    2268     3206
2014-09-03 13:40:00    463066800  ***  ***    0.0    0.0    0.0   26.6   26.6   37.9   25.4   11.1   16.1  768.60    2269     3235
2014-09-03 14:00:00    463068000  ***  ***    0.0    0.0    0.0   24.6   24.6   40.0   23.4   10.1   15.0  768.40    2270     3167
2014-09-03 14:20:00    463069200  ***  ***    0.0    0.0    0.0   22.9   22.9   38.7   21.8    8.1   13.4  768.20    2273     3106
2014-09-03 14:40:00    463070400  ***  ***    0.0    0.0    0.0   22.4   22.4   42.0   21.5    8.9   13.7  767.90    2276     3097
2014-09-03 15:00:00    463071600  ***  ***    0.0    0.0    0.0   21.4   21.4   43.7   20.7    8.6   13.2  767.90    2275     3063
2014-09-03 15:20:00    463072800  ***  ***    0.0    0.0    0.0   21.3   21.3   41.9   20.5    7.8   12.8  767.80    2277     3058
2014-09-03 15:40:00    463074000  ***  ***    1.0    1.0    1.0   21.3   21.3   41.2   20.5    7.6   12.6  767.70    2278     3059
2014-09-03 16:00:00    463075200  ***  ***    0.7    0.7    0.7   22.6   22.6   41.7   21.7    8.9   13.7  767.60    2278     3106
2014-09-03 16:20:00    463076400  ***  ***    1.0    1.0    1.0   23.4   23.4   43.4   22.5   10.3   14.7  767.20    2282     3144
2014-09-03 16:40:00    463077600  ***  ***    1.8    1.8    1.8   22.9   22.9   40.3   21.9    8.7   13.8  767.10    2284     3124
2014-09-03 17:00:00    463078800  ***  ***    0.8    0.8    0.8   21.7   21.7   40.0   20.8    7.6   12.8  767.40    2280     3076
2014-09-03 17:20:00    463080000  ***  ***    1.2    1.2    1.2   21.3   21.3   41.2   20.5    7.6   12.6  767.60    2279     3060
2014-09-03 17:40:00    463081200  ***  ***    0.7    0.7    0.7   20.6   20.6   40.5   19.3    6.7   12.0  767.70    2278     3033
2014-09-03 18:00:00    463082400  ***  ***    1.2    1.2    1.2   20.0   20.0   37.5   18.3    5.0   11.0  767.70    2278     3008
2014-09-03 18:20:00    463083600  ***  ***    0.0    0.0    0.0   19.3   19.3   39.2   17.4    5.1   10.8  767.20    2283     2992
2014-09-03 18:40:00    463084800  ***  ***    1.9    1.9    1.9   19.8   19.8   41.0   18.3    6.2   11.5  767.20    2283     3013
2014-09-03 19:00:00    463086000  ***  ***    1.7    1.7    1.7   19.3   19.3   44.5   17.6    7.0   11.6  767.30    2282     2998
2014-09-03 19:20:00    463087200  ***  ***    1.4    1.4    1.4   19.6   19.6   42.9   18.1    6.7   11.6  767.50    2279     3001
2014-09-03 19:40:00    463088400  ***  ***    1.8    1.8    1.8   19.7   19.7   42.2   18.1    6.5   11.6  767.60    2279     3004
2014-09-03 20:00:00    463089600  ***  ***    1.6    1.6    1.6   19.3   19.3   43.1   17.6    6.5   11.4  767.80    2277     2988
2014-09-03 20:20:00    463090800  ***  ***    2.2    2.2    2.2   19.2   19.2   43.2   17.5    6.4   11.3  767.90    2276     2982
2014-09-03 20:40:00    463092000  ***  ***    2.1    2.1    2.1   19.3   19.3   42.2   17.5    6.2   11.3  767.90    2276     2986
2014-09-03 21:00:00    463093200  ***  ***    0.4    0.4    0.4   18.6   18.6   44.8   16.6    6.4   11.1  768.20    2273     2959
2014-09-03 21:20:00    463094400  ***  ***    1.9    1.9    1.9   19.9   19.9   38.2   18.2    5.2   11.0  768.20    2272     2997
2014-09-03 21:40:00    463095600  ***  ***    0.9    0.9    0.9   19.4   19.4   40.8   17.7    5.8   11.1  768.50    2270     2981
2014-09-03 22:00:00    463096800  ***  ***    1.2    1.2    1.2   18.7   18.7   43.3   16.7    6.0   11.0  768.20    2272     2961
2014-09-03 22:20:00    463098000  ***  ***    0.6    0.6    0.6   18.8   18.8   43.7   16.9    6.2   11.1  768.20    2273     2966
2014-09-03 22:40:00    463099200  ***  ***    1.7    1.7    1.7   18.9   18.9   43.2   17.0    6.2   11.2  768.00    2274     2971
2014-09-03 23:00:00    463100400  ***  ***    1.2    1.2    1.2   18.2   18.2   45.2   16.2    6.2   10.9  767.90    2276     2949
2014-09-03 23:20:00    463101600  ***  ***    1.2    1.2    1.2   18.2   18.2   44.8   16.1    6.0   10.8  767.80    2276     2949
2014-09-03 23:40:00    463102800  ***  ***    1.0    1.0    1.0   17.6   17.6   47.6   15.7    6.3   10.7  767.80    2277     2931
2014-09-04 00:00:00    463104000  ***  ***    1.2    1.2    1.2   17.7   17.7   48.3   15.8    6.6   11.0  768.00    2275     2932
2014-09-04 00:20:00    463105200  ***  ***    1.7    1.7    1.7   17.2   17.2   51.3   15.6    7.1   11.0  767.70    2278     2921
2014-09-04 00:40:00    463106400  ***  ***    1.6    1.6    1.6   17.6   17.6   49.2   15.8    6.8   11.0  767.70    2277     2932
2014-09-04 01:00:00    463107600  ***  ***    1.6    1.6    1.6   17.5   17.5   49.4   15.7    6.8   11.0  767.50    2279     2932
2014-09-04 01:20:00    463108800  ***  ***    1.1    1.1    1.1   17.4   17.4   49.7   15.6    6.8   10.9  767.70    2278     2927
2014-09-04 01:40:00    463110000  ***  ***    0.9    0.9    0.9   17.4   17.4   48.4   15.5    6.4   10.7  767.70    2278     2925
2014-09-04 02:00:00    463111200  ***  ***    1.2    1.2    1.2   17.7   17.7   46.7   15.7    6.2   10.7  767.50    2280     2938
2014-09-04 02:20:00    463112400  ***  ***    1.9    1.9    1.9   18.4   18.4   44.6   16.3    6.1   10.9  767.70    2278     2958
2014-09-04 02:40:00    463113600  ***  ***    0.7    0.7    0.7   18.2   18.2   44.7   16.1    6.0   10.8  767.30    2282     2957
2014-09-04 03:00:00    463114800  ***  ***    0.6    0.6    0.6   18.2   18.2   44.7   16.1    6.0   10.8  767.40    2281     2957
2014-09-04 03:20:00    463116000  ***  ***    0.0    0.0    0.0   17.7   17.7   47.1   15.8    6.3   10.8  767.40    2281     2939
2014-09-04 03:40:00    463117200  ***  ***    0.0    0.0    0.0   18.5   18.5   42.0   16.3    5.3   10.6  767.60    2279     2960
2014-09-04 04:00:00    463118400  ***  ***    0.0    0.0    0.0   18.2   18.2   41.9   16.0    5.0   10.3  767.30    2282     2953
2014-09-04 04:20:00    463119600  ***  ***    0.0    0.0    0.0   17.7   17.7   43.0   15.6    4.9   10.1  767.20    2283     2937
2014-09-04 04:40:00    463120800  ***  ***    0.0    0.0    0.0   18.0   18.0   42.1   15.8    4.9   10.3  767.50    2280     2943
2014-09-04 05:00:00    463122000  ***  ***    1.2    1.2    1.2   17.9   17.9   45.7   15.9    6.1   10.7  767.40    2281     2947
2014-09-04 05:20:00    463123200  ***  ***    0.0    0.0    0.0   17.5   17.5   47.7   15.6    6.3   10.7  767.50    2279     2930
2014-09-04 05:40:00    463124400  ***  ***    0.5    0.5    0.5   17.5   17.5   47.1   15.6    6.1   10.6  767.40    2281     2932
2014-09-04 06:00:00    463125600  ***  ***    1.9    1.9    1.9   18.5   18.5   42.8   16.3    5.6   10.7  767.60    2279     2962
2014-09-04 06:20:00    463126800  ***  ***    1.0    1.0    1.0   18.9   18.9   39.1   16.8    4.7   10.4  767.50    2279     2972
2014-09-04 06:40:00    463128000  ***  ***    0.0    0.0    0.0   18.7   18.7   38.8   16.5    4.4   10.3  767.60    2279     2965
2014-09-04 07:00:00    463129200  ***  ***    0.0    0.0    0.0   15.1   15.1   61.5   14.1    7.8   10.6  767.80    2277     2853
2014-09-04 07:20:00    463130400  ***  ***    0.0    0.0    0.0   15.9   15.9   55.5   14.5    7.0   10.5  768.50    2270     2869
2014-09-04 07:40:00    463131600  ***  ***    0.8    0.8    0.8   16.3   16.3   56.1   14.9    7.6   10.9  768.20    2273     2888
2014-09-04 08:00:00    463132800  ***  ***    1.3    1.3    1.3   16.4   16.4   60.1   15.3    8.6   11.5  768.20    2273     2893
2014-09-04 08:20:00    463134000  ***  ***    1.2    1.2    1.2   17.7   17.7   56.7   16.3    9.0   12.2  767.90    2275     2941
2014-09-04 08:40:00    463135200  ***  ***    1.3    1.3    1.3   18.2   18.2   54.2   16.6    8.8   12.2  768.10    2274     2956
2014-09-04 09:00:00    463136400  ***  ***    0.0    0.0    0.0   18.6   18.6   57.4   17.3   10.0   13.0  768.30    2271     2969
2014-09-04 09:20:00    463137600  ***  ***    1.9    1.9    1.9   19.6   19.6   46.4   18.2    7.8   12.2  768.30    2271     2994
2014-09-04 09:40:00    463138800  ***  ***    0.0    0.0    0.0   20.5   20.5   49.2   19.6    9.5   13.4  768.60    2268     3027
2014-09-04 10:00:00    463140000  ***  ***    0.0    0.0    0.0   22.0   22.0   48.5   21.5   10.6   14.5  768.70    2268     3081
2014-09-04 10:20:00    463141200  ***  ***    1.2    1.2    1.2   22.1   22.1   42.1   21.3    8.6   13.4  768.70    2267     3075
2014-09-04 10:40:00    463142400  ***  ***    0.8    0.8    0.8   23.7   23.7   45.1   22.9   11.1   15.2  768.60    2268     3137
2014-09-04 11:00:00    463143600  ***  ***    0.0    0.0    0.0   25.8   25.8   47.0   25.2   13.7   17.3  768.50    2269     3221
2014-09-04 11:20:00    463144800  ***  ***    0.8    0.8    0.8   22.2   22.2   48.5   21.7   10.8   14.7  768.60    2268     3088
2014-09-04 11:40:00    463146000  ***  ***    0.0    0.0    0.0   21.4   21.4   49.2   20.9   10.3   14.1  768.30    2272     3065
2014-09-04 12:00:00    463147200  ***  ***    0.0    0.0    0.0   19.9   19.9   66.7   19.6   13.5   15.5  768.60    2268     3023
2014-09-04 12:20:00    463148400  ***  ***    0.0    0.0    0.0   19.2   19.2   64.0   18.5   12.3   14.6  768.40    2270     3000
2014-09-04 12:40:00    463149600  ***  ***    0.0    0.0    0.0   20.8   20.8   54.4   20.3   11.3   14.5  768.10    2273     3051
2014-09-04 13:00:00    463150800  ***  ***    0.0    0.0    0.0   17.3   17.3   72.9   16.7   12.4   14.0  768.10    2274     2939
2014-09-04 13:20:00    463152000  ***  ***    0.0    0.0    0.0   16.5   16.5   75.1   16.1   12.1   13.5  768.40    2271     2909
2014-09-04 13:40:00    463153200  ***  ***    0.0    0.0    0.0   16.7   16.7   99.3   17.4   16.6   16.6  768.40    2271     2939
2014-09-04 14:00:00    463154400  ***  ***    0.0    0.0    0.0   21.7   21.7   91.2   22.7   20.2   20.6  768.00    2275     3131
2014-09-04 14:20:00    463155600  ***  ***    0.0    0.0    0.0   24.6   24.6   52.1   24.1   14.2   17.3  767.30    2282     3200
2014-09-04 14:40:00    463156800  ***  ***    1.0    1.0    1.0   23.4   23.4   49.4   22.8   12.2   15.8  767.30    2282     3150
2014-09-04 15:00:00    463158000  ***  ***    0.6    0.6    0.6   20.5   20.5   58.0   20.0   11.9   14.7  767.10    2283     3055
2014-09-04 15:20:00    463159200  ***  ***    0.0    0.0    0.0   24.7   24.7   47.2   23.9   12.7   16.4  766.80    2287     3201
2014-09-04 15:40:00    463160400  ***  ***    0.0    0.0    0.0   24.0   24.0   48.7   23.3   12.5   16.1  766.50    2291     3182
2014-09-04 16:00:00    463161600  ***  ***    0.0    0.0    0.0   26.0   26.0   42.7   25.1   12.3   16.6  766.90    2286     3241
2014-09-04 16:20:00    463162800  ***  ***    0.0    0.0    0.0   24.2   24.2   44.8   23.2   11.5   15.7  766.70    2288     3182
2014-09-04 16:40:00    463164000  ***  ***    0.0    0.0    0.0   22.2   22.2   56.2   22.0   13.1   16.0  766.70    2288     3124
2014-09-04 17:00:00    463165200  ***  ***    0.0    0.0    0.0   28.6   28.6   42.9   28.4   14.8   18.7  766.60    2290     3341
2014-09-04 17:20:00    463166400  ***  ***    0.0    0.0    0.0   29.4   29.4   40.4   29.4   14.5   18.8  767.00    2285     3359
2014-09-04 17:40:00    463167600  ***  ***    0.0    0.0    0.0   27.7   27.7   45.4   27.4   14.8   18.5  766.70    2287     3308
2014-09-04 18:00:00    463168800  ***  ***    1.1    1.1    1.1   20.5   20.5   48.6   19.6    9.3   13.2  767.20    2283     3045
2014-09-04 18:20:00    463170000  ***  ***    1.9    1.9    1.9   18.9   18.9   52.2   17.4    8.9   12.5  767.40    2281     2989
2014-09-04 18:40:00    463171200  ***  ***    0.8    0.8    0.8   18.1   18.1   54.2   16.5    8.7   12.2  767.90    2276     2953
2014-09-04 19:00:00    463172400  ***  ***    1.4    1.4    1.4   17.1   17.1   52.9   15.6    7.5   11.2  768.30    2272     2913
2014-09-04 19:20:00    463173600  ***  ***    1.8    1.8    1.8   17.9   17.9   48.9   16.1    7.0   11.2  767.70    2278     2944
2014-09-04 19:40:00    463174800  ***  ***    2.3    2.3    2.3   16.5   16.2   58.9   15.3    8.5   11.5  768.30    2272     2896
2014-09-04 20:00:00    463176000  ***  ***    2.2    2.2    2.2   15.2   14.7   66.7   14.4    9.1   11.4  768.30    2271     2853
2014-09-04 20:20:00    463177200  ***  ***    1.6    1.6    1.6   14.6   14.4   73.9   14.2   10.0   11.6  769.00    2264     2829
2014-09-04 20:40:00    463178400  ***  ***    2.1    2.1    2.1   16.0   15.7   63.0   15.0    8.9   11.5  768.90    2264     2870
2014-09-04 21:00:00    463179600  ***  ***    1.8    1.8    1.8   15.5   15.3   65.7   14.7    9.1   11.5  769.00    2264     2855
2014-09-04 21:20:00    463180800  ***  ***    1.7    1.7    1.7   14.9   14.6   68.6   14.2    9.2   11.3  769.50    2259     2828
2014-09-04 21:40:00    463182000  ***  ***    1.5    1.5    1.5   15.5   15.5   65.8   14.7    9.1   11.5  769.50    2258     2846
2014-09-04 22:00:00    463183200  ***  ***    1.7    1.7    1.7   13.2   12.6   85.7   13.2   10.9   11.7  769.70    2256     2775
2014-09-04 22:20:00    463184400  ***  ***    1.1    1.1    1.1   12.4   12.3   96.9   12.8   11.9   12.1  769.90    2255     2750
2014-09-04 22:40:00    463185600  ***  ***    2.1    2.1    2.1   12.9   11.9   94.7   13.3   12.0   12.3  769.80    2255     2766
2014-09-04 23:00:00    463186800  ***  ***    0.8    0.8    0.8   12.8   12.8   94.5   13.2   12.0   12.3  770.20    2251     2759
2014-09-04 23:20:00    463188000  ***  ***    0.9    0.9    0.9   12.7   12.7   96.5   13.1   12.2   12.4  770.20    2251     2756
2014-09-04 23:40:00    463189200  ***  ***    0.8    0.8    0.8   12.9   12.9   95.4   13.3   12.1   12.4  770.00    2253     2764
2014-09-05 00:00:00    463190400  ***  ***    0.0    0.0    0.0   14.0   14.0   80.1   13.8   10.6   11.8  770.00    2254     2796
2014-09-05 00:20:00    463191600  ***  ***    0.0    0.0    0.0   13.4   13.4   91.0   13.6   11.9   12.4  769.80    2255     2783
2014-09-05 00:40:00    463192800  ***  ***    0.0    0.0    0.0   12.9   12.9   87.4   13.0   10.8   11.6  770.00    2254     2759
2014-09-05 01:00:00    463194000  ***  ***    0.0    0.0    0.0   13.1   13.1   87.7   13.2   11.1   11.8  769.70    2256     2771
2014-09-05 01:20:00    463195200  ***  ***    0.0    0.0    0.0   13.2   13.2   83.6   13.2   10.5   11.5  769.70    2256     2772
2014-09-05 01:40:00    463196400  ***  ***    0.0    0.0    0.0   13.8   13.8   85.1   13.8   11.3   12.2  769.80    2256     2795
2014-09-05 02:00:00    463197600  ***  ***    0.0    0.0    0.0   14.0   14.0   85.1   14.0   11.5   12.4  769.90    2255     2801
2014-09-05 02:20:00    463198800  ***  ***    0.0    0.0    0.0   14.3   14.3   77.4   14.0   10.4   11.8  769.80    2256     2809
2014-09-05 02:40:00    463200000  ***  ***    0.0    0.0    0.0   14.7   14.7   73.7   14.2   10.1   11.8  769.90    2254     2819
2014-09-05 03:00:00    463201200  ***  ***    0.0    0.0    0.0   14.6   14.6   73.3   14.2    9.9   11.6  769.70    2257     2818
2014-09-05 03:20:00    463202400  ***  ***    0.0    0.0    0.0   14.5   14.5   74.4   14.1   10.0   11.6  769.60    2257     2815
2014-09-05 03:40:00    463203600  ***  ***    0.0    0.0    0.0   14.2   14.2   75.2   13.8    9.9   11.5  769.70    2257     2804
2014-09-05 04:00:00    463204800  ***  ***    0.0    0.0    0.0   14.3   14.3   73.6   13.9    9.6   11.3  769.80    2256     2807
2014-09-05 04:20:00    463206000  ***  ***    0.0    0.0    0.0   13.4   13.4   82.1   13.3   10.4   11.5  769.50    2259     2781
2014-09-05 04:40:00    463207200  ***  ***    0.0    0.0    0.0   13.0   13.0   85.0   13.0   10.5   11.4  769.80    2256     2764
2014-09-05 05:00:00    463208400  ***  ***    0.0    0.0    0.0   13.0   13.0   86.8   13.1   10.9   11.6  769.50    2259     2772
2014-09-05 05:20:00    463209600  ***  ***    0.0    0.0    0.0   13.6   13.6   81.5   13.5   10.5   11.6  769.80    2256     2785
2014-09-05 05:40:00    463210800  ***  ***    0.0    0.0    0.0   13.6   13.6   80.1   13.4   10.2   11.4  769.90    2254     2782
2014-09-05 06:00:00    463212000  ***  ***    0.0    0.0    0.0   13.4   13.4   79.7   13.2   10.0   11.3  770.20    2251     2772
2014-09-05 06:20:00    463213200  ***  ***    0.0    0.0    0.0   13.6   13.6   78.8   13.4   10.0   11.3  770.20    2251     2779
2014-09-05 06:40:00    463214400  ***  ***    0.0    0.0    0.0   14.5   14.5   76.1   14.1   10.3   11.8  770.30    2250     2808
2014-09-05 07:00:00    463215600  ***  ***    0.0    0.0    0.0   15.2   15.2   73.7   14.7   10.5   12.2  770.30    2251     2834
2014-09-05 07:20:00    463216800  ***  ***    0.0    0.0    0.0   15.6   15.6   69.5   15.0   10.0   12.0  770.80    2246     2837
2014-09-05 07:40:00    463218000  ***  ***    0.0    0.0    0.0   15.5   15.5   72.0   14.9   10.5   12.3  770.50    2248     2839
2014-09-05 08:00:00    463219200  ***  ***    0.0    0.0    0.0   16.5   16.5   65.0   15.5    9.9   12.3  770.40    2249     2871
2014-09-05 08:20:00    463220400  ***  ***    0.0    0.0    0.0   17.0   17.0   76.0   16.6   12.8   14.2  770.80    2246     2898
2014-09-05 08:40:00    463221600  ***  ***    0.0    0.0    0.0   16.5   16.5   75.4   16.1   12.2   13.6  770.70    2247     2880
2014-09-05 09:00:00    463222800  ***  ***    0.6    0.6    0.6   15.1   15.1   87.6   15.2   13.1   13.8  771.10    2243     2833
2014-09-05 09:20:00    463224000  ***  ***    0.7    0.7    0.7   16.1   16.1   85.1   16.1   13.6   14.4  770.60    2248     2873
2014-09-05 09:40:00    463225200  ***  ***    0.4    0.4    0.4   17.6   17.6   79.9   17.4   14.1   15.2  771.10    2243     2921
2014-09-05 10:00:00    463226400  ***  ***    0.0    0.0    0.0   22.5   22.5   68.3   22.8   16.4   18.1  771.20    2241     3093
2014-09-05 10:20:00    463227600  ***  ***    0.5    0.5    0.5   20.0   20.0   75.5   20.1   15.6   16.9  771.10    2242     3008
2014-09-05 10:40:00    463228800  ***  ***    0.0    0.0    0.0   17.9   17.9   78.3   17.6   14.1   15.3  771.30    2240     2926
2014-09-05 11:00:00    463230000  ***  ***    0.0    0.0    0.0   18.5   18.5   77.7   18.2   14.5   15.7  771.40    2240     2948
2014-09-05 11:20:00    463231200  ***  ***    0.0    0.0    0.0   17.1   17.1   84.4   17.1   14.5   15.3  771.40    2240     2903
2014-09-05 11:40:00    463232400  ***  ***    0.0    0.0    0.0   17.2   17.2   84.3   17.2   14.5   15.3  771.20    2242     2907
2014-09-05 12:00:00    463233600  ***  ***    0.0    0.0    0.0   16.0   16.0   90.9   16.3   14.5   15.0  771.20    2241     2866
2014-09-05 12:20:00    463234800  ***  ***    0.0    0.0    0.0   17.0   17.0   90.2   17.3   15.4   15.9  771.40    2240     2903
2014-09-05 12:40:00    463236000  ***  ***    0.0    0.0    0.0   17.5   17.5   86.8   17.6   15.2   15.9  771.30    2241     2919
2014-09-05 13:00:00    463237200  ***  ***    0.0    0.0    0.0   17.3   17.3   92.0   17.7   16.0   16.4  771.30    2240     2917
2014-09-05 13:20:00    463238400  ***  ***    0.0    0.0    0.0   17.3   17.3   93.0   17.7   16.2   16.5  771.10    2243     2921
2014-09-05 13:40:00    463239600  ***  ***    0.0    0.0    0.0   15.5   15.5  100.0   16.2   15.5   15.5  770.90    2244     2857
2014-09-05 14:00:00    463240800  ***  ***    0.0    0.0    0.0   17.0   17.0   85.0   17.0   14.5   15.3  770.80    2246     2906
2014-09-05 14:20:00    463242000  ***  ***    0.0    0.0    0.0   20.0   20.0   84.0   20.4   17.2   18.0  770.50    2249     3024
2014-09-05 14:40:00    463243200  ***  ***    0.0    0.0    0.0   20.3   20.3   77.1   20.5   16.2   17.4  770.20    2252     3033
2014-09-05 15:00:00    463244400  ***  ***    0.0    0.0    0.0   20.5   20.5   73.3   20.6   15.6   17.0  770.00    2254     3039
2014-09-05 15:20:00    463245600  ***  ***    0.0    0.0    0.0   18.3   18.3   79.2   18.1   14.6   15.7  770.00    2254     2960
2014-09-05 15:40:00    463246800  ***  ***    0.0    0.0    0.0   19.6   19.6   77.5   19.6   15.6   16.8  770.20    2252     3006
2014-09-05 16:00:00    463248000  ***  ***    0.0    0.0    0.0   20.1   20.1   67.1   19.8   13.8   15.8  770.20    2252     3014
2014-09-05 16:20:00    463249200  ***  ***    0.0    0.0    0.0   22.5   22.5   65.6   22.7   15.8   17.7  769.90    2254     3107
2014-09-05 16:40:00    463250400  ***  ***    0.0    0.0    0.0   29.7   29.7   48.2   31.0   17.6   20.7  770.00    2254     3347
2014-09-05 17:00:00    463251600  ***  ***    0.0    0.0    0.0   30.3   30.3   43.0   31.1   16.3   20.1  770.10    2253     3358
2014-09-05 17:20:00    463252800  ***  ***    0.0    0.0    0.0   30.6   30.6   43.3   31.6   16.7   20.4  769.70    2256     3374
2014-09-05 17:40:00    463254000  ***  ***    0.0    0.0    0.0   29.2   29.2   44.2   29.5   15.7   19.4  770.00    2253     3320
2014-09-05 18:00:00    463255200  ***  ***    0.0    0.0    0.0   26.2   26.2   47.9   25.8   14.3   17.8  770.20    2252     3215
2014-09-05 18:20:00    463256400  ***  ***    0.0    0.0    0.0   19.3   19.3   64.0   18.6   12.4   14.7  770.20    2251     2981
2014-09-05 18:40:00    463257600  ***  ***    0.0    0.0    0.0   16.0   16.0   74.2   15.5   11.4   13.0  770.30    2250     2864
2014-09-05 19:00:00    463258800  ***  ***    0.0    0.0    0.0   15.5   15.5   76.6   15.1   11.4   12.8  770.90    2245     2841
2014-09-05 19:20:00    463260000  ***  ***    0.0    0.0    0.0   15.2   15.2   77.9   14.9   11.4   12.7  771.30    2240     2824
2014-09-05 19:40:00    463261200  ***  ***    0.0    0.0    0.0   15.3   15.3   77.9   15.0   11.5   12.8  771.20    2241     2829
2014-09-05 20:00:00    463262400  ***  ***    0.0    0.0    0.0   14.6   14.6   80.4   14.4   11.3   12.5  771.20    2242     2806
2014-09-05 20:20:00    463263600  ***  ***    0.0    0.0    0.0   14.2   14.2   77.7   13.9   10.4   11.8  771.40    2240     2786
2014-09-05 20:40:00    463264800  ***  ***    0.0    0.0    0.0   15.3   15.3   73.4   14.8   10.5   12.2  771.60    2238     2819
2014-09-05 21:00:00    463266000  ***  ***    0.0    0.0    0.0   15.4   15.4   74.2   14.9   10.8   12.5  772.00    2234     2819
2014-09-05 21:20:00    463267200  ***  ***    0.0    0.0    0.0   15.5   15.5   75.8   15.1   11.2   12.7  771.90    2235     2826
2014-09-05 21:40:00    463268400  ***  ***    0.0    0.0    0.0   15.6   15.6   77.3   15.3   11.6   13.0  772.20    2231     2825
2014-09-05 22:00:00    463269600  ***  ***    0.0    0.0    0.0   15.6   15.6   76.1   15.2   11.4   12.9  772.20    2231     2826
2014-09-05 22:20:00    463270800  ***  ***    0.0    0.0    0.0   15.4   15.4   76.0   15.0   11.2   12.7  772.20    2231     2819
2014-09-05 22:40:00    463272000  ***  ***    0.0    0.0    0.0   15.2   15.2   78.2   14.9   11.4   12.7  772.20    2232     2813
2014-09-05 23:00:00    463273200  ***  ***    0.0    0.0    0.0   14.9   14.9   84.0   14.9   12.3   13.2  772.40    2229     2805
2014-09-05 23:20:00    463274400  ***  ***    0.0    0.0    0.0   15.5   15.5   83.5   15.5   12.7   13.6  772.00    2233     2830
2014-09-05 23:40:00    463275600  ***  ***    0.0    0.0    0.0   15.4   15.4   84.5   15.4   12.8   13.7  771.90    2234     2829
2014-09-06 00:00:00    463276800  ***  ***    0.0    0.0    0.0   15.3   15.3   84.4   15.3   12.7   13.6  772.00    2234     2827
2014-09-06 00:20:00    463278000  ***  ***    0.0    0.0    0.0   15.3   15.3   82.3   15.2   12.3   13.3  772.10    2233     2823
2014-09-06 00:40:00    463279200  ***  ***    0.0    0.0    0.0   14.9   14.9   85.8   14.9   12.5   13.3  771.80    2236     2813
2014-09-06 01:00:00    463280400  ***  ***    0.0    0.0    0.0   14.8   14.8   85.5   14.8   12.4   13.2  771.70    2237     2811
2014-09-06 01:20:00    463281600  ***  ***    0.0    0.0    0.0   14.5   14.5   85.0   14.5   12.0   12.8  771.90    2235     2796
2014-09-06 01:40:00    463282800  ***  ***    0.0    0.0    0.0   14.9   14.9   82.0   14.8   11.9   12.9  771.80    2235     2811
2014-09-06 02:00:00    463284000  ***  ***    0.0    0.0    0.0   14.5   14.5   85.1   14.5   12.1   12.9  771.60    2238     2801
2014-09-06 02:20:00    463285200  ***  ***    0.0    0.0    0.0   14.5   14.5   85.6   14.5   12.1   12.9  771.40    2239     2802
2014-09-06 02:40:00    463286400  ***  ***    0.0    0.0    0.0   14.3   14.3   88.0   14.4   12.4   13.0  771.60    2238     2796
2014-09-06 03:00:00    463287600  ***  ***    0.0    0.0    0.0   14.5   14.5   86.8   14.6   12.3   13.0  771.40    2240     2802
2014-09-06 03:20:00    463288800  ***  ***    0.0    0.0    0.0   14.3   14.3   88.8   14.5   12.4   13.0  771.40    2240     2796
2014-09-06 03:40:00    463290000  ***  ***    0.0    0.0    0.0   14.1   14.1   92.9   14.4   12.9   13.3  771.40    2240     2793
2014-09-06 04:00:00    463291200  ***  ***    0.0    0.0    0.0   13.9   13.9   96.4   14.4   13.3   13.5  771.40    2240     2788
2014-09-06 04:20:00    463292400  ***  ***    0.0    0.0    0.0   13.8   13.8   99.0   14.4   13.6   13.7  771.30    2241     2786
2014-09-06 04:40:00    463293600  ***  ***    0.0    0.0    0.0   14.0   14.0  100.0   14.6   14.0   14.0  771.50    2239     2793
2014-09-06 05:00:00    463294800  ***  ***    0.0    0.0    0.0   13.7   13.7  100.0   14.3   13.7   13.7  771.40    2240     2782
2014-09-06 05:20:00    463296000  ***  ***    0.0    0.0    0.0   13.7   13.7  100.0   14.3   13.7   13.7  771.40    2240     2783
2014-09-06 05:40:00    463297200  ***  ***    0.0    0.0    0.0   14.0   14.0  100.0   14.6   14.0   14.0  771.50    2238     2793
2014-09-06 06:00:00    463298400  ***  ***    0.0    0.0    0.0   14.2   14.2  100.0   14.8   14.2   14.2  771.50    2239     2800
2014-09-06 06:20:00    463299600  ***  ***    0.0    0.0    0.0   14.1   14.1  100.0   14.7   14.1   14.1  771.70    2237     2796
2014-09-06 06:40:00    463300800  ***  ***    0.0    0.0    0.0   14.1   14.1  100.0   14.7   14.1   14.1  772.00    2234     2792
2014-09-06 07:00:00    463302000  ***  ***    0.3    0.3    0.3   14.0   14.0  100.0   14.6   14.0   14.0  771.90    2235     2790
2014-09-06 07:20:00    463303200  ***  ***    0.7    0.7    0.7   14.3   14.3  100.0   15.0   14.3   14.3  772.10    2233     2798
2014-09-06 07:40:00    463304400  ***  ***    0.0    0.0    0.0   14.6   14.6  100.0   15.3   14.6   14.6  772.30    2231     2809
2014-09-06 08:00:00    463305600  ***  ***    0.5    0.5    0.5   15.2   15.2  100.0   15.9   15.2   15.2  772.30    2231     2829
2014-09-06 08:20:00    463306800  ***  ***    0.0    0.0    0.0   15.7   15.7  100.0   16.4   15.7   15.7  772.50    2228     2847
2014-09-06 08:40:00    463308000  ***  ***    0.0    0.0    0.0   15.5   15.5  100.0   16.2   15.5   15.5  772.20    2231     2841
2014-09-06 09:00:00    463309200  ***  ***    0.0    0.0    0.0   15.3   15.3  100.0   16.0   15.3   15.3  772.60    2227     2828
2014-09-06 09:20:00    463310400  ***  ***    0.0    0.0    0.0   15.9   15.9  100.0   16.6   15.9   15.9  772.70    2225     2852
2014-09-06 09:40:00    463311600  ***  ***    0.4    0.4    0.4   15.8   15.8  100.0   16.5   15.8   15.8  772.70    2227     2851
2014-09-06 10:00:00    463312800  ***  ***    0.0    0.0    0.0   15.8   15.8  100.0   16.5   15.8   15.8  772.40    2229     2852
2014-09-06 10:20:00    463314000  ***  ***    0.0    0.0    0.0   15.4   15.4  100.0   16.1   15.4   15.4  772.90    2224     2829
2014-09-06 10:40:00    463315200  ***  ***    0.0    0.0    0.0   15.5   15.5  100.0   16.2   15.5   15.5  772.60    2228     2838
2014-09-06 11:00:00    463316400  ***  ***    0.0    0.0    0.0   15.1   15.1  100.0   15.8   15.1   15.1  772.40    2228     2823
2014-09-06 11:20:00    463317600  ***  ***    0.0    0.0    0.0   15.4   15.4  100.0   16.1   15.4   15.4  772.70    2227     2834
2014-09-06 11:40:00    463318800  ***  ***    0.0    0.0    0.0   15.2   15.2  100.0   15.9   15.2   15.2  772.20    2231     2831
2014-09-06 12:00:00    463320000  ***  ***    0.0    0.0    0.0   15.8   15.8  100.0   16.5   15.8   15.8  772.00    2234     2858
2014-09-06 12:20:00    463321200  ***  ***    0.0    0.0    0.0   16.0   16.0  100.0   16.7   16.0   16.0  772.10    2233     2864
2014-09-06 12:40:00    463322400  ***  ***    0.0    0.0    0.0   14.8   14.8  100.0   15.5   14.8   14.8  771.90    2234     2819
2014-09-06 13:00:00    463323600  ***  ***    0.0    0.0    0.0   14.7   14.7  100.0   15.4   14.7   14.7  772.00    2234     2813
2014-09-06 13:20:00    463324800  ***  ***    0.0    0.0    0.0   14.6   14.6  100.0   15.3   14.6   14.6  771.80    2236     2812
2014-09-06 13:40:00    463326000  ***  ***    0.0    0.0    0.0   14.5   14.5  100.0   15.2   14.5   14.5  771.40    2240     2813
2014-09-06 14:00:00    463327200  ***  ***    0.0    0.0    0.0   14.9   14.9  100.0   15.6   14.9   14.9  771.60    2238     2827
2014-09-06 14:20:00    463328400  ***  ***    0.0    0.0    0.0   15.4   15.4  100.0   16.1   15.4   15.4  771.50    2239     2847
2014-09-06 14:40:00    463329600  ***  ***    0.0    0.0    0.0   15.6   15.6  100.0   16.3   15.6   15.6  771.40    2240     2858
2014-09-06 15:00:00    463330800  ***  ***    0.0    0.0    0.0   16.9   16.9  100.0   17.7   16.9   16.9  771.20    2241     2908
2014-09-06 15:20:00    463332000  ***  ***    0.0    0.0    0.0   17.2   17.2  100.0   18.0   17.2   17.2  770.90    2245     2927
2014-09-06 15:40:00    463333200  ***  ***    0.0    0.0    0.0   16.3   16.3  100.0   17.1   16.3   16.3  770.80    2245     2891
2014-09-06 16:00:00    463334400  ***  ***    0.0    0.0    0.0   16.0   16.0  100.0   16.7   16.0   16.0  770.50    2249     2884
2014-09-06 16:20:00    463335600  ***  ***    0.0    0.0    0.0   16.0   16.0  100.0   16.7   16.0   16.0  770.70    2247     2883
2014-09-06 16:40:00    463336800  ***  ***    0.0    0.0    0.0   15.7   15.7  100.0   16.4   15.7   15.7  770.70    2247     2869
2014-09-06 17:00:00    463338000  ***  ***    0.0    0.0    0.0   15.7   15.7  100.0   16.4   15.7   15.7  770.70    2247     2870
2014-09-06 17:20:00    463339200  ***  ***    0.0    0.0    0.0   15.4   15.4  100.0   16.1   15.4   15.4  770.80    2246     2856
2014-09-06 17:40:00    463340400  ***  ***    0.0    0.0    0.0   15.1   15.1  100.0   15.8   15.1   15.1  770.40    2250     2852
2014-09-06 18:00:00    463341600  ***  ***    0.7    0.7    0.7   14.9   14.9  100.0   15.6   14.9   14.9  770.60    2247     2838
2014-09-06 18:20:00    463342800  ***  ***    0.0    0.0    0.0   14.6   14.6  100.0   15.3   14.6   14.6  770.60    2247     2827
2014-09-06 18:40:00    463344000  ***  ***    0.0    0.0    0.0   14.3   14.3  100.0   15.0   14.3   14.3  770.80    2245     2814
2014-09-06 19:00:00    463345200  ***  ***    0.0    0.0    0.0   14.2   14.2  100.0   14.8   14.2   14.2  770.80    2245     2810
2014-09-06 19:20:00    463346400  ***  ***    0.0    0.0    0.0   14.5   14.5  100.0   15.2   14.5   14.5  771.20    2242     2817
2014-09-06 19:40:00    463347600  ***  ***    0.0    0.0    0.0   14.7   14.7  100.0   15.4   14.7   14.7  771.40    2240     2821
2014-09-06 20:00:00    463348800  ***  ***    0.0    0.0    0.0   14.6   14.6  100.0   15.3   14.6   14.6  771.60    2238     2816
2014-09-06 20:20:00    463350000  ***  ***    0.0    0.0    0.0   14.6   14.6  100.0   15.3   14.6   14.6  771.70    2237     2814
2014-09-06 20:40:00    463351200  ***  ***    0.0    0.0    0.0   14.3   14.3  100.0   15.0   14.3   14.3  771.80    2236     2800
2014-09-06 21:00:00    463352400  ***  ***    0.6    0.6    0.6   14.0   14.0  100.0   14.6   14.0   14.0  771.80    2236     2792
2014-09-06 21:20:00    463353600  ***  ***    0.0    0.0    0.0   14.2   14.2  100.0   14.8   14.2   14.2  771.70    2237     2799
2014-09-06 21:40:00    463354800  ***  ***    0.0    0.0    0.0   14.2   14.2  100.0   14.8   14.2   14.2  771.90    2235     2795
2014-09-06 22:00:00    463356000  ***  ***    0.0    0.0    0.0   14.1   14.1  100.0   14.7   14.1   14.1  771.80    2235     2791
2014-09-06 22:20:00    463357200  ***  ***    0.0    0.0    0.0   13.8   13.8  100.0   14.4   13.8   13.8  771.80    2236     2783
2014-09-06 22:40:00    463358400  ***  ***    0.0    0.0    0.0   14.1   14.1  100.0   14.7   14.1   14.1  772.00    2234     2793
2014-09-06 23:00:00    463359600  ***  ***    0.5    0.5    0.5   14.1   14.1  100.0   14.7   14.1   14.1  771.60    2238     2795
2014-09-06 23:20:00    463360800  ***  ***    0.6    0.6    0.6   13.7   13.7  100.0   14.3   13.7   13.7  771.70    2236     2778
2014-09-06 23:40:00    463362000  ***  ***    0.0    0.0    0.0   13.8   13.8  100.0   14.4   13.8   13.8  771.50    2238     2784
2014-09-07 00:00:00    463363200  ***  ***    0.0    0.0    0.0   13.7   13.7  100.0   14.3   13.7   13.7  771.70    2237     2780
2014-09-07 00:20:00    463364400  ***  ***    0.0    0.0    0.0   13.3   13.3  100.0   13.9   13.3   13.3  771.40    2240     2768
2014-09-07 00:40:00    463365600  ***  ***    0.0    0.0    0.0   13.2   13.2  100.0   13.8   13.2   13.2  770.90    2244     2768
2014-09-07 01:00:00    463366800  ***  ***    0.0    0.0    0.0   13.0   13.0  100.0   13.6   13.0   13.0  770.80    2246     2764
2014-09-07 01:20:00    463368000  ***  ***    0.0    0.0    0.0   12.8   12.8  100.0   13.4   12.8   12.8  770.80    2245     2754
2014-09-07 01:40:00    463369200  ***  ***    0.4    0.4    0.4   12.6   12.6  100.0   13.2   12.6   12.6  770.80    2246     2748
2014-09-07 02:00:00    463370400  ***  ***    0.7    0.7    0.7   12.3   12.3  100.0   12.9   12.3   12.3  770.70    2246     2736
2014-09-07 02:20:00    463371600  ***  ***    0.4    0.4    0.4   12.4   12.4  100.0   13.0   12.4   12.4  770.80    2246     2739
2014-09-07 02:40:00    463372800  ***  ***    0.0    0.0    0.0   12.3   12.3  100.0   12.9   12.3   12.3  770.50    2249     2739
2014-09-07 03:00:00    463374000  ***  ***    0.0    0.0    0.0   12.2   12.2  100.0   12.8   12.2   12.2  770.50    2249     2735
2014-09-07 03:20:00    463375200  ***  ***    0.7    0.7    0.7   12.1   12.1  100.0   12.6   12.1   12.1  770.30    2251     2735
2014-09-07 03:40:00    463376400  ***  ***    0.0    0.0    0.0   11.9   11.9  100.0   12.4   11.9   11.9  770.30    2251     2728
2014-09-07 04:00:00    463377600  ***  ***    0.0    0.0    0.0   11.8   11.8  100.0   12.3   11.8   11.8  770.20    2251     2723
2014-09-07 04:20:00    463378800  ***  ***    0.0    0.0    0.0   12.0   12.0  100.0   12.5   12.0   12.0  770.20    2252     2731
2014-09-07 04:40:00    463380000  ***  ***    0.0    0.0    0.0   12.0   12.0  100.0   12.5   12.0   12.0  770.30    2251     2731
2014-09-07 05:00:00    463381200  ***  ***    0.0    0.0    0.0   11.9   11.9  100.0   12.4   11.9   11.9  770.30    2251     2725
2014-09-07 05:20:00    463382400  ***  ***    0.0    0.0    0.0   11.9   11.9  100.0   12.4   11.9   11.9  770.30    2251     2728
2014-09-07 05:40:00    463383600  ***  ***    0.7    0.7    0.7   11.9   11.9  100.0   12.4   11.9   11.9  770.60    2248     2723
2014-09-07 06:00:00    463384800  ***  ***    0.0    0.0    0.0   12.2   12.2  100.0   12.8   12.2   12.2  770.30    2251     2738
2014-09-07 06:20:00    463386000  ***  ***    0.0    0.0    0.0   12.3   12.3  100.0   12.9   12.3   12.3  770.50    2249     2740
2014-09-07 06:40:00    463387200  ***  ***    0.0    0.0    0.0   12.0   12.0  100.0   12.5   12.0   12.0  770.80    2246     2724
2014-09-07 07:00:00    463388400  ***  ***    0.6    0.6    0.6   12.3   12.3  100.0   12.9   12.3   12.3  770.70    2247     2739
2014-09-07 07:20:00    463389600  ***  ***    0.0    0.0    0.0   12.3   12.3  100.0   12.9   12.3   12.3  771.20    2241     2729
2014-09-07 07:40:00    463390800  ***  ***    0.4    0.4    0.4   12.5   12.5  100.0   13.1   12.5   12.5  771.10    2243     2741
2014-09-07 08:00:00    463392000  ***  ***    0.0    0.0    0.0   12.7   12.7  100.0   13.3   12.7   12.7  771.20    2241     2747
2014-09-07 08:20:00    463393200  ***  ***    0.0    0.0    0.0   12.7   12.7  100.0   13.3   12.7   12.7  771.50    2239     2742
2014-09-07 08:40:00    463394400  ***  ***    0.0    0.0    0.0   12.6   12.6  100.0   13.2   12.6   12.6  771.40    2239     2738
2014-09-07 09:00:00    463395600  ***  ***    0.0    0.0    0.0   12.9   12.9  100.0   13.5   12.9   12.9  771.50    2239     2750
2014-09-07 09:20:00    463396800  ***  ***    0.0    0.0    0.0   13.2   13.2  100.0   13.8   13.2   13.2  772.00    2233     2754
2014-09-07 09:40:00    463398000  ***  ***    0.0    0.0    0.0   13.6   13.6  100.0   14.2   13.6   13.6  772.20    2232     2770
2014-09-07 10:00:00    463399200  ***  ***    0.0    0.0    0.0   14.1   14.1  100.0   14.7   14.1   14.1  772.00    2234     2793
2014-09-07 10:20:00    463400400  ***  ***    0.0    0.0    0.0   13.6   13.6  100.0   14.2   13.6   13.6  772.00    2234     2770
2014-09-07 10:40:00    463401600  ***  ***    0.0    0.0    0.0   14.0   14.0  100.0   14.6   14.0   14.0  772.20    2232     2784
2014-09-07 11:00:00    463402800  ***  ***    0.0    0.0    0.0   14.0   14.0  100.0   14.6   14.0   14.0  772.00    2234     2788
2014-09-07 11:20:00    463404000  ***  ***    0.0    0.0    0.0   13.9   13.9  100.0   14.5   13.9   13.9  771.90    2234     2784
2014-09-07 11:40:00    463405200  ***  ***    0.0    0.0    0.0   14.9   14.9  100.0   15.6   14.9   14.9  771.80    2236     2827
2014-09-07 12:00:00    463406400  ***  ***    0.0    0.0    0.0   15.4   15.4  100.0   16.1   15.4   15.4  771.60    2237     2846
2014-09-07 12:20:00    463407600  ***  ***    0.0    0.0    0.0   16.5   16.5  100.0   17.3   16.5   16.5  771.60    2238     2889
2014-09-07 12:40:00    463408800  ***  ***    0.0    0.0    0.0   18.1   18.1  100.0   18.9   18.1   18.1  771.20    2241     2956
2014-09-07 13:00:00    463410000  ***  ***    0.0    0.0    0.0   19.4   19.4   87.3   19.8   17.3   17.9  771.20    2242     2997
2014-09-07 13:20:00    463411200  ***  ***    0.0    0.0    0.0   18.5   18.5   91.8   18.9   17.1   17.5  770.90    2244     2969
2014-09-07 13:40:00    463412400  ***  ***    0.0    0.0    0.0   23.1   23.1   74.2   23.8   18.2   19.5  770.60    2248     3131
2014-09-07 14:00:00    463413600  ***  ***    0.0    0.0    0.0   21.5   21.5   80.6   22.2   18.0   18.9  770.30    2251     3082
2014-09-07 14:20:00    463414800  ***  ***    0.0    0.0    0.0   21.2   21.2   79.4   21.8   17.5   18.5  770.20    2252     3071
2014-09-07 14:40:00    463416000  ***  ***    0.0    0.0    0.0   21.7   21.7   73.7   22.2   16.8   18.2  769.80    2255     3087
2014-09-07 15:00:00    463417200  ***  ***    0.0    0.0    0.0   21.5   21.5   75.6   22.1   17.0   18.3  769.60    2257     3083
2014-09-07 15:20:00    463418400  ***  ***    0.0    0.0    0.0   19.0   19.0   86.7   19.3   16.7   17.3  769.60    2258     3000
2014-09-07 15:40:00    463419600  ***  ***    0.0    0.0    0.0   18.0   18.0   86.5   18.1   15.7   16.4  769.40    2260     2963
2014-09-07 16:00:00    463420800  ***  ***    0.0    0.0    0.0   18.4   18.4   84.6   18.5   15.8   16.6  769.40    2259     2977
2014-09-07 16:20:00    463422000  ***  ***    0.0    0.0    0.0   19.7   19.7   81.4   19.9   16.5   17.4  769.10    2263     3029
2014-09-07 16:40:00    463423200  ***  ***    0.0    0.0    0.0   23.2   23.2   70.9   23.7   17.6   19.1  769.20    2263     3149
2014-09-07 17:00:00    463424400  ***  ***    0.0    0.0    0.0   21.9   21.9   75.0   22.5   17.3   18.6  768.90    2266     3110
2014-09-07 17:20:00    463425600  ***  ***    0.0    0.0    0.0   23.3   23.3   71.7   23.8   17.9   19.4  769.10    2263     3156
2014-09-07 17:40:00    463426800  ***  ***    0.0    0.0    0.0   19.7   19.7   75.2   19.7   15.2   16.6  769.40    2259     3017
2014-09-07 18:00:00    463428000  ***  ***    0.0    0.0    0.0   20.8   20.8   73.3   21.0   15.8   17.3  769.20    2262     3059
2014-09-07 18:20:00    463429200  ***  ***    0.0    0.0    0.0   15.0   15.0   94.5   15.4   14.1   14.4  769.60    2258     2853
2014-09-07 18:40:00    463430400  ***  ***    0.0    0.0    0.0   14.4   14.4  100.0   15.1   14.4   14.4  769.70    2256     2832
2014-09-07 19:00:00    463431600  ***  ***    0.0    0.0    0.0   13.4   13.4  100.0   14.0   13.4   13.4  769.90    2255     2792
2014-09-07 19:20:00    463432800  ***  ***    0.0    0.0    0.0   13.1   13.1  100.0   13.7   13.1   13.1  769.90    2254     2779
2014-09-07 19:40:00    463434000  ***  ***    0.0    0.0    0.0   12.7   12.7  100.0   13.3   12.7   12.7  770.30    2251     2760
2014-09-07 20:00:00    463435200  ***  ***    0.0    0.0    0.0   13.1   13.1  100.0   13.7   13.1   13.1  770.30    2251     2774
2014-09-07 20:20:00    463436400  ***  ***    0.0    0.0    0.0   12.7   12.7  100.0   13.3   12.7   12.7  770.40    2250     2757
2014-09-07 20:40:00    463437600  ***  ***    0.0    0.0    0.0   12.9   12.9  100.0   13.5   12.9   12.9  770.60    2248     2762
2014-09-07 21:00:00    463438800  ***  ***    0.0    0.0    0.0   12.9   12.9  100.0   13.5   12.9   12.9  770.60    2248     2761
2014-09-07 21:20:00    463440000  ***  ***    0.0    0.0    0.0   13.0   13.0  100.0   13.6   13.0   13.0  770.60    2247     2766
2014-09-07 21:40:00    463441200  ***  ***    0.0    0.0    0.0   12.8   12.8  100.0   13.4   12.8   12.8  770.70    2246     2756
2014-09-07 22:00:00    463442400  ***  ***    0.0    0.0    0.0   12.8   12.8  100.0   13.4   12.8   12.8  770.90    2245     2755
2014-09-07 22:20:00    463443600  ***  ***    0.0    0.0    0.0   13.4   13.4  100.0   14.0   13.4   13.4  770.80    2246     2778
2014-09-07 22:40:00    463444800  ***  ***    0.0    0.0    0.0   13.5   13.5  100.0   14.1   13.5   13.5  771.00    2244     2780
2014-09-07 23:00:00    463446000  ***  ***    0.0    0.0    0.0   13.9   13.9   95.6   14.3   13.2   13.4  770.90    2244     2792
2014-09-07 23:20:00    463447200  ***  ***    0.0    0.0    0.0   14.3   14.3   91.1   14.6   12.9   13.4  770.60    2247     2810
2014-09-07 23:40:00    463448400  ***  ***    0.0    0.0    0.0   13.6   13.6   97.1   14.1   13.1   13.3  770.60    2248     2786
2014-09-08 00:00:00    463449600  ***  ***    0.0    0.0    0.0   13.9   13.9   94.5   14.3   13.0   13.3  770.50    2248     2795
2014-09-08 00:20:00    463450800  ***  ***    0.0    0.0    0.0   13.6   13.6   97.5   14.1   13.2   13.3  770.50    2249     2791
2014-09-08 00:40:00    463452000  ***  ***    0.0    0.0    0.0   13.1   13.1  100.0   13.7   13.1   13.1  770.40    2250     2772
2014-09-08 01:00:00    463453200  ***  ***    0.0    0.0    0.0   13.3   13.3   99.8   13.9   13.3   13.3  770.50    2249     2780
2014-09-08 01:20:00    463454400  ***  ***    0.0    0.0    0.0   13.7   13.7   96.8   14.2   13.3   13.4  770.00    2254     2800
2014-09-08 01:40:00    463455600  ***  ***    0.0    0.0    0.0   13.4   13.4   97.3   13.9   13.0   13.1  769.90    2254     2789
2014-09-08 02:00:00    463456800  ***  ***    0.0    0.0    0.0   13.3   13.3   97.1   13.8   12.9   13.0  769.70    2256     2787
2014-09-08 02:20:00    463458000  ***  ***    0.0    0.0    0.0   13.4   13.4   96.2   13.9   12.8   13.0  769.70    2257     2790
2014-09-08 02:40:00    463459200  ***  ***    0.0    0.0    0.0   13.8   13.8   95.7   14.3   13.1   13.3  769.50    2258     2806
2014-09-08 03:00:00    463460400  ***  ***    0.0    0.0    0.0   13.1   13.1   99.7   13.7   13.1   13.1  769.30    2262     2787
2014-09-08 03:20:00    463461600  ***  ***    0.0    0.0    0.0   12.5   12.5  100.0   13.1   12.5   12.5  769.30    2262     2762
2014-09-08 03:40:00    463462800  ***  ***    0.0    0.0    0.0   12.4   12.4  100.0   13.0   12.4   12.4  769.10    2263     2762
2014-09-08 04:00:00    463464000  ***  ***    0.0    0.0    0.0   12.8   12.8  100.0   13.4   12.8   12.8  769.20    2263     2775
2014-09-08 04:20:00    463465200  ***  ***    0.0    0.0    0.0   12.9   12.9   99.2   13.4   12.8   12.8  769.50    2259     2775
2014-09-08 04:40:00    463466400  ***  ***    0.0    0.0    0.0   13.0   13.0  100.0   13.6   13.0   13.0  769.20    2262     2782
2014-09-08 05:00:00    463467600  ***  ***    0.0    0.0    0.0   12.5   12.5  100.0   13.1   12.5   12.5  769.50    2258     2757
2014-09-08 05:20:00    463468800  ***  ***    0.0    0.0    0.0   12.9   12.9  100.0   13.5   12.9   12.9  769.60    2258     2776
2014-09-08 05:40:00    463470000  ***  ***    0.0    0.0    0.0   13.2   13.2  100.0   13.8   13.2   13.2  769.40    2259     2787
2014-09-08 06:00:00    463471200  ***  ***    0.0    0.0    0.0   13.2   13.2  100.0   13.8   13.2   13.2  769.70    2256     2783
2014-09-08 06:20:00    463472400  ***  ***    0.0    0.0    0.0   12.5   12.5  100.0   13.1   12.5   12.5  769.70    2257     2759
2014-09-08 06:40:00    463473600  ***  ***    0.0    0.0    0.0   13.0   13.0  100.0   13.6   13.0   13.0  770.10    2253     2772
2014-09-08 07:00:00    463474800  ***  ***    0.0    0.0    0.0   14.1   14.1  100.0   14.7   14.1   14.1  769.90    2254     2816
2014-09-08 07:20:00    463476000  ***  ***    0.0    0.0    0.0   14.9   14.9  100.0   15.6   14.9   14.9  769.90    2255     2847
2014-09-08 07:40:00    463477200  ***  ***    0.0    0.0    0.0   15.8   15.8   97.3   16.4   15.4   15.5  770.20    2252     2878
2014-09-08 08:00:00    463478400  ***  ***    0.0    0.0    0.0   16.4   16.4   93.6   16.8   15.4   15.7  770.20    2251     2897
2014-09-08 08:20:00    463479600  ***  ***    0.0    0.0    0.0   19.4   19.4   81.7   19.5   16.2   17.1  770.10    2253     3006
2014-09-08 08:40:00    463480800  ***  ***    0.0    0.0    0.0   19.1   19.1   82.9   19.3   16.2   17.0  770.20    2251     2993
2014-09-08 09:00:00    463482000  ***  ***    0.0    0.0    0.0   22.8   22.8   66.6   23.1   16.3   18.1  770.20    2252     3117
2014-09-08 09:20:00    463483200  ***  ***    0.0    0.0    0.0   17.5   17.5   90.3   17.8   15.9   16.4  770.30    2251     2938
2014-09-08 09:40:00    463484400  ***  ***    0.0    0.0    0.0   16.0   16.0   95.9   16.6   15.4   15.6  770.70    2247     2879
2014-09-08 10:00:00    463485600  ***  ***    0.0    0.0    0.0   17.9   17.9   91.2   18.2   16.4   16.8  770.90    2245     2944
2014-09-08 10:20:00    463486800  ***  ***    0.0    0.0    0.0   15.9   15.9   97.8   16.5   15.6   15.7  771.00    2244     2874
2014-09-08 10:40:00    463488000  ***  ***    0.0    0.0    0.0   15.9   15.9  100.0   16.6   15.9   15.9  770.80    2246     2877
2014-09-08 11:00:00    463489200  ***  ***    0.0    0.0    0.0   15.0   15.0  100.0   15.7   15.0   15.0  770.80    2245     2839
2014-09-08 11:20:00    463490400  ***  ***    0.0    0.0    0.0   15.9   15.9  100.0   16.6   15.9   15.9  770.70    2246     2876
2014-09-08 11:40:00    463491600  ***  ***    0.0    0.0    0.0   16.0   16.0  100.0   16.7   16.0   16.0  770.70    2246     2881
2014-09-08 12:00:00    463492800  ***  ***    0.0    0.0    0.0   16.1   16.1  100.0   16.8   16.1   16.1  770.30    2250     2889
2014-09-08 12:20:00    463494000  ***  ***    0.0    0.0    0.0   15.8   15.8  100.0   16.5   15.8   15.8  770.40    2249     2877
2014-09-08 12:40:00    463495200  ***  ***    0.0    0.0    0.0   15.7   15.7  100.0   16.4   15.7   15.7  770.20    2251     2876
2014-09-08 13:00:00    463496400  ***  ***    0.0    0.0    0.0   18.1   18.1  100.0   18.9   18.1   18.1  770.00    2254     2974
2014-09-08 13:20:00    463497600  ***  ***    0.0    0.0    0.0   18.4   18.4  100.0   19.3   18.4   18.4  769.90    2255     2986
2014-09-08 13:40:00    463498800  ***  ***    0.0    0.0    0.0   16.3   16.3  100.0   17.1   16.3   16.3  770.00    2254     2904
2014-09-08 14:00:00    463500000  ***  ***    0.0    0.0    0.0   15.3   15.3  100.0   16.0   15.3   15.3  769.90    2255     2866
2014-09-08 14:20:00    463501200  ***  ***    0.0    0.0    0.0   14.5   14.5  100.0   15.2   14.5   14.5  769.70    2256     2833
2014-09-08 14:40:00    463502400  ***  ***    0.0    0.0    0.0   14.4   14.4  100.0   15.1   14.4   14.4  769.90    2254     2828
2014-09-08 15:00:00    463503600  ***  ***    0.4    0.4    0.4   14.4   14.4  100.0   15.1   14.4   14.4  770.00    2254     2827
2014-09-08 15:20:00    463504800  ***  ***    0.5    0.5    0.5   14.4   14.4  100.0   15.1   14.4   14.4  769.90    2255     2829
2014-09-08 15:40:00    463506000  ***  ***    1.3    1.3    1.3   14.4   14.4  100.0   15.1   14.4   14.4  769.80    2256     2830
2014-09-08 16:00:00    463507200  ***  ***    0.0    0.0    0.0   14.3   14.3  100.0   15.0   14.3   14.3  769.80    2256     2827
2014-09-08 16:20:00    463508400  ***  ***    0.0    0.0    0.0   14.3   14.3  100.0   15.0   14.3   14.3  769.80    2256     2828
2014-09-08 16:40:00    463509600  ***  ***    1.6    1.6    1.6   14.4   14.1  100.0   15.1   14.4   14.4  769.60    2258     2834
2014-09-08 17:00:00    463510800  ***  ***    1.4    1.4    1.4   14.4   14.3  100.0   15.1   14.4   14.4  769.50    2258     2835
2014-09-08 17:20:00    463512000  ***  ***    1.0    1.0    1.0   14.3   14.3  100.0   15.0   14.3   14.3  769.50    2258     2829
2014-09-08 17:40:00    463513200  ***  ***    0.0    0.0    0.0   14.5   14.5  100.0   15.2   14.5   14.5  769.40    2259     2840
2014-09-08 18:00:00    463514400  ***  ***    0.0    0.0    0.0   14.1   14.1  100.0   14.7   14.1   14.1  769.20    2263     2828
2014-09-08 18:20:00    463515600  ***  ***    0.0    0.0    0.0   14.1   14.1  100.0   14.7   14.1   14.1  769.10    2263     2827
2014-09-08 18:40:00    463516800  ***  ***    0.0    0.0    0.0   13.7   13.7  100.0   14.3   13.7   13.7  769.40    2260     2810
2014-09-08 19:00:00    463518000  ***  ***    0.5    0.5    0.5   13.9   13.9  100.0   14.5   13.9   13.9  769.70    2256     2812
2014-09-08 19:20:00    463519200  ***  ***    0.0    0.0    0.0   13.9   13.9  100.0   14.5   13.9   13.9  769.90    2255     2810
2014-09-08 19:40:00    463520400  ***  ***    1.0    1.0    1.0   13.7   13.7  100.0   14.3   13.7   13.7  769.90    2254     2802
2014-09-08 20:00:00    463521600  ***  ***    0.5    0.5    0.5   13.4   13.4  100.0   14.0   13.4   13.4  770.30    2251     2784
2014-09-08 20:20:00    463522800  ***  ***    1.9    1.9    1.9   13.0   12.2  100.0   13.6   13.0   13.0  770.40    2250     2769
2014-09-08 20:40:00    463524000  ***  ***    2.1    2.1    2.1   12.9   11.9  100.0   13.5   12.9   12.9  770.40    2250     2765
2014-09-08 21:00:00    463525200  ***  ***    1.0    1.0    1.0   12.8   12.8  100.0   13.4   12.8   12.8  770.60    2247     2757
2014-09-08 21:20:00    463526400  ***  ***    2.6    2.6    2.6   12.7   11.4  100.0   13.3   12.7   12.7  770.70    2247     2753
2014-09-08 21:40:00    463527600  ***  ***    2.1    2.1    2.1   13.7   12.9  100.0   14.3   13.7   13.7  770.70    2246     2789
2014-09-08 22:00:00    463528800  ***  ***    1.5    1.5    1.5   13.7   13.4  100.0   14.3   13.7   13.7  770.70    2246     2791
2014-09-08 22:20:00    463530000  ***  ***    2.3    2.3    2.3   13.5   12.5  100.0   14.1   13.5   13.5  770.80    2246     2784
2014-09-08 22:40:00    463531200  ***  ***    2.6    2.6    2.6   13.9   12.9  100.0   14.5   13.9   13.9  770.70    2247     2800
2014-09-08 23:00:00    463532400  ***  ***    1.5    1.5    1.5   13.7   13.4  100.0   14.3   13.7   13.7  770.60    2248     2793
2014-09-08 23:20:00    463533600  ***  ***    2.6    2.6    2.6   14.1   13.1  100.0   14.7   14.1   14.1  770.50    2248     2808
2014-09-08 23:40:00    463534800  ***  ***    1.7    1.7    1.7   13.6   13.1  100.0   14.2   13.6   13.6  770.40    2250     2793
2014-09-09 00:00:00    463536000  ***  ***    2.0    2.0    2.0   13.8   13.1  100.0   14.4   13.8   13.8  770.40    2249     2797
2014-09-09 00:20:00    463537200  ***  ***    2.0    2.0    2.0   13.7   12.9  100.0   14.3   13.7   13.7  770.60    2247     2793
2014-09-09 00:40:00    463538400  ***  ***    2.3    2.3    2.3   13.5   12.5  100.0   14.1   13.5   13.5  770.60    2248     2786
2014-09-09 01:00:00    463539600  ***  ***    2.8    2.8    2.8   13.7   12.5  100.0   14.3   13.7   13.7  770.40    2249     2795
2014-09-09 01:20:00    463540800  ***  ***    2.1    2.1    2.1   13.5   12.6  100.0   14.1   13.5   13.5  770.40    2250     2790
2014-09-09 01:40:00    463542000  ***  ***    2.5    2.5    2.5   13.5   12.4  100.0   14.1   13.5   13.5  770.20    2252     2791
2014-09-09 02:00:00    463543200  ***  ***    2.1    2.1    2.1   13.5   12.6  100.0   14.1   13.5   13.5  770.20    2252     2793
2014-09-09 02:20:00    463544400  ***  ***    1.3    1.3    1.3   13.7   13.6  100.0   14.3   13.7   13.7  770.30    2251     2797
2014-09-09 02:40:00    463545600  ***  ***    1.4    1.4    1.4   13.5   13.3  100.0   14.1   13.5   13.5  770.30    2251     2791
2014-09-09 03:00:00    463546800  ***  ***    1.9    1.9    1.9   13.6   12.9  100.0   14.2   13.6   13.6  770.40    2250     2793
2014-09-09 03:20:00    463548000  ***  ***    1.3    1.3    1.3   13.5   13.3  100.0   14.1   13.5   13.5  770.20    2252     2793
2014-09-09 03:40:00    463549200  ***  ***    0.9    0.9    0.9   13.5   13.5  100.0   14.1   13.5   13.5  770.20    2251     2789
2014-09-09 04:00:00    463550400  ***  ***    1.7    1.7    1.7   13.7   13.2  100.0   14.3   13.7   13.7  770.20    2252     2798
2014-09-09 04:20:00    463551600  ***  ***    2.5    2.5    2.5   13.5   12.4  100.0   14.1   13.5   13.5  770.20    2252     2793
2014-09-09 04:40:00    463552800  ***  ***    1.7    1.7    1.7   13.6   13.1  100.0   14.2   13.6   13.6  770.00    2253     2797
2014-09-09 05:00:00    463554000  ***  ***    1.1    1.1    1.1   13.5   13.5  100.0   14.1   13.5   13.5  770.20    2252     2791
2014-09-09 05:20:00    463555200  ***  ***    1.6    1.6    1.6   13.4   13.0  100.0   14.0   13.4   13.4  770.30    2251     2786
2014-09-09 05:40:00    463556400  ***  ***    1.7    1.7    1.7   13.2   12.6  100.0   13.8   13.2   13.2  770.30    2251     2779
2014-09-09 06:00:00    463557600  ***  ***    1.7    1.7    1.7   13.4   12.9  100.0   14.0   13.4   13.4  770.30    2250     2783
2014-09-09 06:20:00    463558800  ***  ***    0.0    0.0    0.0   13.4   13.4  100.0   14.0   13.4   13.4  770.50    2249     2782
2014-09-09 06:40:00    463560000  ***  ***    0.0    0.0    0.0   13.8   13.8  100.0   14.4   13.8   13.8  770.60    2247     2797
2014-09-09 07:00:00    463561200  ***  ***    0.9    0.9    0.9   14.0   14.0  100.0   14.6   14.0   14.0  771.20    2242     2797
2014-09-09 07:20:00    463562400  ***  ***    1.7    1.7    1.7   13.6   13.1  100.0   14.2   13.6   13.6  770.80    2245     2786
2014-09-09 07:40:00    463563600  ***  ***    0.5    0.5    0.5   14.0   14.0  100.0   14.6   14.0   14.0  770.90    2245     2800
2014-09-09 08:00:00    463564800  ***  ***    0.7    0.7    0.7   14.0   14.0  100.0   14.6   14.0   14.0  770.80    2246     2802
2014-09-09 08:20:00    463566000  ***  ***    1.1    1.1    1.1   14.6   14.6   98.2   15.2   14.3   14.4  771.00    2244     2822
2014-09-09 08:40:00    463567200  ***  ***    1.1    1.1    1.1   15.2   15.2   90.9   15.5   13.7   14.2  771.00    2244     2839
2014-09-09 09:00:00    463568400  ***  ***    1.4    1.4    1.4   15.0   15.0   89.3   15.2   13.3   13.9  771.10    2242     2829
2014-09-09 09:20:00    463569600  ***  ***    2.8    2.8    2.8   15.7   15.0   84.2   15.7   13.0   13.9  771.20    2242     2849
2014-09-09 09:40:00    463570800  ***  ***    1.5    1.5    1.5   16.1   16.1   76.9   15.8   12.1   13.4  771.30    2241     2859
2014-09-09 10:00:00    463572000  ***  ***    1.9    1.9    1.9   16.4   16.3   78.4   16.1   12.6   13.9  771.20    2241     2870
2014-09-09 10:20:00    463573200  ***  ***    1.7    1.7    1.7   17.0   17.0   70.6   16.3   11.6   13.4  770.90    2244     2891
2014-09-09 10:40:00    463574400  ***  ***    2.1    2.1    2.1   17.9   17.9   71.9   17.3   12.7   14.4  771.20    2241     2920
2014-09-09 11:00:00    463575600  ***  ***    2.3    2.3    2.3   17.1   16.9   71.4   16.5   11.9   13.6  770.90    2245     2895
2014-09-09 11:20:00    463576800  ***  ***    2.9    2.9    2.9   17.7   17.4   71.3   17.1   12.4   14.1  770.70    2246     2919
2014-09-09 11:40:00    463578000  ***  ***    1.6    1.6    1.6   17.6   17.6   73.9   17.1   12.9   14.4  770.70    2246     2918
2014-09-09 12:00:00    463579200  ***  ***    2.0    2.0    2.0   17.6   17.6   70.8   16.9   12.2   14.0  770.30    2250     2919
2014-09-09 12:20:00    463580400  ***  ***    2.5    2.5    2.5   18.4   18.4   67.4   17.5   12.3   14.3  770.20    2252     2949
2014-09-09 12:40:00    463581600  ***  ***    1.9    1.9    1.9   18.6   18.6   67.3   17.8   12.4   14.4  770.00    2254     2958
2014-09-09 13:00:00    463582800  ***  ***    3.8    3.8    3.8   17.8   17.2   70.2   17.1   12.3   14.1  769.70    2257     2936
2014-09-09 13:20:00    463584000  ***  ***    2.0    2.0    2.0   18.8   18.8   67.1   18.0   12.5   14.6  769.60    2258     2971
2014-09-09 13:40:00    463585200  ***  ***    2.1    2.1    2.1   19.5   19.5   60.6   18.7   11.7   14.3  769.40    2260     2993
2014-09-09 14:00:00    463586400  ***  ***    3.5    3.5    3.5   18.4   18.1   59.6   17.1   10.4   13.2  768.90    2266     2960
2014-09-09 14:20:00    463587600  ***  ***    2.1    2.1    2.1   18.9   18.9   57.1   17.7   10.2   13.2  768.90    2266     2973
2014-09-09 14:40:00    463588800  ***  ***    2.6    2.6    2.6   19.0   19.0   56.3   17.8   10.1   13.2  769.00    2263     2974
2014-09-09 15:00:00    463590000  ***  ***    2.1    2.1    2.1   19.5   19.5   56.4   18.5   10.6   13.7  768.70    2267     2998
2014-09-09 15:20:00    463591200  ***  ***    2.2    2.2    2.2   18.9   18.9   55.5   17.6    9.8   13.0  768.40    2270     2978
2014-09-09 15:40:00    463592400  ***  ***    2.1    2.1    2.1   18.9   18.9   56.3   17.7   10.0   13.1  768.70    2268     2976
2014-09-09 16:00:00    463593600  ***  ***    1.7    1.7    1.7   19.5   19.5   56.4   18.5   10.6   13.7  768.50    2269     3001
2014-09-09 16:20:00    463594800  ***  ***    3.8    3.8    3.8   18.9   18.6   57.0   17.7   10.2   13.2  768.40    2271     2980
2014-09-09 16:40:00    463596000  ***  ***    2.4    2.4    2.4   18.6   18.6   54.8   17.2    9.3   12.6  768.60    2269     2964
2014-09-09 17:00:00    463597200  ***  ***    2.3    2.3    2.3   18.9   18.9   51.8   17.4    8.8   12.4  768.40    2271     2974
2014-09-09 17:20:00    463598400  ***  ***    1.0    1.0    1.0   19.0   19.0   52.3   17.6    9.0   12.6  768.70    2268     2974
2014-09-09 17:40:00    463599600  ***  ***    2.9    2.9    2.9   18.0   17.8   54.5   16.5    8.7   12.2  768.70    2267     2940
2014-09-09 18:00:00    463600800  ***  ***    2.1    2.1    2.1   17.7   17.7   57.9   16.3    9.3   12.3  769.00    2264     2931
2014-09-09 18:20:00    463602000  ***  ***    0.8    0.8    0.8   17.0   17.0   65.0   16.0   10.4   12.7  769.00    2263     2910
2014-09-09 18:40:00    463603200  ***  ***    2.3    2.3    2.3   16.2   15.8   69.2   15.4   10.6   12.6  769.00    2264     2886
2014-09-09 19:00:00    463604400  ***  ***    2.1    2.1    2.1   15.9   15.5   73.9   15.4   11.2   12.8  769.30    2262     2872
2014-09-09 19:20:00    463605600  ***  ***    2.1    2.1    2.1   15.5   15.1   73.9   15.0   10.8   12.5  769.20    2262     2857
2014-09-09 19:40:00    463606800  ***  ***    1.8    1.8    1.8   15.2   14.9   72.2   14.7   10.2   12.0  769.30    2260     2844
2014-09-09 20:00:00    463608000  ***  ***    1.7    1.7    1.7   14.9   14.6   73.1   14.4   10.1   11.9  769.60    2257     2830
2014-09-09 20:20:00    463609200  ***  ***    1.2    1.2    1.2   14.7   14.7   76.8   14.3   10.6   12.1  769.80    2256     2823
2014-09-09 20:40:00    463610400  ***  ***    1.9    1.9    1.9   14.6   14.1   78.9   14.4   11.0   12.3  769.90    2255     2820
2014-09-09 21:00:00    463611600  ***  ***    2.4    2.4    2.4   14.3   13.5   80.9   14.2   11.1   12.2  769.80    2256     2812
2014-09-09 21:20:00    463612800  ***  ***    2.3    2.3    2.3   14.3   13.5   82.0   14.2   11.2   12.3  769.70    2256     2811
2014-09-09 21:40:00    463614000  ***  ***    2.2    2.2    2.2   14.2   13.4   84.4   14.2   11.6   12.5  769.90    2254     2809
2014-09-09 22:00:00    463615200  ***  ***    1.8    1.8    1.8   13.7   13.1   90.4   13.9   12.2   12.7  769.60    2258     2800
2014-09-09 22:20:00    463616400  ***  ***    2.1    2.1    2.1   13.8   13.0   89.9   14.0   12.2   12.7  769.70    2256     2800
2014-09-09 22:40:00    463617600  ***  ***    1.7    1.7    1.7   13.8   13.3   90.5   14.1   12.3   12.8  769.70    2257     2800
2014-09-09 23:00:00    463618800  ***  ***    2.3    2.3    2.3   13.6   12.7   90.7   13.8   12.1   12.6  769.90    2255     2793
2014-09-09 23:20:00    463620000  ***  ***    1.6    1.6    1.6   13.3   12.8   91.5   13.5   12.0   12.4  769.70    2257     2784
2014-09-09 23:40:00    463621200  ***  ***    1.1    1.1    1.1   13.5   13.5   91.1   13.7   12.1   12.6  769.50    2259     2794
2014-09-10 00:00:00    463622400  ***  ***    2.2    2.2    2.2   13.4   12.5   93.4   13.7   12.3   12.7  769.30    2262     2793
2014-09-10 00:20:00    463623600  ***  ***    2.3    2.3    2.3   13.4   12.4   89.5   13.6   11.7   12.3  769.50    2258     2785
2014-09-10 00:40:00    463624800  ***  ***    2.0    2.0    2.0   13.3   12.5   90.6   13.5   11.8   12.3  769.20    2262     2787
2014-09-10 01:00:00    463626000  ***  ***    2.2    2.2    2.2   13.3   12.4   90.0   13.5   11.7   12.3  769.20    2262     2786
2014-09-10 01:20:00    463627200  ***  ***    2.3    2.3    2.3   13.0   11.9   85.1   13.0   10.5   11.4  769.20    2263     2772
2014-09-10 01:40:00    463628400  ***  ***    2.1    2.1    2.1   13.0   12.0   80.7   12.9    9.8   11.0  769.20    2263     2770
2014-09-10 02:00:00    463629600  ***  ***    1.9    1.9    1.9   12.8   12.0   84.1   12.8   10.2   11.1  769.20    2262     2764
2014-09-10 02:20:00    463630800  ***  ***    2.1    2.1    2.1   12.9   11.9   86.2   12.9   10.7   11.5  769.10    2263     2772
2014-09-10 02:40:00    463632000  ***  ***    2.0    2.0    2.0   12.7   11.7   88.4   12.9   10.8   11.5  769.10    2263     2764
2014-09-10 03:00:00    463633200  ***  ***    2.0    2.0    2.0   13.0   12.1   86.2   13.0   10.8   11.6  769.20    2262     2773
2014-09-10 03:20:00    463634400  ***  ***    1.3    1.3    1.3   12.8   12.5   88.2   13.0   10.9   11.5  769.00    2263     2770
2014-09-10 03:40:00    463635600  ***  ***    2.4    2.4    2.4   12.5   11.3   88.1   12.6   10.6   11.3  769.10    2263     2757
2014-09-10 04:00:00    463636800  ***  ***    1.7    1.7    1.7   13.0   12.4   80.6   12.8    9.8   11.0  768.90    2266     2775
2014-09-10 04:20:00    463638000  ***  ***    2.2    2.2    2.2   12.7   11.6   86.3   12.8   10.5   11.3  769.40    2260     2759
2014-09-10 04:40:00    463639200  ***  ***    2.4    2.4    2.4   12.1   10.8   91.5   12.3   10.8   11.3  769.10    2263     2746
2014-09-10 05:00:00    463640400  ***  ***    2.0    2.0    2.0   12.2   11.1   90.7   12.4   10.7   11.3  769.00    2263     2748
2014-09-10 05:20:00    463641600  ***  ***    1.4    1.4    1.4   12.0   11.5   92.5   12.3   10.8   11.3  769.50    2259     2734
2014-09-10 05:40:00    463642800  ***  ***    1.8    1.8    1.8   12.3   11.5   88.3   12.5   10.4   11.1  769.10    2263     2750
2014-09-10 06:00:00    463644000  ***  ***    1.5    1.5    1.5   12.2   11.6   90.0   12.4   10.6   11.2  769.10    2263     2744
2014-09-10 06:20:00    463645200  ***  ***    0.7    0.7    0.7   12.1   12.1   86.6   12.2   10.0   10.8  769.60    2258     2735
2014-09-10 06:40:00    463646400  ***  ***    1.5    1.5    1.5   12.6   12.1   76.7   12.3    8.7   10.2  769.60    2257     2747
2014-09-10 07:00:00    463647600  ***  ***    2.0    2.0    2.0   12.4   11.4   76.9   12.1    8.5   10.0  769.90    2255     2735
2014-09-10 07:20:00    463648800  ***  ***    1.0    1.0    1.0   12.9   12.9   79.2   12.7    9.4   10.7  770.00    2254     2755
2014-09-10 07:40:00    463650000  ***  ***    0.9    0.9    0.9   13.4   13.4   74.4   13.0    9.0   10.7  770.00    2254     2770
2014-09-10 08:00:00    463651200  ***  ***    1.6    1.6    1.6   14.0   13.7   70.1   13.4    8.6   10.6  770.40    2250     2782
2014-09-10 08:20:00    463652400  ***  ***    1.7    1.7    1.7   14.3   13.9   70.9   13.7    9.1   11.1  770.40    2249     2796
2014-09-10 08:40:00    463653600  ***  ***    0.0    0.0    0.0   15.0   15.0   63.4   14.0    8.1   10.7  770.50    2249     2815
2014-09-10 09:00:00    463654800  ***  ***    1.3    1.3    1.3   15.6   15.6   64.4   14.7    8.9   11.4  770.50    2249     2836
2014-09-10 09:20:00    463656000  ***  ***    1.3    1.3    1.3   16.2   16.2   61.4   15.1    8.8   11.5  770.60    2248     2857
2014-09-10 09:40:00    463657200  ***  ***    1.1    1.1    1.1   16.9   16.9   59.4   15.6    8.9   11.9  770.80    2245     2876
2014-09-10 10:00:00    463658400  ***  ***    1.5    1.5    1.5   16.7   16.7   53.3   15.2    7.2   10.9  770.90    2244     2864
2014-09-10 10:20:00    463659600  ***  ***    1.7    1.7    1.7   17.7   17.7   52.0   16.0    7.7   11.5  770.70    2246     2899
2014-09-10 10:40:00    463660800  ***  ***    2.1    2.1    2.1   17.2   17.1   44.4   15.2    5.0   10.0  770.80    2245     2873
2014-09-10 11:00:00    463662000  ***  ***    1.4    1.4    1.4   17.9   17.9   45.6   15.9    6.0   10.7  770.70    2247     2903
2014-09-10 11:20:00    463663200  ***  ***    1.9    1.9    1.9   18.5   18.5   46.6   16.5    6.9   11.4  770.70    2247     2927
2014-09-10 11:40:00    463664400  ***  ***    1.3    1.3    1.3   18.3   18.3   48.6   16.4    7.3   11.5  770.20    2251     2925
2014-09-10 12:00:00    463665600  ***  ***    2.3    2.3    2.3   18.3   18.3   43.3   16.2    5.6   10.7  770.70    2247     2914
2014-09-10 12:20:00    463666800  ***  ***    1.2    1.2    1.2   19.5   19.5   46.7   18.0    7.8   12.2  770.40    2249     2965
2014-09-10 12:40:00    463668000  ***  ***    1.5    1.5    1.5   19.7   19.7   44.4   18.2    7.3   12.0  770.20    2252     2974
2014-09-10 13:00:00    463669200  ***  ***    1.8    1.8    1.8   19.7   19.7   41.8   18.1    6.4   11.5  770.20    2252     2971
2014-09-10 13:20:00    463670400  ***  ***    1.0    1.0    1.0   20.6   20.6   46.7   19.6    8.8   13.0  770.00    2254     3012
2014-09-10 13:40:00    463671600  ***  ***    0.5    0.5    0.5   20.6   20.6   48.7   19.7    9.5   13.4  769.60    2258     3021
2014-09-10 14:00:00    463672800  ***  ***    2.2    2.2    2.2   20.8   20.8   45.9   19.9    8.8   13.1  769.70    2256     3021
2014-09-10 14:20:00    463674000  ***  ***    1.2    1.2    1.2   20.8   20.8   45.4   19.9    8.6   13.0  769.50    2258     3021
2014-09-10 14:40:00    463675200  ***  ***    2.2    2.2    2.2   20.8   20.8   48.4   20.0    9.5   13.5  769.50    2259     3027
2014-09-10 15:00:00    463676400  ***  ***    1.4    1.4    1.4   20.9   20.9   45.9   20.1    8.8   13.1  769.30    2262     3031
2014-09-10 15:20:00    463677600  ***  ***    2.4    2.4    2.4   20.4   20.4   47.5   19.4    8.9   13.0  768.90    2266     3019
2014-09-10 15:40:00    463678800  ***  ***    1.0    1.0    1.0   20.4   20.4   45.1   19.3    8.1   12.6  768.90    2266     3016
2014-09-10 16:00:00    463680000  ***  ***    1.9    1.9    1.9   19.8   19.8   48.6   18.6    8.7   12.7  768.70    2267     3001
2014-09-10 16:20:00    463681200  ***  ***    1.8    1.8    1.8   20.9   20.9   46.3   20.1    9.0   13.2  768.80    2267     3037
2014-09-10 16:40:00    463682400  ***  ***    1.5    1.5    1.5   21.0   21.0   46.1   20.2    9.0   13.3  768.50    2269     3044
2014-09-10 17:00:00    463683600  ***  ***    1.8    1.8    1.8   20.7   20.7   45.5   19.8    8.5   12.9  768.80    2267     3030
2014-09-10 17:20:00    463684800  ***  ***    1.7    1.7    1.7   19.6   19.6   48.6   18.3    8.4   12.5  768.70    2268     2992
2014-09-10 17:40:00    463686000  ***  ***    2.3    2.3    2.3   18.9   18.9   49.7   17.3    8.2   12.2  768.70    2267     2968
2014-09-10 18:00:00    463687200  ***  ***    1.5    1.5    1.5   18.7   18.7   49.7   17.0    8.0   12.0  768.80    2266     2960
2014-09-10 18:20:00    463688400  ***  ***    0.9    0.9    0.9   17.1   17.1   55.3   15.6    8.1   11.5  768.80    2267     2909
2014-09-10 18:40:00    463689600  ***  ***    1.2    1.2    1.2   16.4   16.4   56.3   15.1    7.7   11.0  769.00    2263     2879
2014-09-10 19:00:00    463690800  ***  ***    1.0    1.0    1.0   16.0   16.0   56.9   14.7    7.5   10.8  769.30    2262     2862
2014-09-10 19:20:00    463692000  ***  ***    1.4    1.4    1.4   16.0   16.0   56.4   14.7    7.3   10.6  769.50    2259     2859
2014-09-10 19:40:00    463693200  ***  ***    1.3    1.3    1.3   15.9   15.9   55.7   14.5    7.0   10.5  769.40    2260     2856
2014-09-10 20:00:00    463694400  ***  ***    1.1    1.1    1.1   16.0   16.0   55.3   14.6    7.1   10.6  769.70    2257     2856
2014-09-10 20:20:00    463695600  ***  ***    0.6    0.6    0.6   15.4   15.4   57.6   14.2    7.1   10.4  769.80    2255     2835
2014-09-10 20:40:00    463696800  ***  ***    1.3    1.3    1.3   15.8   15.8   55.6   14.5    7.0   10.4  770.00    2254     2846
2014-09-10 21:00:00    463698000  ***  ***    1.0    1.0    1.0   15.6   15.6   56.7   14.4    7.1   10.4  770.00    2254     2840
2014-09-10 21:20:00    463699200  ***  ***    1.3    1.3    1.3   15.7   15.7   55.3   14.4    6.8   10.3  770.20    2251     2838
2014-09-10 21:40:00    463700400  ***  ***    0.9    0.9    0.9   15.2   15.2   57.3   14.0    6.8   10.1  770.30    2250     2819
2014-09-10 22:00:00    463701600  ***  ***    1.9    1.9    1.9   15.7   15.4   55.2   14.4    6.7   10.3  770.10    2252     2836
2014-09-10 22:20:00    463702800  ***  ***    0.6    0.6    0.6   15.1   15.1   61.5   14.1    7.8   10.6  770.20    2251     2820
2014-09-10 22:40:00    463704000  ***  ***    0.0    0.0    0.0   14.5   14.5   71.1   13.9    9.3   11.2  770.20    2251     2806
2014-09-10 23:00:00    463705200  ***  ***    0.0    0.0    0.0   14.0   14.0   75.8   13.6    9.8   11.3  770.20    2252     2791
2014-09-10 23:20:00    463706400  ***  ***    0.0    0.0    0.0   13.8   13.8   76.4   13.4    9.7   11.2  770.30    2251     2783
2014-09-10 23:40:00    463707600  ***  ***    0.0    0.0    0.0   14.5   14.5   67.9   13.8    8.7   10.9  770.40    2250     2802
2014-09-11 00:00:00    463708800  ***  ***    0.0    0.0    0.0   13.8   13.8   69.7   13.2    8.3   10.4  770.60    2248     2773
2014-09-11 00:20:00    463710000  ***  ***    0.0    0.0    0.0   13.7   13.7   68.8   13.1    8.0   10.2  770.10    2252     2774
2014-09-11 00:40:00    463711200  ***  ***    0.0    0.0    0.0   14.3   14.3   67.3   13.5    8.3   10.6  770.00    2254     2797
2014-09-11 01:00:00    463712400  ***  ***    0.0    0.0    0.0   14.5   14.5   64.6   13.7    7.9   10.5  770.20    2252     2800
2014-09-11 01:20:00    463713600  ***  ***    0.0    0.0    0.0   13.6   13.6   70.4   13.0    8.3   10.4  770.00    2254     2775
2014-09-11 01:40:00    463714800  ***  ***    0.0    0.0    0.0   13.5   13.5   73.9   13.1    9.0   10.7  770.00    2254     2775
2014-09-11 02:00:00    463716000  ***  ***    0.0    0.0    0.0   13.7   13.7   75.7   13.4    9.4   11.0  770.10    2253     2780
2014-09-11 02:20:00    463717200  ***  ***    0.0    0.0    0.0   13.8   13.8   79.5   13.6   10.3   11.5  769.70    2256     2791
2014-09-11 02:40:00    463718400  ***  ***    0.0    0.0    0.0   13.5   13.5   84.3   13.5   10.9   11.8  769.80    2255     2783
2014-09-11 03:00:00    463719600  ***  ***    0.0    0.0    0.0   13.9   13.9   82.9   13.9   11.1   12.1  769.70    2257     2801
2014-09-11 03:20:00    463720800  ***  ***    0.0    0.0    0.0   13.6   13.6   83.8   13.6   10.9   11.9  769.70    2256     2788
2014-09-11 03:40:00    463722000  ***  ***    0.0    0.0    0.0   14.2   14.2   77.1   13.9   10.2   11.6  769.60    2258     2808
2014-09-11 04:00:00    463723200  ***  ***    0.0    0.0    0.0   14.2   14.2   66.4   13.5    8.1   10.4  769.70    2256     2798
2014-09-11 04:20:00    463724400  ***  ***    0.0    0.0    0.0   13.4   13.4   68.4   12.8    7.7    9.9  769.70    2256     2769
2014-09-11 04:40:00    463725600  ***  ***    0.0    0.0    0.0   12.6   12.6   66.6   11.9    6.6    9.0  769.70    2256     2739
2014-09-11 05:00:00    463726800  ***  ***    0.0    0.0    0.0   12.6   12.6   63.6   11.8    5.9    8.6  769.80    2256     2735
2014-09-11 05:20:00    463728000  ***  ***    0.0    0.0    0.0   13.8   13.8   60.3   12.8    6.3    9.4  770.00    2254     2775
2014-09-11 05:40:00    463729200  ***  ***    0.0    0.0    0.0   13.0   13.0   64.0   12.2    6.3    9.0  769.90    2255     2748
2014-09-11 06:00:00    463730400  ***  ***    0.0    0.0    0.0   13.3   13.3   60.2   12.4    5.8    8.9  770.20    2252     2754
2014-09-11 06:20:00    463731600  ***  ***    0.0    0.0    0.0   15.6   15.6   48.1   13.9    4.6    9.2  770.10    2253     2828
2014-09-11 06:40:00    463732800  ***  ***    0.0    0.0    0.0   14.6   14.6   47.0   13.0    3.4    8.2  770.10    2252     2792
2014-09-11 07:00:00    463734000  ***  ***    0.0    0.0    0.0   16.0   16.0   43.8   14.1    3.7    9.0  770.40    2250     2836
2014-09-11 07:20:00    463735200  ***  ***    0.0    0.0    0.0   16.3   16.3   45.1   14.5    4.4    9.4  770.00    2253     2853
2014-09-11 07:40:00    463736400  ***  ***    0.0    0.0    0.0   17.2   17.2   44.9   15.2    5.2   10.0  770.40    2249     2880
2014-09-11 08:00:00    463737600  ***  ***    0.0    0.0    0.0   18.1   18.1   56.6   16.7    9.3   12.5  769.80    2256     2932
2014-09-11 08:20:00    463738800  ***  ***    0.0    0.0    0.0   18.4   18.4   52.3   16.7    8.5   12.2  770.20    2251     2934
2014-09-11 08:40:00    463740000  ***  ***    0.0    0.0    0.0   19.1   19.1   60.2   18.2   11.2   13.9  770.10    2253     2970
2014-09-11 09:00:00    463741200  ***  ***    0.5    0.5    0.5   20.1   20.1   68.8   19.9   14.2   16.0  770.30    2250     3013
2014-09-11 09:20:00    463742400  ***  ***    0.7    0.7    0.7   20.0   20.0   64.1   19.6   13.0   15.2  770.50    2249     3002
2014-09-11 09:40:00    463743600  ***  ***    0.0    0.0    0.0   20.5   20.5   63.6   20.2   13.4   15.7  770.50    2249     3022
2014-09-11 10:00:00    463744800  ***  ***    0.0    0.0    0.0   22.8   22.8   59.3   22.7   14.4   16.9  770.70    2247     3097
2014-09-11 10:20:00    463746000  ***  ***    0.0    0.0    0.0   23.9   23.9   59.1   23.8   15.5   17.9  770.50    2249     3144
2014-09-11 10:40:00    463747200  ***  ***    0.3    0.3    0.3   22.5   22.5   62.0   22.6   14.9   17.1  770.40    2250     3097
2014-09-11 11:00:00    463748400  ***  ***    0.0    0.0    0.0   22.9   22.9   59.0   22.8   14.4   16.9  770.70    2247     3102
2014-09-11 11:20:00    463749600  ***  ***    0.0    0.0    0.0   19.2   19.2   71.2   18.8   13.9   15.6  770.60    2247     2979
2014-09-11 11:40:00    463750800  ***  ***    0.0    0.0    0.0   19.9   19.9   69.6   19.7   14.2   15.9  770.60    2248     3004
2014-09-11 12:00:00    463752000  ***  ***    0.5    0.5    0.5   22.3   22.3   60.9   22.3   14.4   16.8  770.20    2251     3089
2014-09-11 12:20:00    463753200  ***  ***    0.0    0.0    0.0   21.3   21.3   62.5   21.3   13.8   16.1  770.40    2250     3051
2014-09-11 12:40:00    463754400  ***  ***    0.0    0.0    0.0   21.9   21.9   61.3   21.9   14.1   16.5  770.20    2251     3073
2014-09-11 13:00:00    463755600  ***  ***    0.0    0.0    0.0   22.1   22.1   58.6   22.0   13.6   16.3  770.00    2253     3080
2014-09-11 13:20:00    463756800  ***  ***    0.0    0.0    0.0   21.8   21.8   58.5   21.7   13.3   16.0  769.80    2256     3073
2014-09-11 13:40:00    463758000  ***  ***    0.0    0.0    0.0   13.9   13.9   86.7   14.0   11.7   12.5  769.60    2257     2803
2014-09-11 14:00:00    463759200  ***  ***    0.0    0.0    0.0   13.4   13.4   84.7   13.4   10.8   11.7  769.70    2257     2781
2014-09-11 14:20:00    463760400  ***  ***    0.0    0.0    0.0   18.9   18.9   87.4   19.2   16.7   17.3  769.40    2259     2997
2014-09-11 14:40:00    463761600  ***  ***    0.0    0.0    0.0   18.7   18.7   86.9   18.9   16.5   17.1  769.10    2263     2996
2014-09-11 15:00:00    463762800  ***  ***    0.0    0.0    0.0   18.0   18.0   67.8   17.2   11.9   13.9  768.90    2264     2949
2014-09-11 15:20:00    463764000  ***  ***    0.0    0.0    0.0   18.1   18.1   74.5   17.6   13.5   15.0  769.10    2263     2958
2014-09-11 15:40:00    463765200  ***  ***    0.5    0.5    0.5   19.0   19.0   62.0   18.1   11.6   14.1  768.80    2267     2986
2014-09-11 16:00:00    463766400  ***  ***    0.0    0.0    0.0   25.2   25.2   48.4   24.6   13.5   17.1  768.70    2268     3198
2014-09-11 16:20:00    463767600  ***  ***    0.3    0.3    0.3   22.9   22.9   53.9   22.6   13.0   16.1  768.30    2271     3124
2014-09-11 16:40:00    463768800  ***  ***    0.0    0.0    0.0   33.5   33.5   36.8   35.2   16.8   21.2  768.70    2268     3481
2014-09-11 17:00:00    463770000  ***  ***    0.0    0.0    0.0   32.0   32.0   36.7   32.6   15.4   20.0  768.60    2268     3427
2014-09-11 17:20:00    463771200  ***  ***    0.0    0.0    0.0   22.5   22.5   55.6   22.3   13.2   16.1  768.40    2270     3111
2014-09-11 17:40:00    463772400  ***  ***    0.0    0.0    0.0   18.3   18.3   61.5   17.1   10.8   13.4  768.90    2264     2956
2014-09-11 18:00:00    463773600  ***  ***    0.0    0.0    0.0   18.4   18.4   54.5   16.9    9.1   12.5  769.10    2263     2949
2014-09-11 18:20:00    463774800  ***  ***    0.0    0.0    0.0   19.2   19.2   54.1   17.9    9.7   13.0  769.10    2263     2979
2014-09-11 18:40:00    463776000  ***  ***    0.0    0.0    0.0   17.8   17.8   53.6   16.2    8.3   11.9  769.40    2260     2925
2014-09-11 19:00:00    463777200  ***  ***    0.0    0.0    0.0   17.5   17.5   54.0   15.9    8.1   11.6  769.60    2258     2909
2014-09-11 19:20:00    463778400  ***  ***    0.0    0.0    0.0   16.9   16.9   56.5   15.6    8.2   11.5  769.20    2262     2896
2014-09-11 19:40:00    463779600  ***  ***    0.0    0.0    0.0   17.1   17.1   55.0   15.6    8.0   11.4  769.60    2257     2897
2014-09-11 20:00:00    463780800  ***  ***    0.0    0.0    0.0   17.7   17.7   52.8   16.1    8.0   11.6  769.50    2259     2919
2014-09-11 20:20:00    463782000  ***  ***    0.0    0.0    0.0   17.5   17.5   54.5   16.0    8.2   11.7  769.80    2256     2907
2014-09-11 20:40:00    463783200  ***  ***    0.0    0.0    0.0   17.0   17.0   58.4   15.7    8.7   11.8  769.80    2256     2892
2014-09-11 21:00:00    463784400  ***  ***    0.0    0.0    0.0   17.2   17.2   55.4   15.7    8.2   11.6  769.80    2256     2899
2014-09-11 21:20:00    463785600  ***  ***    0.0    0.0    0.0   16.6   16.6   56.6   15.3    8.0   11.2  769.80    2256     2879
2014-09-11 21:40:00    463786800  ***  ***    0.0    0.0    0.0   15.9   15.9   60.9   14.8    8.4   11.2  769.70    2256     2856
2014-09-11 22:00:00    463788000  ***  ***    0.0    0.0    0.0   17.0   17.0   56.2   15.6    8.2   11.5  770.10    2253     2889
2014-09-11 22:20:00    463789200  ***  ***    0.0    0.0    0.0   16.6   16.6   58.5   15.4    8.4   11.4  770.00    2254     2877
2014-09-11 22:40:00    463790400  ***  ***    0.3    0.3    0.3   16.7   16.7   58.5   15.5    8.5   11.5  770.00    2254     2881
2014-09-11 23:00:00    463791600  ***  ***    1.2    1.2    1.2   16.6   16.6   57.4   15.3    8.2   11.4  770.10    2253     2875
2014-09-11 23:20:00    463792800  ***  ***    0.5    0.5    0.5   16.2   16.2   59.3   15.0    8.3   11.3  770.20    2251     2858
2014-09-11 23:40:00    463794000  ***  ***    0.0    0.0    0.0   16.5   16.5   56.8   15.2    7.9   11.2  770.10    2253     2870
2014-09-12 00:00:00    463795200  ***  ***    0.6    0.6    0.6   16.6   16.6   54.2   15.1    7.3   10.9  769.80    2256     2876
2014-09-12 00:20:00    463796400  ***  ***    0.0    0.0    0.0   16.2   16.2   54.8   14.8    7.1   10.6  770.10    2253     2857
2014-09-12 00:40:00    463797600  ***  ***    0.4    0.4    0.4   16.5   16.5   53.9   15.0    7.1   10.7  770.00    2254     2869
2014-09-12 01:00:00    463798800  ***  ***    0.0    0.0    0.0   15.6   15.6   57.5   14.4    7.3   10.5  769.70    2256     2843
2014-09-12 01:20:00    463800000  ***  ***    0.0    0.0    0.0   15.6   15.6   57.5   14.4    7.2   10.5  769.70    2256     2841
2014-09-12 01:40:00    463801200  ***  ***    0.0    0.0    0.0   16.7   16.7   50.7   15.1    6.4   10.5  769.70    2256     2876
2014-09-12 02:00:00    463802400  ***  ***    0.0    0.0    0.0   15.0   15.0   57.5   13.8    6.7   10.0  769.70    2256     2821
2014-09-12 02:20:00    463803600  ***  ***    0.0    0.0    0.0   13.1   13.1   65.6   12.3    6.8    9.3  769.60    2258     2757
2014-09-12 02:40:00    463804800  ***  ***    0.0    0.0    0.0   14.3   14.3   61.1   13.3    6.9    9.9  769.50    2259     2800
2014-09-12 03:00:00    463806000  ***  ***    0.0    0.0    0.0   14.0   14.0   63.7   13.1    7.2    9.9  769.50    2259     2791
2014-09-12 03:20:00    463807200  ***  ***    0.0    0.0    0.0   13.8   13.8   65.9   13.1    7.6   10.0  769.60    2258     2786
2014-09-12 03:40:00    463808400  ***  ***    0.0    0.0    0.0   13.7   13.7   66.7   13.0    7.6    9.9  769.50    2259     2782
2014-09-12 04:00:00    463809600  ***  ***    0.0    0.0    0.0   13.0   13.0   71.0   12.5    7.9    9.9  769.30    2262     2762
2014-09-12 04:20:00    463810800  ***  ***    0.0    0.0    0.0   12.2   12.2   77.7   12.0    8.5    9.9  769.50    2259     2735
2014-09-12 04:40:00    463812000  ***  ***    0.0    0.0    0.0   12.3   12.3   83.0   12.3    9.5   10.6  769.50    2258     2739
2014-09-12 05:00:00    463813200  ***  ***    0.0    0.0    0.0   13.4   13.4   79.9   13.2   10.0   11.3  769.90    2255     2775
2014-09-12 05:20:00    463814400  ***  ***    0.0    0.0    0.0   13.7   13.7   75.7   13.4    9.5   11.1  770.00    2253     2781
2014-09-12 05:40:00    463815600  ***  ***    0.0    0.0    0.0   13.1   13.1   77.4   12.8    9.2   10.6  769.90    2255     2762
2014-09-12 06:00:00    463816800  ***  ***    0.0    0.0    0.0   12.2   12.2   83.0   12.2    9.4   10.5  769.90    2254     2730
2014-09-12 06:20:00    463818000  ***  ***    0.0    0.0    0.0   12.5   12.5   81.4   12.4    9.4   10.6  770.10    2253     2739
2014-09-12 06:40:00    463819200  ***  ***    0.0    0.0    0.0   13.1   13.1   79.6   12.9    9.7   11.0  770.30    2251     2760
2014-09-12 07:00:00    463820400  ***  ***    0.0    0.0    0.0   14.0   14.0   78.9   13.8   10.4   11.7  770.30    2250     2793
2014-09-12 07:20:00    463821600  ***  ***    0.0    0.0    0.0   15.5   15.5   72.7   14.9   10.6   12.3  770.20    2252     2844
2014-09-12 07:40:00    463822800  ***  ***    0.0    0.0    0.0   16.1   16.1   71.5   15.5   11.0   12.7  770.40    2249     2864
2014-09-12 08:00:00    463824000  ***  ***    0.0    0.0    0.0   17.0   17.0   69.9   16.3   11.5   13.4  770.40    2250     2898
2014-09-12 08:20:00    463825200  ***  ***    0.0    0.0    0.0   17.7   17.7   73.4   17.2   12.9   14.5  770.60    2247     2924
2014-09-12 08:40:00    463826400  ***  ***    0.0    0.0    0.0   18.5   18.5   69.8   17.8   12.8   14.7  770.20    2251     2954
2014-09-12 09:00:00    463827600  ***  ***    0.0    0.0    0.0   18.8   18.8   71.1   18.2   13.5   15.2  770.30    2251     2967
2014-09-12 09:20:00    463828800  ***  ***    0.0    0.0    0.0   20.3   20.3   67.3   20.1   14.1   16.0  770.40    2250     3021
2014-09-12 09:40:00    463830000  ***  ***    0.0    0.0    0.0   20.6   20.6   71.7   20.7   15.4   16.9  770.80    2246     3032
2014-09-12 10:00:00    463831200  ***  ***    0.0    0.0    0.0   20.7   20.7   71.9   20.8   15.4   16.9  770.70    2247     3035
2014-09-12 10:20:00    463832400  ***  ***    0.0    0.0    0.0   21.7   21.7   69.3   22.1   15.9   17.6  770.80    2245     3069
2014-09-12 10:40:00    463833600  ***  ***    0.0    0.0    0.0   20.9   20.9   69.3   21.0   15.1   16.9  770.60    2248     3042
2014-09-12 11:00:00    463834800  ***  ***    0.0    0.0    0.0   22.8   22.8   64.6   23.0   15.8   17.8  770.40    2250     3110
2014-09-12 11:20:00    463836000  ***  ***    0.0    0.0    0.0   23.5   23.5   62.3   23.6   15.9   18.1  770.50    2249     3133
2014-09-12 11:40:00    463837200  ***  ***    0.0    0.0    0.0   23.3   23.3   64.7   23.5   16.3   18.3  770.40    2249     3129
2014-09-12 12:00:00    463838400  ***  ***    0.0    0.0    0.0   23.0   23.0   62.6   23.1   15.5   17.7  770.30    2251     3117
2014-09-12 12:20:00    463839600  ***  ***    0.0    0.0    0.0   24.5   24.5   60.8   24.5   16.5   18.7  770.10    2253     3174
2014-09-12 12:40:00    463840800  ***  ***    0.6    0.6    0.6   25.1   25.1   57.8   25.0   16.2   18.7  770.00    2254     3192
2014-09-12 13:00:00    463842000  ***  ***    0.0    0.0    0.0   25.4   25.4   58.6   25.6   16.7   19.1  769.90    2255     3206
2014-09-12 13:20:00    463843200  ***  ***    0.0    0.0    0.0   26.7   26.7   47.9   26.4   14.7   18.2  769.70    2256     3238
2014-09-12 13:40:00    463844400  ***  ***    0.0    0.0    0.0   27.4   27.4   50.1   27.6   16.1   19.2  769.50    2259     3274
2014-09-12 14:00:00    463845600  ***  ***    0.0    0.0    0.0   26.8   26.8   51.8   27.0   16.1   19.1  769.30    2262     3256
2014-09-12 14:20:00    463846800  ***  ***    0.0    0.0    0.0   27.4   27.4   50.7   27.6   16.3   19.3  769.10    2263     3279
2014-09-12 14:40:00    463848000  ***  ***    0.0    0.0    0.0   29.3   29.3   45.5   29.9   16.3   19.8  768.90    2266     3339
2014-09-12 15:00:00    463849200  ***  ***    0.0    0.0    0.0   21.2   21.2   64.9   21.2   14.4   16.4  768.70    2267     3072
2014-09-12 15:20:00    463850400  ***  ***    0.3    0.3    0.3   20.7   20.7   64.1   20.6   13.6   15.8  768.60    2268     3051
2014-09-12 15:40:00    463851600  ***  ***    0.0    0.0    0.0   19.3   19.3   67.0   18.7   13.0   15.0  769.10    2263     2998
2014-09-12 16:00:00    463852800  ***  ***    0.0    0.0    0.0   27.0   27.0   47.6   26.8   15.0   18.5  769.10    2263     3260
2014-09-12 16:20:00    463854000  ***  ***    0.0    0.0    0.0   28.7   28.7   44.7   28.8   15.5   19.2  768.60    2268     3320
2014-09-12 16:40:00    463855200  ***  ***    0.0    0.0    0.0   22.0   22.0   56.6   21.8   12.9   15.8  769.00    2263     3086
2014-09-12 17:00:00    463856400  ***  ***    0.0    0.0    0.0   24.5   24.5   51.9   24.0   13.9   17.1  768.60    2269     3177
2014-09-12 17:20:00    463857600  ***  ***    0.0    0.0    0.0   24.6   24.6   43.9   23.6   11.5   15.7  753.00    2433     3371
2014-09-12 17:40:00    463858800  ***  ***    0.0    0.0    0.0   22.2   22.2   49.4   21.7   11.1   14.8  753.30    2428     3286
2014-09-12 18:00:00    463860000  ***  ***    0.0    0.0    0.0   21.2   21.2   52.6   20.8   11.1   14.4  753.80    2424     3246
2014-09-12 18:20:00    463861200  ***  ***    0.0    0.0    0.0   20.6   20.6   54.3   20.0   11.1   14.3  765.60    2300     3077
2014-09-12 18:40:00    463862400  ***  ***    0.0    0.0    0.0   22.7   22.7   60.5   22.7   14.7   17.2  830.20    1647     2365
2014-09-12 19:00:00    463863600  ***  ***    0.0    0.0    0.0   23.3   23.3   54.2   22.9   13.5   16.7  835.10    1599     2319
