FORMATTED DATE-TIME           DT   MG   TR     WS     CW     HW     TP     WC     RH     HI     DP     WB      BP      AL       DA
YYYY-MM-DD HH:MM:SS            s  Mag True    m/s    m/s    m/s     °C     °C      %     °C     °C     °C     hPa       m        m
----------------------------------------------------------------------------------------------------------------------------------
2014-08-27 10:20:00    462450000  ***  ***    0.0    0.0    0.0   17.0   17.0   93.0   17.4   15.9   16.3  774.50    2208     2869
2014-08-27 10:40:00    462451200  ***  ***    0.0    0.0    0.0   17.9   17.9   90.2   18.2   16.3   16.8  774.30    2210     2901
2014-08-27 11:00:00    462452400  ***  ***    0.0    0.0    0.0   18.4   18.4   87.7   18.6   16.3   16.9  774.30    2210     2918
2014-08-27 11:20:00    462453600  ***  ***    0.0    0.0    0.0   22.5   22.5   77.4   23.2   18.3   19.4  774.20    2210     3066
2014-08-27 11:40:00    462454800  ***  ***    0.0    0.0    0.0   21.5   21.5   78.9   22.2   17.7   18.8  774.20    2210     3031
2014-08-27 12:00:00    462456000  ***  ***    0.0    0.0    0.0   20.0   20.0   79.8   20.2   16.4   17.5  773.80    2214     2979
2014-08-27 12:20:00    462457200  ***  ***    0.0    0.0    0.0   24.3   24.3   71.4   24.9   18.8   20.2  773.90    2214     3133
2014-08-27 12:40:00    462458400  ***  ***    0.0    0.0    0.0   22.5   22.5   70.6   22.9   16.9   18.5  774.00    2213     3063
2014-08-27 13:00:00    462459600  ***  ***    0.0    0.0    0.0   21.5   21.5   75.1   22.1   17.0   18.3  773.70    2216     3034
2014-08-27 13:20:00    462460800  ***  ***    0.0    0.0    0.0   24.1   24.1   69.0   24.6   18.0   19.6  774.00    2213     3120
2014-08-27 13:40:00    462462000  ***  ***    0.0    0.0    0.0   21.2   21.2   75.3   21.7   16.7   18.0  773.60    2217     3022
2014-08-27 14:00:00    462463200  ***  ***    0.0    0.0    0.0   20.5   20.5   75.8   20.7   16.0   17.3  773.30    2219     2997
2014-08-27 14:20:00    462464400  ***  ***    0.0    0.0    0.0   23.0   23.0   64.0   23.2   15.8   17.9  773.30    2220     3081
2014-08-27 14:40:00    462465600  ***  ***    0.0    0.0    0.0   23.9   23.9   64.6   24.1   16.8   18.7  773.10    2222     3117
2014-08-27 15:00:00    462466800  ***  ***    0.0    0.0    0.0   22.5   22.5   72.8   23.0   17.4   18.8  772.50    2228     3083
2014-08-27 15:20:00    462468000  ***  ***    0.0    0.0    0.0   24.3   24.3   59.4   24.2   15.8   18.3  772.80    2225     3127
2014-08-27 15:40:00    462469200  ***  ***    0.0    0.0    0.0   27.2   27.2   55.1   27.9   17.4   20.0  772.60    2227     3232
2014-08-27 16:00:00    462470400  ***  ***    0.0    0.0    0.0   23.5   23.5   65.8   23.7   16.7   18.6  772.40    2228     3112
2014-08-27 16:20:00    462471600  ***  ***    0.0    0.0    0.0   27.4   27.4   52.0   27.8   16.7   19.6  772.50    2228     3238
2014-08-27 16:40:00    462472800  ***  ***    1.3    1.3    1.3   21.8   21.8   64.1   22.0   14.7   16.8  772.60    2228     3045
2014-08-27 17:00:00    462474000  ***  ***    0.0    0.0    0.0   20.1   20.1   65.2   19.7   13.4   15.5  771.90    2234     2989
2014-08-27 17:20:00    462475200  ***  ***    0.7    0.7    0.7   21.6   21.6   56.8   21.4   12.7   15.6  772.40    2228     3031
2014-08-27 17:40:00    462476400  ***  ***    0.7    0.7    0.7   21.0   21.0   59.6   20.7   12.9   15.5  772.40    2229     3012
2014-08-27 18:00:00    462477600  ***  ***    0.0    0.0    0.0   22.3   22.3   51.2   21.9   11.8   15.2  772.40    2228     3048
2014-08-27 18:20:00    462478800  ***  ***    0.0    0.0    0.0   19.2   19.2   59.5   18.2   11.1   13.8  772.90    2224     2937
2014-08-27 18:40:00    462480000  ***  ***    0.0    0.0    0.0   17.4   17.4   64.5   16.4   10.7   13.0  773.00    2222     2874
2014-08-27 19:00:00    462481200  ***  ***    0.0    0.0    0.0   17.0   17.0   65.4   16.0   10.5   12.8  772.90    2224     2861
2014-08-27 19:20:00    462482400  ***  ***    1.5    1.5    1.5   16.9   16.9   68.2   16.1   11.0   13.0  773.00    2224     2860
2014-08-27 19:40:00    462483600  ***  ***    0.0    0.0    0.0   16.7   16.7   70.9   16.0   11.4   13.2  773.20    2220     2851
2014-08-27 20:00:00    462484800  ***  ***    0.6    0.6    0.6   16.5   16.5   74.1   16.0   11.8   13.3  773.20    2221     2845
2014-08-27 20:20:00    462486000  ***  ***    0.9    0.9    0.9   16.3   16.3   71.2   15.6   11.1   12.9  773.40    2219     2836
2014-08-27 20:40:00    462487200  ***  ***    0.6    0.6    0.6   16.0   16.0   70.9   15.3   10.8   12.6  773.60    2216     2819
2014-08-27 21:00:00    462488400  ***  ***    0.0    0.0    0.0   16.0   16.0   68.1   15.3   10.1   12.2  773.70    2216     2815
2014-08-27 21:20:00    462489600  ***  ***    0.0    0.0    0.0   15.6   15.6   70.9   15.0   10.3   12.2  773.50    2218     2805
2014-08-27 21:40:00    462490800  ***  ***    0.5    0.5    0.5   16.0   16.0   69.7   15.3   10.4   12.4  773.50    2218     2818
2014-08-27 22:00:00    462492000  ***  ***    0.0    0.0    0.0   15.9   15.9   70.2   15.2   10.5   12.4  773.50    2217     2815
2014-08-27 22:20:00    462493200  ***  ***    0.0    0.0    0.0   16.1   16.1   71.2   15.4   10.8   12.7  773.70    2216     2821
2014-08-27 22:40:00    462494400  ***  ***    0.0    0.0    0.0   15.8   15.8   74.1   15.3   11.2   12.8  773.40    2219     2817
2014-08-27 23:00:00    462495600  ***  ***    0.0    0.0    0.0   15.8   15.8   73.6   15.3   11.1   12.7  773.10    2221     2820
2014-08-27 23:20:00    462496800  ***  ***    0.0    0.0    0.0   15.5   15.5   75.0   15.1   11.1   12.6  773.00    2222     2811
2014-08-27 23:40:00    462498000  ***  ***    0.6    0.6    0.6   15.4   15.4   76.4   15.0   11.2   12.7  773.20    2220     2804
2014-08-28 00:00:00    462499200  ***  ***    0.7    0.7    0.7   15.2   15.2   77.3   14.9   11.3   12.7  773.00    2224     2802
2014-08-28 00:20:00    462500400  ***  ***    0.4    0.4    0.4   15.1   15.1   77.1   14.8   11.1   12.5  772.90    2224     2797
2014-08-28 00:40:00    462501600  ***  ***    0.0    0.0    0.0   15.1   15.1   76.8   14.7   11.1   12.5  772.90    2224     2799
2014-08-28 01:00:00    462502800  ***  ***    0.5    0.5    0.5   14.9   14.9   75.2   14.5   10.6   12.2  772.90    2224     2792
2014-08-28 01:20:00    462504000  ***  ***    0.0    0.0    0.0   14.5   14.5   76.0   14.1   10.3   11.8  772.70    2225     2777
2014-08-28 01:40:00    462505200  ***  ***    0.0    0.0    0.0   15.4   15.4   70.5   14.8   10.0   12.0  772.70    2225     2805
2014-08-28 02:00:00    462506400  ***  ***    0.0    0.0    0.0   15.1   15.1   73.0   14.6   10.3   12.0  772.60    2228     2801
2014-08-28 02:20:00    462507600  ***  ***    0.0    0.0    0.0   15.3   15.3   71.1   14.7   10.1   12.0  772.60    2227     2806
2014-08-28 02:40:00    462508800  ***  ***    0.0    0.0    0.0   14.7   14.7   75.6   14.3   10.5   12.0  772.40    2229     2791
2014-08-28 03:00:00    462510000  ***  ***    0.0    0.0    0.0   14.6   14.6   76.8   14.2   10.6   12.1  772.30    2229     2787
2014-08-28 03:20:00    462511200  ***  ***    0.0    0.0    0.0   14.3   14.3   77.8   14.0   10.5   11.9  772.30    2229     2777
2014-08-28 03:40:00    462512400  ***  ***    0.0    0.0    0.0   14.0   14.0   79.1   13.8   10.4   11.7  772.30    2231     2767
2014-08-28 04:00:00    462513600  ***  ***    0.0    0.0    0.0   14.3   14.3   77.2   14.0   10.4   11.8  772.00    2234     2782
2014-08-28 04:20:00    462514800  ***  ***    0.0    0.0    0.0   13.9   13.9   79.4   13.7   10.4   11.6  772.00    2233     2766
2014-08-28 04:40:00    462516000  ***  ***    0.0    0.0    0.0   14.1   14.1   78.5   13.8   10.4   11.7  772.10    2233     2773
2014-08-28 05:00:00    462517200  ***  ***    0.0    0.0    0.0   14.3   14.3   76.6   13.9   10.3   11.7  772.20    2232     2779
2014-08-28 05:20:00    462518400  ***  ***    0.0    0.0    0.0   13.7   13.7   77.7   13.4    9.9   11.3  772.30    2231     2755
2014-08-28 05:40:00    462519600  ***  ***    0.8    0.8    0.8   14.3   14.3   71.8   13.8    9.3   11.2  772.60    2227     2768
2014-08-28 06:00:00    462520800  ***  ***    0.0    0.0    0.0   14.0   14.0   73.5   13.6    9.4   11.1  772.50    2228     2761
2014-08-28 06:20:00    462522000  ***  ***    0.0    0.0    0.0   14.7   14.7   70.9   14.1    9.5   11.4  772.80    2225     2780
2014-08-28 06:40:00    462523200  ***  ***    0.0    0.0    0.0   13.7   13.7   77.2   13.4    9.8   11.2  772.60    2228     2752
2014-08-28 07:00:00    462524400  ***  ***    0.0    0.0    0.0   14.7   14.7   72.4   14.2    9.8   11.6  772.90    2224     2781
2014-08-28 07:20:00    462525600  ***  ***    0.0    0.0    0.0   15.4   15.4   69.6   14.8    9.9   11.9  772.90    2224     2804
2014-08-28 07:40:00    462526800  ***  ***    0.0    0.0    0.0   15.7   15.7   70.6   15.0   10.3   12.2  772.90    2224     2816
2014-08-28 08:00:00    462528000  ***  ***    0.0    0.0    0.0   16.5   16.5   68.0   15.7   10.6   12.7  772.80    2225     2848
2014-08-28 08:20:00    462529200  ***  ***    0.0    0.0    0.0   17.2   17.2   64.7   16.2   10.5   12.8  772.80    2224     2868
2014-08-28 08:40:00    462530400  ***  ***    0.0    0.0    0.0   17.9   17.9   64.5   16.9   11.1   13.4  772.60    2228     2898
2014-08-28 09:00:00    462531600  ***  ***    0.0    0.0    0.0   19.3   19.3   59.5   18.4   11.2   13.9  772.90    2224     2939
2014-08-28 09:20:00    462532800  ***  ***    0.0    0.0    0.0   20.6   20.6   57.4   20.1   11.9   14.8  773.00    2224     2986
2014-08-28 09:40:00    462534000  ***  ***    0.0    0.0    0.0   21.4   21.4   59.4   21.3   13.2   15.8  772.90    2224     3019
2014-08-28 10:00:00    462535200  ***  ***    0.0    0.0    0.0   18.0   18.0   60.2   16.8   10.2   12.9  772.80    2225     2895
2014-08-28 10:20:00    462536400  ***  ***    0.0    0.0    0.0   23.6   23.6   54.8   23.2   13.9   16.8  772.70    2227     3097
2014-08-28 10:40:00    462537600  ***  ***    0.0    0.0    0.0   22.2   22.2   55.1   22.0   12.8   15.8  772.60    2228     3049
2014-08-28 11:00:00    462538800  ***  ***    0.0    0.0    0.0   24.2   24.2   55.5   23.9   14.8   17.6  772.40    2228     3124
2014-08-28 11:20:00    462540000  ***  ***    0.0    0.0    0.0   19.8   19.8   59.9   19.1   11.8   14.4  772.40    2229     2967
2014-08-28 11:40:00    462541200  ***  ***    0.0    0.0    0.0   21.7   21.7   53.5   21.4   11.9   15.1  772.20    2231     3031
2014-08-28 12:00:00    462542400  ***  ***    0.0    0.0    0.0   22.8   22.8   53.9   22.5   13.0   16.1  772.00    2233     3074
2014-08-28 12:20:00    462543600  ***  ***    0.0    0.0    0.0   22.9   22.9   47.6   22.3   11.1   15.0  772.00    2234     3071
2014-08-28 12:40:00    462544800  ***  ***    0.0    0.0    0.0   22.9   22.9   47.5   22.3   11.2   15.1  771.70    2236     3075
2014-08-28 13:00:00    462546000  ***  ***    0.0    0.0    0.0   22.3   22.3   53.7   22.0   12.5   15.7  771.50    2239     3064
2014-08-28 13:20:00    462547200  ***  ***    0.0    0.0    0.0   26.1   26.1   50.1   25.9   14.9   18.1  771.20    2242     3201
2014-08-28 13:40:00    462548400  ***  ***    0.0    0.0    0.0   23.3   23.3   40.9   22.3    9.3   14.2  771.30    2241     3085
2014-08-28 14:00:00    462549600  ***  ***    0.0    0.0    0.0   24.5   24.5   41.3   23.3   10.6   15.2  771.10    2243     3133
2014-08-28 14:20:00    462550800  ***  ***    0.0    0.0    0.0   24.7   24.7   41.5   23.5   10.8   15.4  770.70    2246     3145
2014-08-28 14:40:00    462552000  ***  ***    0.0    0.0    0.0   23.8   23.8   41.9   22.8   10.0   14.7  770.60    2247     3111
2014-08-28 15:00:00    462553200  ***  ***    0.0    0.0    0.0   24.7   24.7   42.2   23.6   11.0   15.5  770.40    2250     3149
2014-08-28 15:20:00    462554400  ***  ***    1.4    1.4    1.4   23.0   23.0   45.5   22.3   10.6   14.8  770.30    2251     3093
2014-08-28 15:40:00    462555600  ***  ***    0.8    0.8    0.8   22.9   22.9   43.1   22.0    9.7   14.2  770.10    2253     3088
2014-08-28 16:00:00    462556800  ***  ***    0.4    0.4    0.4   23.0   23.0   45.2   22.3   10.5   14.7  770.30    2251     3092
2014-08-28 16:20:00    462558000  ***  ***    0.0    0.0    0.0   24.3   24.3   46.0   23.4   12.0   15.9  770.10    2252     3143
2014-08-28 16:40:00    462559200  ***  ***    0.4    0.4    0.4   23.1   23.1   42.9   22.2    9.8   14.4  770.10    2252     3095
2014-08-28 17:00:00    462560400  ***  ***    0.8    0.8    0.8   22.6   22.6   41.9   21.7    9.0   13.8  770.30    2251     3075
2014-08-28 17:20:00    462561600  ***  ***    0.5    0.5    0.5   22.8   22.8   41.2   21.8    8.9   13.8  770.00    2254     3084
2014-08-28 17:40:00    462562800  ***  ***    0.0    0.0    0.0   23.5   23.5   40.3   22.4    9.2   14.2  770.20    2252     3105
2014-08-28 18:00:00    462564000  ***  ***    0.0    0.0    0.0   19.1   19.1   45.0   17.4    6.9   11.6  770.20    2251     2952
2014-08-28 18:20:00    462565200  ***  ***    0.0    0.0    0.0   19.5   19.5   48.0   18.1    8.2   12.4  770.30    2250     2967
2014-08-28 18:40:00    462566400  ***  ***    0.0    0.0    0.0   18.0   18.0   52.3   16.3    8.1   11.8  770.30    2251     2918
2014-08-28 19:00:00    462567600  ***  ***    0.0    0.0    0.0   17.8   17.8   51.6   16.1    7.7   11.5  770.30    2250     2909
2014-08-28 19:20:00    462568800  ***  ***    0.0    0.0    0.0   17.6   17.6   52.5   16.0    7.8   11.5  770.60    2247     2898
2014-08-28 19:40:00    462570000  ***  ***    0.0    0.0    0.0   17.5   17.5   53.1   15.9    7.9   11.5  770.90    2245     2894
2014-08-28 20:00:00    462571200  ***  ***    0.0    0.0    0.0   16.7   16.7   56.3   15.4    8.0   11.3  771.00    2244     2867
2014-08-28 20:20:00    462572400  ***  ***    0.0    0.0    0.0   16.9   16.9   54.5   15.5    7.7   11.2  770.90    2244     2871
2014-08-28 20:40:00    462573600  ***  ***    0.0    0.0    0.0   16.9   16.9   55.2   15.5    7.9   11.3  770.90    2245     2874
2014-08-28 21:00:00    462574800  ***  ***    0.5    0.5    0.5   17.2   17.2   52.5   15.6    7.4   11.2  770.70    2247     2882
2014-08-28 21:20:00    462576000  ***  ***    0.0    0.0    0.0   17.0   17.0   53.2   15.5    7.4   11.1  770.90    2244     2875
2014-08-28 21:40:00    462577200  ***  ***    0.5    0.5    0.5   16.9   16.9   52.6   15.4    7.1   10.9  770.90    2245     2871
2014-08-28 22:00:00    462578400  ***  ***    0.4    0.4    0.4   17.2   17.2   52.7   15.6    7.4   11.2  770.90    2244     2879
2014-08-28 22:20:00    462579600  ***  ***    0.0    0.0    0.0   17.0   17.0   53.4   15.5    7.4   11.1  770.90    2244     2873
2014-08-28 22:40:00    462580800  ***  ***    0.0    0.0    0.0   16.8   16.8   54.7   15.4    7.6   11.1  770.80    2245     2869
2014-08-28 23:00:00    462582000  ***  ***    0.5    0.5    0.5   16.6   16.6   54.7   15.2    7.5   11.0  770.70    2246     2863
2014-08-28 23:20:00    462583200  ***  ***    0.0    0.0    0.0   16.3   16.3   55.8   14.9    7.5   10.9  770.80    2246     2854
2014-08-28 23:40:00    462584400  ***  ***    0.0    0.0    0.0   16.0   16.0   57.7   14.7    7.6   10.8  770.90    2245     2842
2014-08-29 00:00:00    462585600  ***  ***    0.0    0.0    0.0   16.0   16.0   54.4   14.6    6.8   10.4  770.60    2247     2840
2014-08-29 00:20:00    462586800  ***  ***    0.0    0.0    0.0   16.2   16.2   50.0   14.6    5.8   10.0  770.60    2248     2846
2014-08-29 00:40:00    462588000  ***  ***    0.0    0.0    0.0   15.8   15.8   50.6   14.2    5.5    9.6  770.60    2248     2832
2014-08-29 01:00:00    462589200  ***  ***    0.0    0.0    0.0   15.6   15.6   50.6   14.0    5.4    9.6  770.20    2251     2829
2014-08-29 01:20:00    462590400  ***  ***    0.0    0.0    0.0   16.0   16.0   47.4   14.3    4.8    9.4  770.20    2251     2840
2014-08-29 01:40:00    462591600  ***  ***    0.0    0.0    0.0   15.4   15.4   50.8   13.9    5.3    9.4  770.10    2253     2825
2014-08-29 02:00:00    462592800  ***  ***    0.0    0.0    0.0   15.0   15.0   50.6   13.5    4.9    9.1  770.20    2252     2811
2014-08-29 02:20:00    462594000  ***  ***    0.0    0.0    0.0   15.5   15.5   48.8   13.9    4.8    9.2  770.00    2254     2829
2014-08-29 02:40:00    462595200  ***  ***    0.0    0.0    0.0   15.3   15.3   49.1   13.7    4.7    9.1  769.90    2254     2821
2014-08-29 03:00:00    462596400  ***  ***    0.0    0.0    0.0   15.5   15.5   47.7   13.8    4.4    9.1  769.80    2255     2828
2014-08-29 03:20:00    462597600  ***  ***    0.0    0.0    0.0   15.6   15.6   47.2   13.9    4.4    9.1  769.70    2256     2834
2014-08-29 03:40:00    462598800  ***  ***    0.0    0.0    0.0   15.9   15.9   45.3   14.1    4.1    9.1  769.80    2256     2842
2014-08-29 04:00:00    462600000  ***  ***    0.5    0.5    0.5   16.6   16.6   43.3   14.6    4.0    9.3  769.50    2258     2867
2014-08-29 04:20:00    462601200  ***  ***    0.0    0.0    0.0   15.2   15.2   48.0   13.6    4.3    8.9  769.50    2259     2824
2014-08-29 04:40:00    462602400  ***  ***    0.0    0.0    0.0   15.1   15.1   48.9   13.6    4.4    8.9  769.70    2256     2815
2014-08-29 05:00:00    462603600  ***  ***    0.0    0.0    0.0   15.2   15.2   46.2   13.5    3.8    8.6  769.70    2256     2818
2014-08-29 05:20:00    462604800  ***  ***    0.0    0.0    0.0   15.2   15.2   46.2   13.5    3.8    8.6  770.00    2254     2816
2014-08-29 05:40:00    462606000  ***  ***    0.0    0.0    0.0   16.1   16.1   42.6   14.1    3.4    8.8  769.90    2255     2846
2014-08-29 06:00:00    462607200  ***  ***    0.0    0.0    0.0   16.2   16.2   42.1   14.2    3.4    8.9  770.20    2252     2846
2014-08-29 06:20:00    462608400  ***  ***    0.0    0.0    0.0   16.1   16.1   44.1   14.2    3.9    9.1  770.00    2254     2847
2014-08-29 06:40:00    462609600  ***  ***    0.0    0.0    0.0   16.1   16.1   48.9   14.5    5.4    9.8  770.30    2251     2846
2014-08-29 07:00:00    462610800  ***  ***    0.0    0.0    0.0   15.6   15.6   53.5   14.2    6.2   10.0  770.20    2251     2830
2014-08-29 07:20:00    462612000  ***  ***    0.0    0.0    0.0   16.3   16.3   51.1   14.7    6.2   10.3  770.60    2247     2850
2014-08-29 07:40:00    462613200  ***  ***    0.0    0.0    0.0   17.1   17.1   49.9   15.4    6.6   10.7  770.40    2250     2883
2014-08-29 08:00:00    462614400  ***  ***    0.0    0.0    0.0   17.9   17.9   49.0   16.1    7.1   11.3  770.50    2248     2909
2014-08-29 08:20:00    462615600  ***  ***    0.0    0.0    0.0   18.7   18.7   52.3   17.1    8.8   12.4  770.50    2249     2942
2014-08-29 08:40:00    462616800  ***  ***    0.0    0.0    0.0   19.8   19.8   48.3   18.6    8.6   12.7  770.70    2246     2974
2014-08-29 09:00:00    462618000  ***  ***    0.0    0.0    0.0   21.5   21.5   46.0   21.0    9.4   13.6  770.70    2246     3034
2014-08-29 09:20:00    462619200  ***  ***    0.0    0.0    0.0   24.0   24.0   43.6   23.0   10.9   15.2  770.80    2246     3121
2014-08-29 09:40:00    462620400  ***  ***    0.0    0.0    0.0   24.0   24.0   42.8   22.9   10.6   15.1  770.70    2246     3121
2014-08-29 10:00:00    462621600  ***  ***    0.0    0.0    0.0   25.3   25.3   45.3   24.5   12.6   16.6  770.90    2245     3167
2014-08-29 10:20:00    462622800  ***  ***    0.0    0.0    0.0   25.8   25.8   42.6   24.9   12.1   16.4  770.70    2247     3185
2014-08-29 10:40:00    462624000  ***  ***    0.0    0.0    0.0   26.6   26.6   44.4   26.0   13.5   17.5  770.70    2246     3216
2014-08-29 11:00:00    462625200  ***  ***    0.5    0.5    0.5   25.1   25.1   42.7   24.0   11.6   16.0  770.20    2251     3167
2014-08-29 11:20:00    462626400  ***  ***    0.0    0.0    0.0   27.8   27.8   39.0   26.9   12.6   17.3  770.80    2245     3251
2014-08-29 11:40:00    462627600  ***  ***    0.0    0.0    0.0   25.1   25.1   46.5   24.3   12.9   16.7  770.30    2251     3172
2014-08-29 12:00:00    462628800  ***  ***    0.0    0.0    0.0   24.6   24.6   45.4   23.7   12.1   16.1  770.70    2247     3147
2014-08-29 12:20:00    462630000  ***  ***    0.0    0.0    0.0   24.7   24.7   48.0   23.9   12.9   16.6  770.50    2249     3156
2014-08-29 12:40:00    462631200  ***  ***    0.0    0.0    0.0   24.7   24.7   42.4   23.6   11.1   15.6  770.30    2251     3151
2014-08-29 13:00:00    462632400  ***  ***    0.0    0.0    0.0   27.6   27.6   39.3   26.7   12.5   17.2  769.80    2256     3256
2014-08-29 13:20:00    462633600  ***  ***    0.0    0.0    0.0   24.6   24.6   45.1   23.7   11.9   15.9  770.30    2251     3149
2014-08-29 13:40:00    462634800  ***  ***    0.0    0.0    0.0   23.3   23.3   48.3   22.6   11.8   15.5  770.00    2254     3113
2014-08-29 14:00:00    462636000  ***  ***    0.0    0.0    0.0   25.1   25.1   43.0   24.0   11.6   16.0  769.80    2255     3169
2014-08-29 14:20:00    462637200  ***  ***    0.0    0.0    0.0   27.8   27.8   35.0   26.5   11.0   16.4  769.80    2256     3257
2014-08-29 14:40:00    462638400  ***  ***    0.0    0.0    0.0   25.9   25.9   39.4   24.7   11.0   15.8  769.60    2258     3197
2014-08-29 15:00:00    462639600  ***  ***    0.0    0.0    0.0   26.3   26.3   39.5   25.2   11.4   16.2  769.60    2258     3213
2014-08-29 15:20:00    462640800  ***  ***    0.0    0.0    0.0   24.4   24.4   40.9   23.2   10.3   15.0  768.90    2264     3156
2014-08-29 15:40:00    462642000  ***  ***    0.0    0.0    0.0   24.8   24.8   41.3   23.6   10.8   15.5  769.10    2263     3167
2014-08-29 16:00:00    462643200  ***  ***    0.0    0.0    0.0   26.0   26.0   38.7   24.8   10.9   15.8  769.20    2262     3206
2014-08-29 16:20:00    462644400  ***  ***    0.0    0.0    0.0   26.8   26.8   36.8   25.5   10.8   16.1  768.70    2268     3237
2014-08-29 16:40:00    462645600  ***  ***    0.0    0.0    0.0   25.1   25.1   36.5   23.6    9.2   14.7  769.10    2263     3170
2014-08-29 17:00:00    462646800  ***  ***    1.0    1.0    1.0   24.1   24.1   40.1   22.9    9.7   14.6  769.20    2263     3139
2014-08-29 17:20:00    462648000  ***  ***    0.0    0.0    0.0   24.1   24.1   38.8   22.8    9.2   14.4  769.00    2264     3139
2014-08-29 17:40:00    462649200  ***  ***    0.5    0.5    0.5   23.6   23.6   37.7   22.3    8.3   13.8  769.00    2263     3120
2014-08-29 18:00:00    462650400  ***  ***    0.5    0.5    0.5   23.3   23.3   37.8   22.1    8.2   13.6  769.00    2264     3112
2014-08-29 18:20:00    462651600  ***  ***    0.3    0.3    0.3   20.5   20.5   41.2   19.3    6.8   12.0  769.20    2262     3009
2014-08-29 18:40:00    462652800  ***  ***    0.0    0.0    0.0   19.0   19.0   44.7   17.2    6.8   11.5  769.50    2259     2959
2014-08-29 19:00:00    462654000  ***  ***    0.0    0.0    0.0   18.5   18.5   46.9   16.6    7.0   11.4  769.70    2257     2939
2014-08-29 19:20:00    462655200  ***  ***    0.0    0.0    0.0   18.4   18.4   45.5   16.4    6.4   11.1  769.70    2257     2932
2014-08-29 19:40:00    462656400  ***  ***    0.0    0.0    0.0   18.4   18.4   44.4   16.3    6.0   10.9  770.00    2254     2927
2014-08-29 20:00:00    462657600  ***  ***    0.0    0.0    0.0   17.8   17.8   44.8   15.7    5.7   10.6  770.20    2251     2905
2014-08-29 20:20:00    462658800  ***  ***    0.0    0.0    0.0   17.6   17.6   45.4   15.6    5.6   10.4  770.30    2251     2896
2014-08-29 20:40:00    462660000  ***  ***    0.0    0.0    0.0   17.2   17.2   45.7   15.3    5.4   10.2  770.30    2250     2882
2014-08-29 21:00:00    462661200  ***  ***    0.0    0.0    0.0   17.2   17.2   44.6   15.2    5.0   10.0  770.40    2250     2879
2014-08-29 21:20:00    462662400  ***  ***    0.0    0.0    0.0   17.6   17.6   41.9   15.4    4.5    9.9  770.30    2251     2894
2014-08-29 21:40:00    462663600  ***  ***    0.0    0.0    0.0   17.2   17.2   43.6   15.2    4.7    9.8  770.40    2250     2881
2014-08-29 22:00:00    462664800  ***  ***    0.0    0.0    0.0   17.3   17.3   44.2   15.3    5.0   10.0  770.30    2251     2884
2014-08-29 22:20:00    462666000  ***  ***    0.0    0.0    0.0   17.2   17.2   43.0   15.2    4.5    9.8  770.30    2251     2879
2014-08-29 22:40:00    462667200  ***  ***    0.3    0.3    0.3   17.7   17.7   41.2   15.5    4.4    9.9  770.30    2251     2897
2014-08-29 23:00:00    462668400  ***  ***    0.0    0.0    0.0   17.5   17.5   41.1   15.3    4.2    9.8  770.50    2249     2889
2014-08-29 23:20:00    462669600  ***  ***    0.0    0.0    0.0   17.7   17.7   40.2   15.4    4.0    9.7  770.40    2250     2895
2014-08-29 23:40:00    462670800  ***  ***    0.0    0.0    0.0   17.6   17.6   40.0   15.3    3.8    9.6  770.50    2249     2889
2014-08-30 00:00:00    462672000  ***  ***    0.0    0.0    0.0   17.9   17.9   39.2   15.6    3.8    9.7  770.60    2248     2897
2014-08-30 00:20:00    462673200  ***  ***    0.0    0.0    0.0   18.4   18.4   38.6   16.1    4.1   10.0  770.80    2246     2914
2014-08-30 00:40:00    462674400  ***  ***    0.0    0.0    0.0   18.2   18.2   39.4   15.9    4.1    9.9  770.80    2246     2905
2014-08-30 01:00:00    462675600  ***  ***    0.0    0.0    0.0   18.2   18.2   39.1   15.9    4.1    9.9  770.90    2245     2905
2014-08-30 01:20:00    462676800  ***  ***    0.0    0.0    0.0   18.3   18.3   38.9   16.0    4.0    9.9  770.80    2246     2908
2014-08-30 01:40:00    462678000  ***  ***    0.0    0.0    0.0   18.5   18.5   37.8   16.1    3.9   10.0  770.70    2247     2917
2014-08-30 02:00:00    462679200  ***  ***    0.0    0.0    0.0   18.2   18.2   38.2   15.8    3.8    9.8  770.70    2246     2906
2014-08-30 02:20:00    462680400  ***  ***    0.0    0.0    0.0   18.1   18.1   37.6   15.7    3.5    9.7  770.60    2247     2904
2014-08-30 02:40:00    462681600  ***  ***    0.0    0.0    0.0   16.8   16.8   41.7   14.7    3.8    9.3  770.60    2248     2862
2014-08-30 03:00:00    462682800  ***  ***    0.5    0.5    0.5   17.6   17.6   39.0   15.3    3.5    9.5  770.60    2248     2889
2014-08-30 03:20:00    462684000  ***  ***    0.0    0.0    0.0   17.0   17.0   39.5   14.8    3.2    9.1  770.50    2249     2870
2014-08-30 03:40:00    462685200  ***  ***    0.3    0.3    0.3   17.5   17.5   38.4   15.2    3.1    9.2  770.60    2248     2881
2014-08-30 04:00:00    462686400  ***  ***    0.0    0.0    0.0   17.3   17.3   37.9   15.0    2.8    9.1  770.60    2248     2876
2014-08-30 04:20:00    462687600  ***  ***    0.0    0.0    0.0   17.9   17.9   36.9   15.5    3.0    9.4  770.70    2247     2895
2014-08-30 04:40:00    462688800  ***  ***    0.6    0.6    0.6   17.5   17.5   37.6   15.2    2.9    9.2  770.80    2246     2879
2014-08-30 05:00:00    462690000  ***  ***    0.0    0.0    0.0   18.0   18.0   36.1   15.5    2.7    9.3  770.70    2246     2895
2014-08-30 05:20:00    462691200  ***  ***    0.0    0.0    0.0   18.4   18.4   35.0   15.9    2.7    9.4  771.00    2244     2908
2014-08-30 05:40:00    462692400  ***  ***    0.5    0.5    0.5   18.5   18.5   35.7   16.0    3.0    9.6  770.90    2245     2911
2014-08-30 06:00:00    462693600  ***  ***    0.0    0.0    0.0   18.1   18.1   36.9   15.7    3.2    9.5  771.20    2242     2897
2014-08-30 06:20:00    462694800  ***  ***    0.6    0.6    0.6   18.4   18.4   35.7   15.9    3.0    9.5  771.40    2240     2904
2014-08-30 06:40:00    462696000  ***  ***    0.0    0.0    0.0   18.1   18.1   37.6   15.7    3.4    9.6  771.50    2239     2892
2014-08-30 07:00:00    462697200  ***  ***    0.0    0.0    0.0   18.8   18.8   36.0   16.5    3.4    9.9  771.50    2239     2915
2014-08-30 07:20:00    462698400  ***  ***    0.0    0.0    0.0   18.6   18.6   39.4   16.4    4.5   10.3  771.30    2241     2914
2014-08-30 07:40:00    462699600  ***  ***    0.0    0.0    0.0   19.7   19.7   40.4   18.0    5.9   11.3  771.30    2241     2956
2014-08-30 08:00:00    462700800  ***  ***    0.0    0.0    0.0   20.4   20.4   44.4   19.2    7.8   12.5  771.30    2241     2983
2014-08-30 08:20:00    462702000  ***  ***    0.0    0.0    0.0   20.9   20.9   43.5   20.0    8.0   12.7  771.40    2240     2999
2014-08-30 08:40:00    462703200  ***  ***    0.0    0.0    0.0   22.2   22.2   39.4   21.2    7.8   13.1  771.60    2238     3040
2014-08-30 09:00:00    462704400  ***  ***    0.0    0.0    0.0   24.7   24.7   38.0   23.3    9.4   14.7  771.60    2238     3128
2014-08-30 09:20:00    462705600  ***  ***    0.0    0.0    0.0   26.6   26.6   36.0   25.3   10.3   15.7  771.40    2240     3193
2014-08-30 09:40:00    462706800  ***  ***    0.0    0.0    0.0   26.8   26.8   31.6   25.1    8.5   14.9  771.70    2237     3192
2014-08-30 10:00:00    462708000  ***  ***    0.0    0.0    0.0   27.4   27.4   38.7   26.4   12.1   16.9  771.60    2237     3227
2014-08-30 10:20:00    462709200  ***  ***    0.0    0.0    0.0   27.9   27.9   37.4   26.9   12.1   17.0  771.40    2240     3245
2014-08-30 10:40:00    462710400  ***  ***    0.0    0.0    0.0   27.7   27.7   36.9   26.5   11.6   16.8  771.40    2240     3235
2014-08-30 11:00:00    462711600  ***  ***    0.0    0.0    0.0   30.5   30.5   37.8   30.5   14.5   19.1  771.40    2240     3340
2014-08-30 11:20:00    462712800  ***  ***    0.0    0.0    0.0   30.1   30.1   38.0   30.0   14.2   18.8  771.00    2243     3329
2014-08-30 11:40:00    462714000  ***  ***    0.0    0.0    0.0   25.8   25.8   39.9   24.6   11.1   15.9  771.30    2241     3173
2014-08-30 12:00:00    462715200  ***  ***    0.0    0.0    0.0   24.9   24.9   43.8   23.9   11.7   16.0  771.30    2241     3146
2014-08-30 12:20:00    462716400  ***  ***    0.0    0.0    0.0   25.1   25.1   39.2   23.8   10.3   15.2  770.80    2245     3153
2014-08-30 12:40:00    462717600  ***  ***    0.0    0.0    0.0   26.4   26.4   37.8   25.2   10.9   15.9  771.20    2242     3192
2014-08-30 13:00:00    462718800  ***  ***    0.0    0.0    0.0   24.5   24.5   39.0   23.2    9.7   14.8  771.30    2241     3127
2014-08-30 13:20:00    462720000  ***  ***    0.6    0.6    0.6   27.2   27.2   42.3   26.5   13.3   17.5  770.50    2248     3237
2014-08-30 13:40:00    462721200  ***  ***    0.0    0.0    0.0   31.3   31.3   35.3   31.3   14.2   19.1  770.70    2247     3372
2014-08-30 14:00:00    462722400  ***  ***    0.0    0.0    0.0   25.8   25.8   35.8   24.4    9.5   15.1  770.20    2252     3181
2014-08-30 14:20:00    462723600  ***  ***    0.0    0.0    0.0   24.6   24.6   45.2   23.7   12.0   16.0  770.00    2254     3156
2014-08-30 14:40:00    462724800  ***  ***    0.0    0.0    0.0   27.8   27.8   36.0   26.6   11.4   16.7  770.00    2254     3256
2014-08-30 15:00:00    462726000  ***  ***    0.8    0.8    0.8   25.8   25.8   37.6   24.5   10.2   15.4  769.50    2258     3191
2014-08-30 15:20:00    462727200  ***  ***    0.6    0.6    0.6   27.2   27.2   30.7   25.4    8.5   15.0  769.70    2256     3228
2014-08-30 15:40:00    462728400  ***  ***    0.5    0.5    0.5   26.3   26.3   28.3   24.4    6.5   13.8  769.80    2256     3192
2014-08-30 16:00:00    462729600  ***  ***    0.0    0.0    0.0   28.5   28.5   26.8   26.6    7.6   15.0  769.90    2255     3266
2014-08-30 16:20:00    462730800  ***  ***    0.0    0.0    0.0   26.9   26.9   29.6   25.0    7.7   14.5  769.60    2258     3218
2014-08-30 16:40:00    462732000  ***  ***    0.0    0.0    0.0   28.0   28.0   27.1   26.0    7.3   14.7  769.70    2257     3249
2014-08-30 17:00:00    462733200  ***  ***    0.0    0.0    0.0   24.5   24.5   34.8   22.9    7.9   13.9  769.50    2258     3140
2014-08-30 17:20:00    462734400  ***  ***    0.9    0.9    0.9   25.3   25.3   32.5   23.6    7.6   14.0  769.50    2258     3165
2014-08-30 17:40:00    462735600  ***  ***    0.4    0.4    0.4   25.7   25.7   33.3   24.0    8.4   14.5  769.40    2260     3184
2014-08-30 18:00:00    462736800  ***  ***    0.5    0.5    0.5   23.8   23.8   36.1   22.4    7.9   13.7  769.50    2259     3118
2014-08-30 18:20:00    462738000  ***  ***    0.7    0.7    0.7   21.8   21.8   38.6   20.9    7.0   12.5  769.20    2262     3053
2014-08-30 18:40:00    462739200  ***  ***    0.4    0.4    0.4   21.0   21.0   40.5   19.9    7.1   12.3  769.60    2258     3023
2014-08-30 19:00:00    462740400  ***  ***    0.4    0.4    0.4   20.6   20.6   41.6   19.4    7.2   12.3  769.70    2256     3010
2014-08-30 19:20:00    462741600  ***  ***    0.0    0.0    0.0   19.5   19.5   45.9   18.0    7.6   12.0  770.10    2252     2969
2014-08-30 19:40:00    462742800  ***  ***    1.0    1.0    1.0   19.5   19.5   45.5   18.0    7.4   12.0  770.10    2252     2968
2014-08-30 20:00:00    462744000  ***  ***    0.5    0.5    0.5   19.6   19.6   43.5   18.1    6.8   11.7  770.40    2250     2965
2014-08-30 20:20:00    462745200  ***  ***    0.0    0.0    0.0   19.6   19.6   42.2   18.0    6.4   11.5  770.10    2253     2968
2014-08-30 20:40:00    462746400  ***  ***    0.0    0.0    0.0   19.2   19.2   41.2   17.4    5.7   11.1  770.40    2250     2949
2014-08-30 21:00:00    462747600  ***  ***    0.0    0.0    0.0   19.6   19.6   39.3   17.9    5.4   11.1  770.60    2248     2958
2014-08-30 21:20:00    462748800  ***  ***    0.0    0.0    0.0   19.2   19.2   39.0   17.3    4.9   10.7  770.60    2248     2944
2014-08-30 21:40:00    462750000  ***  ***    0.0    0.0    0.0   19.0   19.0   40.4   17.0    5.2   10.7  770.60    2248     2938
2014-08-30 22:00:00    462751200  ***  ***    0.0    0.0    0.0   19.5   19.5   37.5   17.6    4.6   10.6  770.40    2249     2955
2014-08-30 22:20:00    462752400  ***  ***    0.3    0.3    0.3   19.2   19.2   40.3   17.3    5.4   10.9  770.40    2249     2947
2014-08-30 22:40:00    462753600  ***  ***    1.0    1.0    1.0   19.2   19.2   43.7   17.5    6.6   11.5  770.20    2251     2955
2014-08-30 23:00:00    462754800  ***  ***    1.3    1.3    1.3   19.4   19.4   47.8   18.0    8.1   12.3  770.20    2251     2965
2014-08-30 23:20:00    462756000  ***  ***    1.3    1.3    1.3   19.2   19.2   47.6   17.7    7.8   12.1  770.20    2251     2959
2014-08-30 23:40:00    462757200  ***  ***    0.7    0.7    0.7   18.4   18.4   48.8   16.6    7.4   11.6  770.10    2253     2932
2014-08-31 00:00:00    462758400  ***  ***    0.4    0.4    0.4   18.1   18.1   46.3   16.1    6.4   11.0  770.30    2251     2914
2014-08-31 00:20:00    462759600  ***  ***    0.0    0.0    0.0   18.1   18.1   43.6   16.0    5.6   10.6  770.40    2250     2914
2014-08-31 00:40:00    462760800  ***  ***    0.0    0.0    0.0   18.0   18.0   42.8   15.8    5.2   10.4  770.30    2250     2909
2014-08-31 01:00:00    462762000  ***  ***    0.4    0.4    0.4   17.5   17.5   44.1   15.4    5.2   10.1  770.40    2250     2891
2014-08-31 01:20:00    462763200  ***  ***    0.0    0.0    0.0   17.5   17.5   43.6   15.4    5.0   10.1  770.60    2248     2889
2014-08-31 01:40:00    462764400  ***  ***    0.0    0.0    0.0   17.4   17.4   43.8   15.4    4.9   10.0  770.50    2248     2884
2014-08-31 02:00:00    462765600  ***  ***    0.0    0.0    0.0   17.5   17.5   42.6   15.3    4.7    9.9  770.70    2247     2887
2014-08-31 02:20:00    462766800  ***  ***    0.0    0.0    0.0   17.4   17.4   43.3   15.4    4.9   10.0  770.60    2248     2886
2014-08-31 02:40:00    462768000  ***  ***    0.0    0.0    0.0   16.8   16.8   45.9   14.9    5.1    9.9  770.50    2248     2865
2014-08-31 03:00:00    462769200  ***  ***    0.0    0.0    0.0   17.0   17.0   45.7   15.1    5.2   10.0  770.70    2247     2870
2014-08-31 03:20:00    462770400  ***  ***    0.0    0.0    0.0   17.4   17.4   44.1   15.4    5.0   10.0  770.80    2246     2881
2014-08-31 03:40:00    462771600  ***  ***    0.0    0.0    0.0   17.3   17.3   43.6   15.3    4.8    9.9  770.60    2247     2879
2014-08-31 04:00:00    462772800  ***  ***    0.0    0.0    0.0   16.5   16.5   45.9   14.6    4.8    9.6  770.70    2246     2851
2014-08-31 04:20:00    462774000  ***  ***    0.0    0.0    0.0   16.5   16.5   45.6   14.6    4.7    9.5  770.60    2247     2853
2014-08-31 04:40:00    462775200  ***  ***    0.0    0.0    0.0   16.7   16.7   45.0   14.8    4.7    9.6  770.70    2246     2859
2014-08-31 05:00:00    462776400  ***  ***    0.0    0.0    0.0   17.5   17.5   40.9   15.3    4.1    9.7  770.70    2246     2883
2014-08-31 05:20:00    462777600  ***  ***    0.0    0.0    0.0   16.8   16.8   42.6   14.7    4.1    9.4  770.70    2246     2860
2014-08-31 05:40:00    462778800  ***  ***    0.0    0.0    0.0   16.6   16.6   44.2   14.6    4.4    9.5  771.10    2242     2848
2014-08-31 06:00:00    462780000  ***  ***    0.0    0.0    0.0   17.0   17.0   43.2   15.0    4.4    9.6  771.00    2243     2862
2014-08-31 06:20:00    462781200  ***  ***    0.0    0.0    0.0   16.7   16.7   45.4   14.8    4.8    9.7  771.20    2242     2852
2014-08-31 06:40:00    462782400  ***  ***    0.0    0.0    0.0   16.9   16.9   44.7   14.9    4.8    9.8  771.40    2239     2857
2014-08-31 07:00:00    462783600  ***  ***    0.0    0.0    0.0   17.3   17.3   44.0   15.3    4.9   10.0  771.30    2241     2871
2014-08-31 07:20:00    462784800  ***  ***    0.0    0.0    0.0   17.9   17.9   42.5   15.7    5.0   10.2  771.50    2239     2892
2014-08-31 07:40:00    462786000  ***  ***    0.0    0.0    0.0   18.6   18.6   42.8   16.5    5.7   10.9  771.70    2237     2912
2014-08-31 08:00:00    462787200  ***  ***    0.0    0.0    0.0   19.4   19.4   44.2   17.8    6.9   11.7  771.60    2237     2943
2014-08-31 08:20:00    462788400  ***  ***    0.0    0.0    0.0   20.0   20.0   43.4   18.6    7.2   12.1  771.70    2237     2964
2014-08-31 08:40:00    462789600  ***  ***    0.0    0.0    0.0   20.9   20.9   44.9   20.0    8.5   13.0  771.60    2238     2999
2014-08-31 09:00:00    462790800  ***  ***    0.0    0.0    0.0   23.3   23.3   40.7   22.2    9.2   14.1  771.70    2236     3081
2014-08-31 09:20:00    462792000  ***  ***    0.6    0.6    0.6   22.3   22.3   42.6   21.5    9.0   13.7  771.60    2238     3048
2014-08-31 09:40:00    462793200  ***  ***    0.0    0.0    0.0   24.0   24.0   38.7   22.8    9.1   14.3  771.70    2237     3102
2014-08-31 10:00:00    462794400  ***  ***    0.0    0.0    0.0   24.5   24.5   37.3   23.1    9.0   14.4  771.60    2237     3119
2014-08-31 10:20:00    462795600  ***  ***    0.4    0.4    0.4   25.4   25.4   38.3   24.1   10.2   15.3  771.80    2236     3151
2014-08-31 10:40:00    462796800  ***  ***    0.4    0.4    0.4   25.7   25.7   38.8   24.5   10.6   15.6  771.60    2238     3164
2014-08-31 11:00:00    462798000  ***  ***    0.4    0.4    0.4   25.2   25.2   37.8   23.8    9.8   15.0  771.50    2238     3145
2014-08-31 11:20:00    462799200  ***  ***    0.5    0.5    0.5   25.7   25.7   39.3   24.5   10.9   15.8  771.50    2239     3167
2014-08-31 11:40:00    462800400  ***  ***    0.0    0.0    0.0   24.5   24.5   38.3   23.1    9.3   14.6  771.30    2241     3124
2014-08-31 12:00:00    462801600  ***  ***    0.7    0.7    0.7   23.4   23.4   43.3   22.5   10.2   14.7  771.10    2242     3092
2014-08-31 12:20:00    462802800  ***  ***    0.0    0.0    0.0   24.9   24.9   41.5   23.7   11.0   15.6  771.20    2241     3145
2014-08-31 12:40:00    462804000  ***  ***    0.7    0.7    0.7   23.7   23.7   36.6   22.3    8.0   13.6  770.80    2246     3102
2014-08-31 13:00:00    462805200  ***  ***    1.2    1.2    1.2   24.3   24.3   35.4   22.8    8.0   13.8  770.80    2246     3120
2014-08-31 13:20:00    462806400  ***  ***    0.7    0.7    0.7   24.4   24.4   34.9   22.8    8.0   13.9  770.70    2247     3125
2014-08-31 13:40:00    462807600  ***  ***    1.2    1.2    1.2   24.7   24.7   32.7   23.0    7.2   13.6  770.50    2249     3134
2014-08-31 14:00:00    462808800  ***  ***    0.5    0.5    0.5   25.0   25.0   32.4   23.3    7.4   13.8  770.40    2249     3144
2014-08-31 14:20:00    462810000  ***  ***    1.4    1.4    1.4   24.4   24.4   32.7   22.7    7.0   13.4  770.40    2250     3124
2014-08-31 14:40:00    462811200  ***  ***    0.3    0.3    0.3   25.2   25.2   33.7   23.6    8.1   14.2  770.00    2253     3159
2014-08-31 15:00:00    462812400  ***  ***    0.0    0.0    0.0   24.9   24.9   34.4   23.3    8.2   14.2  769.90    2255     3151
2014-08-31 15:20:00    462813600  ***  ***    0.5    0.5    0.5   25.2   25.2   34.7   23.6    8.5   14.4  769.80    2255     3162
2014-08-31 15:40:00    462814800  ***  ***    0.0    0.0    0.0   26.3   26.3   35.5   24.9    9.8   15.4  769.40    2260     3208
2014-08-31 16:00:00    462816000  ***  ***    0.8    0.8    0.8   25.2   25.2   33.4   23.6    8.0   14.1  769.40    2260     3167
2014-08-31 16:20:00    462817200  ***  ***    0.9    0.9    0.9   23.9   23.9   33.1   22.3    6.7   13.1  769.50    2259     3120
2014-08-31 16:40:00    462818400  ***  ***    0.9    0.9    0.9   22.2   22.2   38.9   21.2    7.6   12.9  769.50    2258     3066
2014-08-31 17:00:00    462819600  ***  ***    1.3    1.3    1.3   24.8   24.8   35.0   23.3    8.3   14.2  769.30    2260     3153
2014-08-31 17:20:00    462820800  ***  ***    1.2    1.2    1.2   22.5   22.5   38.4   21.4    7.6   13.0  769.20    2262     3078
2014-08-31 17:40:00    462822000  ***  ***    0.5    0.5    0.5   24.3   24.3   37.8   22.9    9.0   14.4  769.40    2260     3141
2014-08-31 18:00:00    462823200  ***  ***    1.3    1.3    1.3   23.3   23.3   39.6   22.2    8.8   13.9  769.20    2263     3112
2014-08-31 18:20:00    462824400  ***  ***    0.3    0.3    0.3   21.5   21.5   42.3   20.8    8.1   13.0  769.30    2262     3046
2014-08-31 18:40:00    462825600  ***  ***    0.5    0.5    0.5   20.7   20.7   36.6   19.4    5.4   11.4  769.50    2259     3011
2014-08-31 19:00:00    462826800  ***  ***    0.8    0.8    0.8   20.4   20.4   34.5   18.8    4.3   10.8  769.60    2258     2996
2014-08-31 19:20:00    462828000  ***  ***    0.0    0.0    0.0   20.0   20.0   34.8   18.2    4.0   10.5  769.50    2259     2983
2014-08-31 19:40:00    462829200  ***  ***    0.0    0.0    0.0   19.7   19.7   34.7   17.8    3.8   10.4  770.00    2254     2967
2014-08-31 20:00:00    462830400  ***  ***    0.0    0.0    0.0   19.3   19.3   35.7   17.2    3.8   10.2  770.10    2253     2952
2014-08-31 20:20:00    462831600  ***  ***    0.8    0.8    0.8   19.6   19.6   34.0   17.6    3.3   10.1  770.00    2253     2960
2014-08-31 20:40:00    462832800  ***  ***    0.4    0.4    0.4   18.7   18.7   36.6   16.4    3.6    9.9  770.30    2251     2929
2014-08-31 21:00:00    462834000  ***  ***    1.5    1.5    1.5   19.1   19.1   34.1   16.8    2.9    9.8  770.20    2252     2940
2014-08-31 21:20:00    462835200  ***  ***    1.2    1.2    1.2   18.9   18.9   35.6   16.6    3.4    9.9  770.40    2250     2934
2014-08-31 21:40:00    462836400  ***  ***    0.6    0.6    0.6   18.9   18.9   36.2   16.6    3.6   10.0  770.40    2250     2932
2014-08-31 22:00:00    462837600  ***  ***    0.9    0.9    0.9   18.8   18.8   36.0   16.5    3.5    9.9  770.30    2251     2932
2014-08-31 22:20:00    462838800  ***  ***    0.7    0.7    0.7   18.5   18.5   37.1   16.1    3.6    9.8  770.50    2249     2919
2014-08-31 22:40:00    462840000  ***  ***    1.5    1.5    1.5   18.1   18.1   39.2   15.8    4.0    9.8  770.40    2250     2906
2014-08-31 23:00:00    462841200  ***  ***    0.7    0.7    0.7   18.1   18.1   39.3   15.8    4.0    9.8  770.40    2250     2907
2014-08-31 23:20:00    462842400  ***  ***    1.3    1.3    1.3   18.1   18.1   39.3   15.8    4.1    9.9  770.80    2246     2903
2014-08-31 23:40:00    462843600  ***  ***    1.7    1.7    1.7   17.8   17.8   40.4   15.5    4.2    9.9  770.70    2246     2892
2014-09-01 00:00:00    462844800  ***  ***    0.8    0.8    0.7   17.8   17.8   40.2   15.5    4.1    9.8  770.40    2249     2896
2014-09-01 00:20:00    462846000  ***  ***    0.0    0.0    0.0   17.4   17.4   41.4   15.3    4.1    9.7  770.40    2250     2883
2014-09-01 00:40:00    462847200  ***  ***    0.7    0.7    0.7   17.2   17.2   41.9   15.1    4.2    9.7  770.60    2248     2876
2014-09-01 01:00:00    462848400  ***  ***    1.1    1.1    1.1   17.0   17.0   42.7   14.9    4.3    9.6  770.70    2246     2868
2014-09-01 01:20:00    462849600  ***  ***    0.8    0.8    0.8   16.9   16.9   43.4   14.9    4.4    9.6  770.70    2247     2866
2014-09-01 01:40:00    462850800  ***  ***    1.2    1.2    1.2   16.8   16.8   44.6   14.8    4.6    9.6  770.30    2250     2865
2014-09-01 02:00:00    462852000  ***  ***    0.4    0.4    0.4   16.6   16.6   44.8   14.6    4.6    9.6  770.30    2251     2860
2014-09-01 02:20:00    462853200  ***  ***    0.4    0.4    0.4   16.4   16.4   45.4   14.6    4.5    9.4  770.10    2253     2855
2014-09-01 02:40:00    462854400  ***  ***    0.6    0.6    0.6   16.4   16.4   45.4   14.6    4.5    9.4  769.90    2254     2856
2014-09-01 03:00:00    462855600  ***  ***    1.3    1.3    1.2   16.2   16.2   45.8   14.4    4.5    9.4  770.20    2252     2848
2014-09-01 03:20:00    462856800  ***  ***    0.4    0.4    0.4   15.8   15.8   46.5   14.0    4.4    9.2  770.00    2254     2838
2014-09-01 03:40:00    462858000  ***  ***    0.7    0.7    0.7   16.4   16.4   45.2   14.6    4.5    9.4  770.00    2254     2857
2014-09-01 04:00:00    462859200  ***  ***    0.0    0.0    0.0   16.0   16.0   46.9   14.3    4.7    9.4  770.00    2254     2846
2014-09-01 04:20:00    462860400  ***  ***    0.4    0.4    0.4   15.6   15.6   48.5   13.9    4.8    9.3  770.10    2253     2831
2014-09-01 04:40:00    462861600  ***  ***    0.4    0.4    0.4   16.0   16.0   47.7   14.3    4.9    9.5  770.00    2254     2846
2014-09-01 05:00:00    462862800  ***  ***    0.6    0.6    0.6   15.8   15.8   48.9   14.2    5.1    9.5  769.80    2255     2839
2014-09-01 05:20:00    462864000  ***  ***    1.5    1.5    1.5   15.6   15.6   50.5   14.0    5.3    9.5  770.20    2251     2828
2014-09-01 05:40:00    462865200  ***  ***    0.7    0.7    0.7   15.9   15.9   50.4   14.3    5.6    9.8  770.30    2251     2840
2014-09-01 06:00:00    462866400  ***  ***    0.9    0.9    0.9   15.3   15.3   52.6   13.9    5.7    9.6  770.40    2249     2818
2014-09-01 06:20:00    462867600  ***  ***    0.0    0.0    0.0   15.6   15.6   52.4   14.1    5.9    9.8  770.40    2250     2829
2014-09-01 06:40:00    462868800  ***  ***    0.0    0.0    0.0   15.6   15.6   53.4   14.2    6.2   10.0  770.90    2245     2824
2014-09-01 07:00:00    462870000  ***  ***    0.9    0.9    0.9   16.1   16.1   52.7   14.6    6.4   10.3  770.90    2245     2842
2014-09-01 07:20:00    462871200  ***  ***    1.1    1.1    1.1   16.6   16.6   52.0   15.0    6.7   10.6  771.30    2240     2854
2014-09-01 07:40:00    462872400  ***  ***    0.6    0.6    0.6   17.0   17.0   53.2   15.5    7.4   11.1  771.30    2241     2869
2014-09-01 08:00:00    462873600  ***  ***    0.0    0.0    0.0   17.6   17.6   53.4   16.0    8.0   11.6  771.10    2243     2893
2014-09-01 08:20:00    462874800  ***  ***    0.0    0.0    0.0   18.7   18.7   53.8   17.2    9.1   12.6  771.40    2240     2931
2014-09-01 08:40:00    462876000  ***  ***    0.8    0.8    0.8   19.8   19.8   46.9   18.5    8.1   12.4  771.30    2241     2967
2014-09-01 09:00:00    462877200  ***  ***    0.5    0.5    0.5   21.7   21.7   43.7   21.0    8.8   13.4  771.30    2240     3030
2014-09-01 09:20:00    462878400  ***  ***    1.0    1.0    1.0   22.6   22.6   39.5   21.6    8.2   13.4  771.50    2238     3055
2014-09-01 09:40:00    462879600  ***  ***    0.0    0.0    0.0   23.4   23.4   41.7   22.4    9.7   14.4  771.30    2240     3091
2014-09-01 10:00:00    462880800  ***  ***    0.0    0.0    0.0   23.5   23.5   42.0   22.5    9.9   14.6  771.50    2238     3091
2014-09-01 10:20:00    462882000  ***  ***    0.6    0.6    0.5   24.5   24.5   36.6   23.0    8.7   14.3  771.40    2240     3122
2014-09-01 10:40:00    462883200  ***  ***    1.2    1.2    1.2   23.8   23.8   33.3   22.2    6.6   13.1  771.40    2240     3090
2014-09-01 11:00:00    462884400  ***  ***    0.8    0.8    0.8   24.2   24.2   32.8   22.5    6.8   13.3  771.30    2241     3106
2014-09-01 11:20:00    462885600  ***  ***    0.7    0.7    0.7   24.7   24.7   32.6   23.0    7.2   13.6  771.10    2243     3126
2014-09-01 11:40:00    462886800  ***  ***    0.0    0.0    0.0   23.4   23.4   32.9   21.9    6.2   12.7  771.10    2242     3080
2014-09-01 12:00:00    462888000  ***  ***    0.7    0.7    0.7   22.4   22.4   34.7   21.2    6.1   12.3  771.00    2244     3048
2014-09-01 12:20:00    462889200  ***  ***    0.0    0.0    0.0   24.0   24.0   34.0   22.5    7.2   13.4  771.20    2242     3103
2014-09-01 12:40:00    462890400  ***  ***    0.8    0.8    0.8   23.9   23.9   26.6   22.0    3.6   11.8  771.00    2244     3091
2014-09-01 13:00:00    462891600  ***  ***    1.1    1.1    1.1   24.3   24.3   30.8   22.5    6.0   13.0  770.70    2247     3115
2014-09-01 13:20:00    462892800  ***  ***    0.7    0.7    0.7   23.9   23.9   30.6   22.2    5.6   12.6  770.40    2250     3104
2014-09-01 13:40:00    462894000  ***  ***    0.4    0.4    0.4   24.1   24.1   28.3   22.2    4.7   12.3  770.40    2250     3108
2014-09-01 14:00:00    462895200  ***  ***    0.0    0.0    0.0   24.6   24.6   30.9   22.8    6.3   13.2  770.20    2251     3131
2014-09-01 14:20:00    462896400  ***  ***    1.4    1.4    1.4   25.0   25.0   28.7   23.1    5.6   13.0  770.00    2253     3143
2014-09-01 14:40:00    462897600  ***  ***    0.7    0.7    0.7   24.8   24.8   27.5   22.8    4.8   12.6  770.00    2254     3135
2014-09-01 15:00:00    462898800  ***  ***    0.8    0.8    0.8   24.8   24.8   28.5   22.9    5.4   12.8  769.80    2256     3142
2014-09-01 15:20:00    462900000  ***  ***    0.5    0.5    0.5   24.7   24.7   29.5   22.8    5.7   12.9  769.70    2256     3137
2014-09-01 15:40:00    462901200  ***  ***    1.1    1.1    1.1   24.1   24.1   29.6   22.3    5.2   12.5  769.70    2256     3117
2014-09-01 16:00:00    462902400  ***  ***    0.7    0.7    0.7   24.9   24.9   29.5   23.0    5.9   13.1  769.50    2259     3149
2014-09-01 16:20:00    462903600  ***  ***    1.1    1.1    1.1   24.5   24.5   29.6   22.6    5.6   12.8  769.60    2258     3135
2014-09-01 16:40:00    462904800  ***  ***    0.0    0.0    0.0   25.1   25.1   29.5   23.2    6.1   13.2  769.50    2258     3153
2014-09-01 17:00:00    462906000  ***  ***    1.5    1.5    1.5   24.4   24.4   26.8   22.4    4.1   12.2  769.30    2260     3128
2014-09-01 17:20:00    462907200  ***  ***    0.0    0.0    0.0   25.1   25.1   27.0   23.1    4.8   12.7  769.70    2257     3150
2014-09-01 17:40:00    462908400  ***  ***    0.4    0.4    0.4   24.1   24.1   27.2   22.2    4.1   12.1  769.60    2258     3117
2014-09-01 18:00:00    462909600  ***  ***    0.5    0.5    0.5   23.0   23.0   28.9   21.4    4.0   11.6  769.50    2258     3080
2014-09-01 18:20:00    462910800  ***  ***    1.2    1.2    1.2   21.5   21.5   28.8   20.2    2.6   10.6  769.60    2257     3025
2014-09-01 18:40:00    462912000  ***  ***    1.1    1.1    1.1   20.3   20.3   30.3   18.5    2.3   10.0  769.90    2255     2982
2014-09-01 19:00:00    462913200  ***  ***    0.0    0.0    0.0   19.3   19.3   32.2   17.1    2.3    9.6  770.30    2250     2943
2014-09-01 19:20:00    462914400  ***  ***    0.0    0.0    0.0   19.4   19.4   32.0   17.2    2.3    9.6  769.90    2255     2953
2014-09-01 19:40:00    462915600  ***  ***    0.4    0.4    0.4   19.3   19.3   31.6   17.0    2.0    9.5  770.60    2248     2939
2014-09-01 20:00:00    462916800  ***  ***    0.0    0.0    0.0   18.7   18.7   33.0   16.2    2.1    9.3  770.30    2251     2924
2014-09-01 20:20:00    462918000  ***  ***    0.0    0.0    0.0   18.8   18.8   32.1   16.3    1.8    9.3  770.50    2248     2922
2014-09-01 20:40:00    462919200  ***  ***    0.5    0.5    0.5   19.4   19.4   30.5   17.2    1.6    9.4  770.50    2248     2940
2014-09-01 21:00:00    462920400  ***  ***    0.0    0.0    0.0   19.1   19.1   30.8   16.7    1.5    9.2  770.80    2246     2928
2014-09-01 21:20:00    462921600  ***  ***    0.0    0.0    0.0   19.0   19.0   30.9   16.6    1.5    9.2  770.60    2247     2928
2014-09-01 21:40:00    462922800  ***  ***    0.0    0.0    0.0   18.4   18.4   31.8   15.7    1.3    8.9  771.10    2242     2900
2014-09-01 22:00:00    462924000  ***  ***    0.0    0.0    0.0   18.3   18.3   31.7   15.6    1.2    8.8  771.20    2242     2897
2014-09-01 22:20:00    462925200  ***  ***    0.0    0.0    0.0   18.4   18.4   31.2   15.7    1.0    8.8  770.90    2245     2903
2014-09-01 22:40:00    462926400  ***  ***    0.0    0.0    0.0   18.5   18.5   30.7   15.8    1.0    8.8  771.10    2243     2906
2014-09-01 23:00:00    462927600  ***  ***    0.0    0.0    0.0   18.8   18.8   30.3   16.3    1.0    8.9  770.90    2245     2918
2014-09-01 23:20:00    462928800  ***  ***    0.0    0.0    0.0   17.2   17.2   34.6   14.8    1.5    8.5  770.90    2245     2867
2014-09-01 23:40:00    462930000  ***  ***    0.0    0.0    0.0   17.8   17.8   32.9   15.2    1.2    8.6  770.70    2246     2885
2014-09-02 00:00:00    462931200  ***  ***    0.0    0.0    0.0   17.9   17.9   32.2   15.3    1.1    8.6  770.70    2246     2889
2014-09-02 00:20:00    462932400  ***  ***    0.0    0.0    0.0   17.4   17.4   34.2   14.9    1.5    8.5  770.80    2246     2873
2014-09-02 00:40:00    462933600  ***  ***    0.0    0.0    0.0   17.9   17.9   33.1   15.3    1.4    8.8  770.50    2249     2892
2014-09-02 01:00:00    462934800  ***  ***    0.0    0.0    0.0   17.6   17.6   34.5   15.1    1.8    8.8  770.40    2250     2886
2014-09-02 01:20:00    462936000  ***  ***    0.0    0.0    0.0   17.6   17.6   34.9   15.1    1.9    8.8  770.60    2247     2881
2014-09-02 01:40:00    462937200  ***  ***    0.0    0.0    0.0   17.7   17.7   34.7   15.2    1.9    8.8  770.60    2248     2889
2014-09-02 02:00:00    462938400  ***  ***    0.4    0.4    0.4   18.1   18.1   34.2   15.5    2.1    9.0  770.30    2251     2905
2014-09-02 02:20:00    462939600  ***  ***    0.0    0.0    0.0   17.5   17.5   36.4   15.1    2.4    9.0  770.30    2250     2883
2014-09-02 02:40:00    462940800  ***  ***    0.0    0.0    0.0   17.0   17.0   38.4   14.7    2.7    8.9  770.40    2250     2867
2014-09-02 03:00:00    462942000  ***  ***    0.0    0.0    0.0   17.1   17.1   38.2   14.8    2.8    9.0  770.10    2252     2874
2014-09-02 03:20:00    462943200  ***  ***    0.0    0.0    0.0   16.6   16.6   40.2   14.5    3.0    8.9  770.30    2251     2857
2014-09-02 03:40:00    462944400  ***  ***    0.0    0.0    0.0   16.8   16.8   39.3   14.6    2.9    8.9  770.30    2251     2863
2014-09-02 04:00:00    462945600  ***  ***    0.0    0.0    0.0   16.4   16.4   40.4   14.3    3.0    8.8  770.30    2251     2851
2014-09-02 04:20:00    462946800  ***  ***    0.5    0.5    0.5   17.3   17.3   38.8   15.1    3.1    9.2  770.60    2248     2876
2014-09-02 04:40:00    462948000  ***  ***    0.0    0.0    0.0   16.4   16.4   41.8   14.4    3.4    8.9  770.70    2247     2845
2014-09-02 05:00:00    462949200  ***  ***    0.0    0.0    0.0   17.1   17.1   39.7   14.9    3.3    9.2  770.60    2248     2871
2014-09-02 05:20:00    462950400  ***  ***    0.0    0.0    0.0   16.8   16.8   41.0   14.7    3.5    9.2  770.50    2249     2861
2014-09-02 05:40:00    462951600  ***  ***    0.0    0.0    0.0   17.4   17.4   38.9   15.2    3.3    9.3  770.90    2244     2875
2014-09-02 06:00:00    462952800  ***  ***    0.0    0.0    0.0   16.9   16.9   40.7   14.7    3.5    9.2  771.00    2244     2860
2014-09-02 06:20:00    462954000  ***  ***    0.0    0.0    0.0   17.6   17.6   40.1   15.3    3.9    9.7  771.20    2242     2881
2014-09-02 06:40:00    462955200  ***  ***    0.0    0.0    0.0   17.4   17.4   40.0   15.2    3.6    9.4  771.30    2241     2871
2014-09-02 07:00:00    462956400  ***  ***    0.0    0.0    0.0   17.9   17.9   37.7   15.5    3.3    9.5  771.30    2241     2888
2014-09-02 07:20:00    462957600  ***  ***    0.0    0.0    0.0   18.4   18.4   37.5   16.0    3.7    9.9  771.70    2237     2901
2014-09-02 07:40:00    462958800  ***  ***    0.0    0.0    0.0   19.2   19.2   39.7   17.3    5.2   10.7  771.40    2240     2937
2014-09-02 08:00:00    462960000  ***  ***    0.0    0.0    0.0   19.8   19.8   41.5   18.3    6.4   11.6  771.50    2239     2959
2014-09-02 08:20:00    462961200  ***  ***    0.0    0.0    0.0   20.3   20.3   37.1   18.8    5.2   11.2  771.30    2241     2974
2014-09-02 08:40:00    462962400  ***  ***    0.0    0.0    0.0   21.2   21.2   38.2   20.1    6.4   12.1  771.30    2241     3008
2014-09-02 09:00:00    462963600  ***  ***    0.0    0.0    0.0   24.6   24.6   37.3   23.2    9.1   14.5  771.60    2238     3121
2014-09-02 09:20:00    462964800  ***  ***    0.0    0.0    0.0   24.2   24.2   35.7   22.7    8.1   13.9  771.70    2237     3106
2014-09-02 09:40:00    462966000  ***  ***    0.0    0.0    0.0   24.8   24.8   35.4   23.3    8.5   14.3  771.50    2239     3128
2014-09-02 10:00:00    462967200  ***  ***    0.0    0.0    0.0   24.1   24.1   37.6   22.7    8.8   14.2  771.60    2237     3106
2014-09-02 10:20:00    462968400  ***  ***    1.2    1.2    1.2   23.3   23.3   37.5   22.1    8.0   13.5  771.40    2239     3080
2014-09-02 10:40:00    462969600  ***  ***    0.7    0.7    0.7   25.4   25.4   31.9   23.7    7.5   14.0  771.60    2237     3142
2014-09-02 11:00:00    462970800  ***  ***    0.0    0.0    0.0   25.7   25.7   33.5   24.1    8.5   14.6  771.60    2237     3156
2014-09-02 11:20:00    462972000  ***  ***    0.0    0.0    0.0   26.7   26.7   31.2   25.0    8.3   14.8  771.10    2242     3192
2014-09-02 11:40:00    462973200  ***  ***    0.6    0.6    0.6   24.4   24.4   32.8   22.7    7.0   13.4  771.40    2240     3112
2014-09-02 12:00:00    462974400  ***  ***    0.0    0.0    0.0   25.6   25.6   36.9   24.2    9.9   15.2  771.30    2241     3163
2014-09-02 12:20:00    462975600  ***  ***    0.0    0.0    0.0   25.5   25.5   31.9   23.8    7.5   14.0  771.00    2243     3152
2014-09-02 12:40:00    462976800  ***  ***    0.5    0.5    0.5   25.0   25.0   31.9   23.3    7.2   13.7  771.00    2244     3138
2014-09-02 13:00:00    462978000  ***  ***    0.6    0.6    0.6   25.9   25.9   32.6   24.2    8.3   14.6  770.60    2248     3177
2014-09-02 13:20:00    462979200  ***  ***    0.5    0.5    0.5   26.3   26.3   32.1   24.7    8.3   14.7  770.60    2247     3185
2014-09-02 13:40:00    462980400  ***  ***    0.5    0.5    0.5   26.0   26.0   31.2   24.2    7.6   14.2  770.40    2250     3177
2014-09-02 14:00:00    462981600  ***  ***    0.5    0.5    0.5   25.3   25.3   28.5   23.4    5.7   13.1  770.20    2251     3150
2014-09-02 14:20:00    462982800  ***  ***    0.0    0.0    0.0   25.9   25.9   26.1   23.8    5.0   13.0  769.90    2254     3172
2014-09-02 14:40:00    462984000  ***  ***    1.1    1.1    1.1   25.7   25.7   28.8   23.8    6.2   13.5  769.80    2256     3170
2014-09-02 15:00:00    462985200  ***  ***    0.7    0.7    0.7   26.4   26.4   27.7   24.4    6.3   13.8  769.50    2258     3198
2014-09-02 15:20:00    462986400  ***  ***    0.6    0.6    0.6   26.2   26.2   28.8   24.3    6.7   13.8  769.30    2262     3196
2014-09-02 15:40:00    462987600  ***  ***    1.4    1.4    1.4   25.8   25.8   28.0   23.8    5.9   13.4  769.30    2262     3179
2014-09-02 16:00:00    462988800  ***  ***    0.0    0.0    0.0   26.7   26.7   27.3   24.7    6.4   13.9  769.00    2263     3213
2014-09-02 16:20:00    462990000  ***  ***    0.5    0.5    0.5   26.9   26.9   28.1   24.9    6.9   14.2  769.00    2264     3221
2014-09-02 16:40:00    462991200  ***  ***    0.4    0.4    0.4   26.4   26.4   27.9   24.4    6.4   13.8  768.70    2268     3208
2014-09-02 17:00:00    462992400  ***  ***    0.0    0.0    0.0   26.0   26.0   28.5   24.1    6.3   13.6  768.70    2268     3193
2014-09-02 17:20:00    462993600  ***  ***    0.7    0.7    0.7   25.5   25.5   26.3   23.5    4.8   12.8  768.70    2267     3174
2014-09-02 17:40:00    462994800  ***  ***    1.2    1.2    1.2   25.0   25.0   26.9   23.0    4.7   12.6  768.50    2270     3160
2014-09-02 18:00:00    462996000  ***  ***    0.0    0.0    0.0   24.3   24.3   27.8   22.3    4.5   12.3  768.70    2267     3135
2014-09-02 18:20:00    462997200  ***  ***    0.5    0.5    0.5   22.4   22.4   29.5   20.9    3.8   11.3  768.70    2267     3070
2014-09-02 18:40:00    462998400  ***  ***    0.0    0.0    0.0   20.9   20.9   30.2   19.4    2.8   10.4  769.20    2263     3012
2014-09-02 19:00:00    462999600  ***  ***    0.0    0.0    0.0   20.1   20.1   31.0   18.2    2.5   10.0  769.30    2260     2984
2014-09-02 19:20:00    463000800  ***  ***    0.0    0.0    0.0   19.7   19.7   31.5   17.6    2.3    9.8  769.50    2258     2967
2014-09-02 19:40:00    463002000  ***  ***    0.0    0.0    0.0   19.6   19.6   32.2   17.6    2.6    9.9  769.70    2256     2961
2014-09-02 20:00:00    463003200  ***  ***    0.0    0.0    0.0   19.3   19.3   32.9   17.1    2.6    9.8  769.70    2257     2952
2014-09-02 20:20:00    463004400  ***  ***    0.0    0.0    0.0   19.5   19.5   31.7   17.3    2.2    9.7  769.90    2255     2955
2014-09-02 20:40:00    463005600  ***  ***    0.5    0.5    0.5   20.2   20.2   29.6   18.2    1.9    9.8  769.80    2256     2981
2014-09-02 21:00:00    463006800  ***  ***    0.0    0.0    0.0   19.1   19.1   32.6   16.8    2.3    9.5  769.70    2257     2947
2014-09-02 21:20:00    463008000  ***  ***    0.8    0.8    0.8   19.9   19.9   30.7   17.9    2.2    9.8  769.70    2257     2971
2014-09-02 21:40:00    463009200  ***  ***    0.4    0.4    0.4   19.9   19.9   30.7   17.9    2.2    9.8  769.70    2256     2971
2014-09-02 22:00:00    463010400  ***  ***    0.6    0.6    0.6   19.8   19.8   31.1   17.8    2.3    9.8  769.60    2257     2970
2014-09-02 22:20:00    463011600  ***  ***    0.0    0.0    0.0   19.3   19.3   31.8   17.0    2.1    9.5  769.90    2255     2950
2014-09-02 22:40:00    463012800  ***  ***    0.0    0.0    0.0   18.9   18.9   32.5   16.5    2.0    9.4  770.10    2253     2932
2014-09-02 23:00:00    463014000  ***  ***    0.5    0.5    0.5   19.3   19.3   31.7   17.0    2.0    9.5  769.80    2255     2948
2014-09-02 23:20:00    463015200  ***  ***    0.6    0.6    0.6   19.2   19.2   32.1   16.9    2.2    9.5  769.50    2259     2950
2014-09-02 23:40:00    463016400  ***  ***    0.0    0.0    0.0   18.9   18.9   32.5   16.5    2.1    9.4  769.50    2259     2941
2014-09-03 00:00:00    463017600  ***  ***    0.0    0.0    0.0   18.6   18.6   33.5   16.1    2.3    9.3  769.70    2257     2930
2014-09-03 00:20:00    463018800  ***  ***    0.0    0.0    0.0   18.1   18.1   35.4   15.6    2.5    9.2  769.70    2257     2912
2014-09-03 00:40:00    463020000  ***  ***    0.0    0.0    0.0   18.1   18.1   35.2   15.6    2.5    9.2  769.40    2260     2918
2014-09-03 01:00:00    463021200  ***  ***    0.0    0.0    0.0   18.7   18.7   33.7   16.2    2.4    9.4  769.00    2264     2940
2014-09-03 01:20:00    463022400  ***  ***    0.0    0.0    0.0   18.3   18.3   35.0   15.8    2.6    9.4  769.10    2263     2929
2014-09-03 01:40:00    463023600  ***  ***    0.0    0.0    0.0   18.4   18.4   34.9   15.9    2.6    9.4  768.90    2266     2934
2014-09-03 02:00:00    463024800  ***  ***    0.0    0.0    0.0   17.9   17.9   36.2   15.4    2.7    9.2  769.20    2263     2914
2014-09-03 02:20:00    463026000  ***  ***    0.0    0.0    0.0   18.5   18.5   34.4   16.0    2.6    9.4  769.00    2263     2934
2014-09-03 02:40:00    463027200  ***  ***    0.3    0.3    0.3   18.4   18.4   34.7   15.9    2.6    9.4  768.90    2266     2932
2014-09-03 03:00:00    463028400  ***  ***    0.4    0.4    0.4   18.1   18.1   36.1   15.6    2.8    9.4  769.00    2264     2921
2014-09-03 03:20:00    463029600  ***  ***    0.0    0.0    0.0   17.5   17.5   38.0   15.2    3.1    9.2  768.70    2268     2908
2014-09-03 03:40:00    463030800  ***  ***    0.0    0.0    0.0   17.6   17.6   38.9   15.3    3.4    9.4  768.70    2267     2909
2014-09-03 04:00:00    463032000  ***  ***    0.5    0.5    0.5   17.8   17.8   37.6   15.4    3.1    9.3  769.00    2263     2912
2014-09-03 04:20:00    463033200  ***  ***    0.5    0.5    0.5   18.8   18.8   33.5   16.4    2.4    9.5  768.90    2264     2943
2014-09-03 04:40:00    463034400  ***  ***    0.0    0.0    0.0   17.9   17.9   36.2   15.4    2.7    9.2  769.00    2264     2914
2014-09-03 05:00:00    463035600  ***  ***    0.0    0.0    0.0   17.8   17.8   36.5   15.4    2.7    9.2  769.00    2263     2911
2014-09-03 05:20:00    463036800  ***  ***    0.0    0.0    0.0   18.0   18.0   35.1   15.5    2.4    9.2  769.10    2263     2916
2014-09-03 05:40:00    463038000  ***  ***    0.0    0.0    0.0   18.2   18.2   34.1   15.6    2.1    9.1  769.30    2262     2920
2014-09-03 06:00:00    463039200  ***  ***    0.0    0.0    0.0   18.1   18.1   34.7   15.6    2.3    9.1  769.20    2262     2919
2014-09-03 06:20:00    463040400  ***  ***    0.0    0.0    0.0   18.1   18.1   35.0   15.6    2.4    9.2  769.40    2259     2916
2014-09-03 06:40:00    463041600  ***  ***    0.0    0.0    0.0   17.8   17.8   37.3   15.4    3.1    9.3  769.30    2262     2910
2014-09-03 07:00:00    463042800  ***  ***    0.0    0.0    0.0   18.4   18.4   39.2   16.1    4.3   10.1  769.40    2260     2932
2014-09-03 07:20:00    463044000  ***  ***    0.0    0.0    0.0   18.5   18.5   41.0   16.3    5.1   10.5  769.40    2259     2937
2014-09-03 07:40:00    463045200  ***  ***    0.0    0.0    0.0   19.8   19.8   42.1   18.3    6.6   11.7  769.40    2260     2986
2014-09-03 08:00:00    463046400  ***  ***    0.0    0.0    0.0   20.6   20.6   45.3   19.6    8.3   12.8  769.50    2259     3015
