FORMATTED DATE-TIME           DT   MG   TR     WS     CW     HW     TP     WC     RH     HI     DP     WB      BP      AL       DA
YYYY-MM-DD HH:MM:SS            s  Mag True    m/s    m/s    m/s     °C     °C      %     °C     °C     °C     hPa       m        m
----------------------------------------------------------------------------------------------------------------------------------
2014-09-09 11:00:00    463575600  ***  ***    0.5    0.5    0.5   24.8   24.8   64.1   25.0   17.6   19.6  823.30    1715     2532
2014-09-09 11:20:00    463576800  ***  ***    0.9    0.9    0.9   26.2   26.2   49.9   25.9   14.9   18.3  823.00    1718     2568
2014-09-09 11:40:00    463578000  ***  ***    0.0    0.0    0.0   24.6   24.6   53.8   24.2   14.6   17.7  822.80    1719     2515
2014-09-09 12:00:00    463579200  ***  ***    0.5    0.5    0.5   25.4   25.4   51.4   25.0   14.7   18.0  822.80    1720     2543
2014-09-09 12:20:00    463580400  ***  ***    1.1    1.1    1.1   26.3   26.3   50.4   26.2   15.2   18.5  822.70    1721     2575
2014-09-09 12:40:00    463581600  ***  ***    0.5    0.5    0.5   27.6   27.6   49.5   27.8   16.1   19.4  822.50    1723     2626
2014-09-09 13:00:00    463582800  ***  ***    0.4    0.4    0.4   23.0   23.0   63.6   23.2   15.7   17.9  822.20    1726     2475
2014-09-09 13:20:00    463584000  ***  ***    0.4    0.4    0.4   28.4   28.4   44.3   28.3   15.0   19.0  821.90    1729     2653
2014-09-09 13:40:00    463585200  ***  ***    1.0    1.0    1.0   25.4   25.4   52.5   25.1   15.0   18.2  821.90    1729     2556
2014-09-09 14:00:00    463586400  ***  ***    1.7    1.7    1.7   26.2   26.2   47.2   25.7   14.0   17.8  821.70    1731     2578
2014-09-09 14:20:00    463587600  ***  ***    0.5    0.5    0.5   26.5   26.5   44.2   25.8   13.3   17.5  821.40    1733     2588
2014-09-09 14:40:00    463588800  ***  ***    0.0    0.0    0.0   27.4   27.4   45.1   27.0   14.5   18.4  821.50    1733     2624
2014-09-09 15:00:00    463590000  ***  ***    0.0    0.0    0.0   26.2   26.2   42.2   25.3   12.4   16.9  821.30    1733     2576
2014-09-09 15:20:00    463591200  ***  ***    0.6    0.6    0.6   26.2   26.2   44.5   25.5   13.1   17.3  821.20    1735     2580
2014-09-09 15:40:00    463592400  ***  ***    0.9    0.9    0.9   27.7   27.7   41.0   27.0   13.3   17.9  821.10    1735     2631
2014-09-09 16:00:00    463593600  ***  ***    0.7    0.7    0.7   24.5   24.5   44.7   23.5   11.7   16.0  821.00    1737     2519
2014-09-09 16:20:00    463594800  ***  ***    0.4    0.4    0.4   25.9   25.9   43.5   25.1   12.5   16.9  821.10    1737     2568
2014-09-09 16:40:00    463596000  ***  ***    1.0    1.0    1.0   24.0   24.0   41.2   22.9   10.0   15.0  821.00    1738     2498
2014-09-09 17:00:00    463597200  ***  ***    0.6    0.6    0.6   23.5   23.5   40.7   22.4    9.4   14.5  821.20    1735     2479
2014-09-09 17:20:00    463598400  ***  ***    0.0    0.0    0.0   23.2   23.2   44.4   22.3   10.4   14.9  821.10    1735     2470
2014-09-09 17:40:00    463599600  ***  ***    1.6    1.6    1.6   22.9   22.9   43.8   22.1    9.9   14.6  821.00    1737     2458
2014-09-09 18:00:00    463600800  ***  ***    0.8    0.8    0.8   21.9   21.9   48.5   21.4   10.6   14.6  821.10    1735     2428
2014-09-09 18:20:00    463602000  ***  ***    0.0    0.0    0.0   20.4   20.4   58.1   19.9   11.9   14.8  821.20    1735     2383
2014-09-09 18:40:00    463603200  ***  ***    0.0    0.0    0.0   18.8   18.8   64.8   17.9   12.0   14.3  821.00    1738     2332
2014-09-09 19:00:00    463604400  ***  ***    0.0    0.0    0.0   18.1   18.1   70.6   17.4   12.7   14.6  821.40    1733     2309
2014-09-09 19:20:00    463605600  ***  ***    0.0    0.0    0.0   17.7   17.7   71.1   17.0   12.4   14.2  821.40    1733     2291
2014-09-09 19:40:00    463606800  ***  ***    0.0    0.0    0.0   16.4   16.4   78.5   16.1   12.7   14.0  821.80    1729     2244
2014-09-09 20:00:00    463608000  ***  ***    0.0    0.0    0.0   15.4   15.4   84.0   15.4   12.7   13.6  822.00    1727     2206
2014-09-09 20:20:00    463609200  ***  ***    0.0    0.0    0.0   14.7   14.7   86.9   14.8   12.5   13.3  822.20    1725     2178
2014-09-09 20:40:00    463610400  ***  ***    0.0    0.0    0.0   14.4   14.4   88.2   14.6   12.5   13.2  822.30    1725     2168
2014-09-09 21:00:00    463611600  ***  ***    0.0    0.0    0.0   14.4   14.4   85.6   14.4   12.1   12.9  822.20    1725     2168
2014-09-09 21:20:00    463612800  ***  ***    0.0    0.0    0.0   14.1   14.1   87.1   14.2   12.0   12.7  822.40    1724     2156
2014-09-09 21:40:00    463614000  ***  ***    0.0    0.0    0.0   13.7   13.7   89.0   13.9   11.9   12.5  822.50    1723     2140
2014-09-09 22:00:00    463615200  ***  ***    0.5    0.5    0.5   13.7   13.7   88.2   13.9   11.8   12.5  822.20    1725     2141
2014-09-09 22:20:00    463616400  ***  ***    0.3    0.3    0.3   13.5   13.5   90.1   13.7   11.9   12.5  822.50    1723     2133
2014-09-09 22:40:00    463617600  ***  ***    0.0    0.0    0.0   13.5   13.5   90.1   13.7   11.9   12.5  822.40    1724     2135
2014-09-09 23:00:00    463618800  ***  ***    0.0    0.0    0.0   13.6   13.6   90.1   13.8   12.0   12.6  822.30    1725     2139
2014-09-09 23:20:00    463620000  ***  ***    0.0    0.0    0.0   13.2   13.2   93.1   13.5   12.1   12.5  822.50    1723     2124
2014-09-09 23:40:00    463621200  ***  ***    0.0    0.0    0.0   13.3   13.3   93.1   13.6   12.3   12.6  822.40    1724     2130
2014-09-10 00:00:00    463622400  ***  ***    0.0    0.0    0.0   13.3   13.3   93.8   13.7   12.3   12.6  822.40    1724     2128
2014-09-10 00:20:00    463623600  ***  ***    0.5    0.5    0.5   13.3   13.3   94.9   13.7   12.5   12.8  822.40    1724     2129
2014-09-10 00:40:00    463624800  ***  ***    0.0    0.0    0.0   13.4   13.4   94.5   13.8   12.5   12.8  822.40    1723     2131
2014-09-10 01:00:00    463626000  ***  ***    0.5    0.5    0.5   13.3   13.3   95.2   13.7   12.5   12.8  822.40    1723     2127
2014-09-10 01:20:00    463627200  ***  ***    0.8    0.8    0.8   13.1   13.1   96.2   13.6   12.5   12.7  822.40    1724     2122
2014-09-10 01:40:00    463628400  ***  ***    0.7    0.7    0.7   13.3   13.3   94.3   13.7   12.4   12.7  822.30    1724     2128
2014-09-10 02:00:00    463629600  ***  ***    0.4    0.4    0.4   13.1   13.1   94.3   13.5   12.2   12.5  822.30    1724     2122
2014-09-10 02:20:00    463630800  ***  ***    0.5    0.5    0.5   13.1   13.1   92.0   13.4   11.9   12.3  822.20    1726     2124
2014-09-10 02:40:00    463632000  ***  ***    0.0    0.0    0.0   12.6   12.6   92.5   12.9   11.5   11.9  821.80    1729     2107
2014-09-10 03:00:00    463633200  ***  ***    0.0    0.0    0.0   12.4   12.4   91.5   12.6   11.0   11.5  822.00    1727     2096
2014-09-10 03:20:00    463634400  ***  ***    0.3    0.3    0.3   12.7   12.7   88.5   12.9   10.8   11.5  822.00    1727     2104
2014-09-10 03:40:00    463635600  ***  ***    0.0    0.0    0.0   12.4   12.4   89.2   12.6   10.7   11.3  821.90    1729     2097
2014-09-10 04:00:00    463636800  ***  ***    0.0    0.0    0.0   12.2   12.2   91.2   12.4   10.8   11.3  821.70    1731     2092
2014-09-10 04:20:00    463638000  ***  ***    0.6    0.6    0.6   12.1   12.1   91.6   12.3   10.8   11.3  821.80    1729     2088
2014-09-10 04:40:00    463639200  ***  ***    0.0    0.0    0.0   12.1   12.1   91.2   12.3   10.7   11.2  821.80    1729     2087
2014-09-10 05:00:00    463640400  ***  ***    0.0    0.0    0.0   12.0   12.0   91.4   12.2   10.7   11.2  822.10    1727     2080
2014-09-10 05:20:00    463641600  ***  ***    1.1    1.1    1.1   12.0   11.8   90.1   12.2   10.4   11.0  822.20    1726     2076
2014-09-10 05:40:00    463642800  ***  ***    0.0    0.0    0.0   11.9   11.9   90.8   12.1   10.5   11.0  822.20    1725     2074
2014-09-10 06:00:00    463644000  ***  ***    0.0    0.0    0.0   11.6   11.6   92.7   11.9   10.4   10.9  822.10    1727     2064
2014-09-10 06:20:00    463645200  ***  ***    0.4    0.4    0.4   11.7   11.7   92.4   12.0   10.5   11.0  822.40    1724     2064
2014-09-10 06:40:00    463646400  ***  ***    0.0    0.0    0.0   12.0   12.0   91.2   12.2   10.6   11.1  822.40    1724     2076
2014-09-10 07:00:00    463647600  ***  ***    0.5    0.5    0.5   12.9   12.9   88.8   13.1   11.1   11.8  822.50    1723     2108
2014-09-10 07:20:00    463648800  ***  ***    0.0    0.0    0.0   13.6   13.6   88.0   13.7   11.7   12.4  822.60    1722     2135
2014-09-10 07:40:00    463650000  ***  ***    0.0    0.0    0.0   16.8   16.8   75.1   16.4   12.4   13.9  822.70    1720     2244
2014-09-10 08:00:00    463651200  ***  ***    0.0    0.0    0.0   19.3   19.3   64.8   18.6   12.5   14.8  822.80    1720     2330
2014-09-10 08:20:00    463652400  ***  ***    0.0    0.0    0.0   21.2   21.2   57.9   21.0   12.6   15.5  822.80    1720     2394
2014-09-10 08:40:00    463653600  ***  ***    0.0    0.0    0.0   23.0   23.0   55.9   22.8   13.7   16.7  822.80    1719     2458
2014-09-10 09:00:00    463654800  ***  ***    0.4    0.4    0.4   21.5   21.5   55.8   21.4   12.3   15.4  822.90    1719     2401
2014-09-10 09:20:00    463656000  ***  ***    0.5    0.5    0.5   25.3   25.3   39.0   24.0   10.4   15.6  823.10    1717     2516
2014-09-10 09:40:00    463657200  ***  ***    0.0    0.0    0.0   28.6   28.6   34.2   27.5   11.3   17.0  823.10    1716     2626
2014-09-10 10:00:00    463658400  ***  ***    1.0    1.0    1.0   23.4   23.4   45.2   22.6   10.9   15.2  823.30    1715     2453
2014-09-10 10:20:00    463659600  ***  ***    0.0    0.0    0.0   24.8   24.8   36.8   23.4    9.0   14.8  823.20    1715     2492
2014-09-10 10:40:00    463660800  ***  ***    0.4    0.4    0.4   29.1   29.1   31.3   27.8   10.4   16.8  823.10    1716     2640
2014-09-10 11:00:00    463662000  ***  ***    0.0    0.0    0.0   26.8   26.8   33.3   25.2    9.3   15.5  823.00    1718     2562
2014-09-10 11:20:00    463663200  ***  ***    0.4    0.4    0.4   27.2   27.2   31.8   25.5    9.0   15.5  822.90    1719     2579
2014-09-10 11:40:00    463664400  ***  ***    0.6    0.6    0.6   25.6   25.6   32.7   23.9    8.0   14.5  822.80    1720     2523
2014-09-10 12:00:00    463665600  ***  ***    0.4    0.4    0.4   26.4   26.4   35.7   25.0   10.0   15.7  822.60    1721     2556
2014-09-10 12:20:00    463666800  ***  ***    0.3    0.3    0.3   26.5   26.5   33.3   24.9    9.0   15.3  822.40    1723     2558
2014-09-10 12:40:00    463668000  ***  ***    0.6    0.6    0.6   27.2   27.2   37.5   26.1   11.5   16.8  822.40    1724     2593
2014-09-10 13:00:00    463669200  ***  ***    0.6    0.6    0.6   26.8   26.8   39.0   25.8   11.7   16.8  822.10    1727     2585
2014-09-10 13:20:00    463670400  ***  ***    0.0    0.0    0.0   30.2   30.2   33.3   29.4   12.3   18.0  822.10    1727     2696
2014-09-10 13:40:00    463671600  ***  ***    0.0    0.0    0.0   26.3   26.3   33.3   24.7    8.9   15.1  821.80    1729     2560
2014-09-10 14:00:00    463672800  ***  ***    0.5    0.5    0.5   28.4   28.4   32.6   27.0   10.4   16.5  821.70    1729     2635
2014-09-10 14:20:00    463674000  ***  ***    0.8    0.8    0.8   26.8   26.8   36.8   25.5   10.8   16.3  821.40    1733     2587
2014-09-10 14:40:00    463675200  ***  ***    0.0    0.0    0.0   28.4   28.4   37.7   27.6   12.6   17.7  821.20    1735     2651
2014-09-10 15:00:00    463676400  ***  ***    0.4    0.4    0.4   27.0   27.0   39.7   26.0   12.1   17.0  821.00    1738     2606
2014-09-10 15:20:00    463677600  ***  ***    0.4    0.4    0.4   27.5   27.5   41.5   26.8   13.2   17.7  820.90    1738     2625
2014-09-10 15:40:00    463678800  ***  ***    0.5    0.5    0.5   26.1   26.1   33.8   24.5    9.0   15.1  820.70    1740     2569
2014-09-10 16:00:00    463680000  ***  ***    0.0    0.0    0.0   27.4   27.4   34.8   26.0   10.5   16.3  820.70    1740     2614
2014-09-10 16:20:00    463681200  ***  ***    0.0    0.0    0.0   24.7   24.7   44.2   23.7   11.7   16.1  820.60    1742     2533
2014-09-10 16:40:00    463682400  ***  ***    0.0    0.0    0.0   24.2   24.2   42.3   23.1   10.6   15.3  820.50    1742     2511
2014-09-10 17:00:00    463683600  ***  ***    0.0    0.0    0.0   23.6   23.6   41.9   22.6   10.0   14.9  820.60    1740     2489
2014-09-10 17:20:00    463684800  ***  ***    0.0    0.0    0.0   23.4   23.4   39.8   22.3    9.0   14.3  820.50    1742     2480
2014-09-10 17:40:00    463686000  ***  ***    0.4    0.4    0.4   23.2   23.2   42.6   22.2    9.8   14.6  820.40    1742     2479
2014-09-10 18:00:00    463687200  ***  ***    0.0    0.0    0.0   21.2   21.2   51.1   20.7   10.7   14.4  820.50    1742     2413
2014-09-10 18:20:00    463688400  ***  ***    0.0    0.0    0.0   18.7   18.7   64.6   17.8   11.9   14.2  820.50    1742     2335
2014-09-10 18:40:00    463689600  ***  ***    0.0    0.0    0.0   17.6   17.6   67.6   16.8   11.5   13.7  820.90    1738     2289
2014-09-10 19:00:00    463690800  ***  ***    0.0    0.0    0.0   16.7   16.7   63.6   15.6    9.8   12.4  821.00    1738     2254
2014-09-10 19:20:00    463692000  ***  ***    0.3    0.3    0.3   16.4   16.4   63.8   15.5    9.6   12.2  821.30    1735     2238
2014-09-10 19:40:00    463693200  ***  ***    0.0    0.0    0.0   16.2   16.2   63.6   15.2    9.3   11.9  821.50    1733     2227
2014-09-10 20:00:00    463694400  ***  ***    0.0    0.0    0.0   15.9   15.9   64.5   15.0    9.3   11.8  821.50    1733     2219
2014-09-10 20:20:00    463695600  ***  ***    0.0    0.0    0.0   16.1   16.1   62.6   15.1    8.9   11.6  821.70    1731     2220
2014-09-10 20:40:00    463696800  ***  ***    0.0    0.0    0.0   15.3   15.3   66.0   14.5    9.0   11.4  821.90    1729     2190
2014-09-10 21:00:00    463698000  ***  ***    0.0    0.0    0.0   15.0   15.0   68.9   14.3    9.3   11.4  821.80    1729     2181
2014-09-10 21:20:00    463699200  ***  ***    0.4    0.4    0.4   14.8   14.8   68.5   14.1    9.1   11.3  822.10    1727     2172
2014-09-10 21:40:00    463700400  ***  ***    0.0    0.0    0.0   15.3   15.3   65.9   14.5    9.0   11.4  822.10    1727     2188
2014-09-10 22:00:00    463701600  ***  ***    0.0    0.0    0.0   14.9   14.9   68.2   14.2    9.1   11.4  822.10    1727     2175
2014-09-10 22:20:00    463702800  ***  ***    0.0    0.0    0.0   14.7   14.7   67.9   14.0    8.9   11.2  822.20    1725     2165
2014-09-10 22:40:00    463704000  ***  ***    0.0    0.0    0.0   14.4   14.4   69.2   13.7    8.9   11.1  822.20    1726     2157
2014-09-10 23:00:00    463705200  ***  ***    0.7    0.7    0.7   14.3   14.3   69.7   13.7    8.9   11.0  822.40    1724     2151
2014-09-10 23:20:00    463706400  ***  ***    0.0    0.0    0.0   14.5   14.5   68.0   13.8    8.6   11.0  822.20    1725     2156
2014-09-10 23:40:00    463707600  ***  ***    0.0    0.0    0.0   14.5   14.5   68.3   13.8    8.8   11.0  822.30    1725     2159
2014-09-11 00:00:00    463708800  ***  ***    0.0    0.0    0.0   14.2   14.2   71.1   13.6    9.0   11.1  822.30    1724     2145
2014-09-11 00:20:00    463710000  ***  ***    0.0    0.0    0.0   14.0   14.0   71.7   13.5    8.9   10.9  822.10    1726     2141
2014-09-11 00:40:00    463711200  ***  ***    0.0    0.0    0.0   13.6   13.6   74.6   13.2    9.1   10.9  822.10    1727     2130
2014-09-11 01:00:00    463712400  ***  ***    0.6    0.6    0.6   14.0   14.0   71.5   13.5    8.9   10.9  822.00    1727     2141
2014-09-11 01:20:00    463713600  ***  ***    0.0    0.0    0.0   14.1   14.1   72.4   13.6    9.2   11.1  822.00    1727     2148
2014-09-11 01:40:00    463714800  ***  ***    0.7    0.7    0.7   13.6   13.6   74.3   13.2    9.1   10.9  821.90    1729     2132
2014-09-11 02:00:00    463716000  ***  ***    0.6    0.6    0.6   14.0   14.0   72.1   13.5    9.0   11.0  822.00    1727     2144
2014-09-11 02:20:00    463717200  ***  ***    0.3    0.3    0.3   14.1   14.1   71.7   13.6    9.1   11.1  822.00    1727     2148
2014-09-11 02:40:00    463718400  ***  ***    0.6    0.6    0.6   13.7   13.7   73.7   13.3    9.1   10.9  821.80    1729     2136
2014-09-11 03:00:00    463719600  ***  ***    0.0    0.0    0.0   13.4   13.4   74.7   13.0    9.0   10.7  821.80    1729     2125
2014-09-11 03:20:00    463720800  ***  ***    0.0    0.0    0.0   13.6   13.6   74.9   13.2    9.2   10.9  821.60    1731     2134
2014-09-11 03:40:00    463722000  ***  ***    0.0    0.0    0.0   13.8   13.8   73.3   13.4    9.1   11.0  821.50    1731     2144
2014-09-11 04:00:00    463723200  ***  ***    0.0    0.0    0.0   13.5   13.5   73.8   13.1    9.0   10.7  821.70    1731     2132
2014-09-11 04:20:00    463724400  ***  ***    0.0    0.0    0.0   13.8   13.8   72.9   13.3    9.0   10.9  821.60    1731     2141
2014-09-11 04:40:00    463725600  ***  ***    0.5    0.5    0.5   13.4   13.4   73.7   13.0    8.9   10.6  821.60    1731     2130
2014-09-11 05:00:00    463726800  ***  ***    0.0    0.0    0.0   13.4   13.4   72.5   12.9    8.6   10.5  821.70    1729     2124
2014-09-11 05:20:00    463728000  ***  ***    0.8    0.8    0.8   13.7   13.7   68.9   13.1    8.1   10.4  821.70    1731     2135
2014-09-11 05:40:00    463729200  ***  ***    0.4    0.4    0.4   13.4   13.4   69.7   12.8    7.9   10.2  821.90    1729     2120
2014-09-11 06:00:00    463730400  ***  ***    0.0    0.0    0.0   12.9   12.9   71.0   12.4    7.7    9.8  821.90    1729     2102
2014-09-11 06:20:00    463731600  ***  ***    0.6    0.6    0.6   13.1   13.1   69.2   12.5    7.6    9.8  821.90    1729     2110
2014-09-11 06:40:00    463732800  ***  ***    0.4    0.4    0.4   12.8   12.8   71.9   12.3    7.8    9.9  822.00    1727     2097
2014-09-11 07:00:00    463734000  ***  ***    0.6    0.6    0.6   13.2   13.2   70.6   12.6    7.9   10.1  822.20    1726     2111
2014-09-11 07:20:00    463735200  ***  ***    0.5    0.5    0.5   14.9   14.9   66.1   14.1    8.6   11.1  822.20    1726     2170
2014-09-11 07:40:00    463736400  ***  ***    0.0    0.0    0.0   19.0   19.0   58.8   17.9   10.7   13.7  822.10    1727     2319
2014-09-11 08:00:00    463737600  ***  ***    0.0    0.0    0.0   22.6   22.6   48.8   22.0   11.3   15.2  822.00    1727     2443
2014-09-11 08:20:00    463738800  ***  ***    0.0    0.0    0.0   23.9   23.9   44.8   23.0   11.2   15.6  821.90    1729     2490
2014-09-11 08:40:00    463740000  ***  ***    0.0    0.0    0.0   28.7   28.7   38.4   28.1   13.1   18.0  822.10    1726     2648
2014-09-11 09:00:00    463741200  ***  ***    0.0    0.0    0.0   24.5   24.5   45.8   23.6   12.0   16.2  822.20    1726     2508
2014-09-11 09:20:00    463742400  ***  ***    0.0    0.0    0.0   30.5   30.5   30.5   29.3   11.2   17.6  822.20    1726     2701
2014-09-11 09:40:00    463743600  ***  ***    0.0    0.0    0.0   28.8   28.8   35.4   27.9   12.0   17.4  822.00    1727     2650
2014-09-11 10:00:00    463744800  ***  ***    0.7    0.7    0.7   29.1   29.1   35.8   28.3   12.4   17.7  822.30    1724     2659
2014-09-11 10:20:00    463746000  ***  ***    0.6    0.6    0.6   26.9   26.9   43.3   26.2   13.4   17.7  822.20    1725     2591
2014-09-11 10:40:00    463747200  ***  ***    0.0    0.0    0.0   29.7   29.7   37.2   29.3   13.5   18.5  822.30    1725     2684
2014-09-11 11:00:00    463748400  ***  ***    0.0    0.0    0.0   29.6   29.6   33.1   28.6   11.7   17.6  822.10    1727     2676
2014-09-11 11:20:00    463749600  ***  ***    0.4    0.4    0.4   29.3   29.3   41.2   29.3   14.8   19.1  821.90    1727     2678
2014-09-11 11:40:00    463750800  ***  ***    0.4    0.4    0.4   28.5   28.5   43.5   28.4   14.9   18.9  821.80    1729     2654
2014-09-11 12:00:00    463752000  ***  ***    0.5    0.5    0.5   29.2   29.2   32.9   28.1   11.2   17.2  821.70    1729     2662
2014-09-11 12:20:00    463753200  ***  ***    0.0    0.0    0.0   26.9   26.9   46.5   26.5   14.5   18.3  821.60    1731     2606
2014-09-11 12:40:00    463754400  ***  ***    0.4    0.4    0.4   25.7   25.7   40.0   24.6   11.0   16.0  821.40    1733     2552
2014-09-11 13:00:00    463755600  ***  ***    0.0    0.0    0.0   27.1   27.1   46.0   26.8   14.5   18.4  821.30    1735     2614
2014-09-11 13:20:00    463756800  ***  ***    0.0    0.0    0.0   26.4   26.4   41.7   25.5   12.3   16.9  821.00    1738     2588
2014-09-11 13:40:00    463758000  ***  ***    1.2    1.2    1.2   25.1   25.1   43.3   24.0   11.7   16.2  821.00    1738     2540
2014-09-11 14:00:00    463759200  ***  ***    0.7    0.7    0.7   23.0   23.0   55.9   22.8   13.7   16.7  820.80    1740     2483
2014-09-11 14:20:00    463760400  ***  ***    0.0    0.0    0.0   23.2   23.2   61.1   23.2   15.3   17.7  820.90    1739     2495
2014-09-11 14:40:00    463761600  ***  ***    0.0    0.0    0.0   23.7   23.7   55.8   23.4   14.3   17.2  820.50    1742     2512
2014-09-11 15:00:00    463762800  ***  ***    0.7    0.7    0.7   27.6   27.6   50.0   27.9   16.2   19.5  820.30    1744     2652
2014-09-11 15:20:00    463764000  ***  ***    0.9    0.9    0.9   25.4   25.4   47.7   24.7   13.5   17.3  820.10    1746     2570
2014-09-11 15:40:00    463765200  ***  ***    1.0    1.0    1.0   25.9   25.9   44.3   25.1   12.8   17.0  820.10    1746     2582
2014-09-11 16:00:00    463766400  ***  ***    0.0    0.0    0.0   26.8   26.8   40.6   25.9   12.3   17.0  819.90    1748     2613
2014-09-11 16:20:00    463767600  ***  ***    0.0    0.0    0.0   26.3   26.3   46.1   25.8   13.8   17.7  819.80    1750     2605
2014-09-11 16:40:00    463768800  ***  ***    0.0    0.0    0.0   25.7   25.7   40.9   24.6   11.4   16.2  819.80    1748     2572
2014-09-11 17:00:00    463770000  ***  ***    0.0    0.0    0.0   24.8   24.8   41.6   23.6   10.9   15.7  819.70    1750     2544
2014-09-11 17:20:00    463771200  ***  ***    0.0    0.0    0.0   25.0   25.0   43.1   23.9   11.6   16.1  819.90    1748     2551
2014-09-11 17:40:00    463772400  ***  ***    0.0    0.0    0.0   22.8   22.8   57.7   22.7   14.0   16.8  820.00    1748     2487
2014-09-11 18:00:00    463773600  ***  ***    0.0    0.0    0.0   21.1   21.1   63.9   21.1   14.0   16.3  820.00    1748     2429
2014-09-11 18:20:00    463774800  ***  ***    0.0    0.0    0.0   20.7   20.7   59.6   20.3   12.6   15.3  820.00    1746     2411
2014-09-11 18:40:00    463776000  ***  ***    0.0    0.0    0.0   19.8   19.8   61.9   19.2   12.3   14.9  820.20    1746     2376
2014-09-11 19:00:00    463777200  ***  ***    0.0    0.0    0.0   19.5   19.5   60.7   18.7   11.7   14.4  820.20    1744     2362
2014-09-11 19:20:00    463778400  ***  ***    0.0    0.0    0.0   18.5   18.5   63.7   17.4   11.5   14.0  820.60    1742     2324
2014-09-11 19:40:00    463779600  ***  ***    0.0    0.0    0.0   18.4   18.4   63.7   17.3   11.4   13.9  820.80    1740     2318
2014-09-11 20:00:00    463780800  ***  ***    0.0    0.0    0.0   18.2   18.2   63.2   17.1   11.1   13.6  820.70    1740     2310
2014-09-11 20:20:00    463782000  ***  ***    0.0    0.0    0.0   17.9   17.9   63.6   16.8   10.9   13.4  821.00    1738     2297
2014-09-11 20:40:00    463783200  ***  ***    0.0    0.0    0.0   17.2   17.2   66.3   16.3   10.8   13.1  821.40    1733     2266
2014-09-11 21:00:00    463784400  ***  ***    0.0    0.0    0.0   17.1   17.1   64.4   16.1   10.3   12.8  821.00    1737     2266
2014-09-11 21:20:00    463785600  ***  ***    0.0    0.0    0.0   16.7   16.7   66.4   15.8   10.5   12.8  821.20    1735     2252
2014-09-11 21:40:00    463786800  ***  ***    0.0    0.0    0.0   16.7   16.7   66.2   15.8   10.4   12.7  821.40    1733     2250
2014-09-11 22:00:00    463788000  ***  ***    0.0    0.0    0.0   16.8   16.8   64.6   15.8   10.1   12.6  821.20    1735     2254
2014-09-11 22:20:00    463789200  ***  ***    0.0    0.0    0.0   16.8   16.8   65.0   15.8   10.2   12.6  821.50    1733     2249
2014-09-11 22:40:00    463790400  ***  ***    0.0    0.0    0.0   16.3   16.3   67.1   15.4   10.2   12.4  821.50    1733     2234
2014-09-11 23:00:00    463791600  ***  ***    0.5    0.5    0.5   16.0   16.0   68.5   15.3   10.2   12.3  821.60    1731     2223
2014-09-11 23:20:00    463792800  ***  ***    0.0    0.0    0.0   15.6   15.6   70.2   15.0   10.2   12.2  821.60    1731     2208
2014-09-11 23:40:00    463794000  ***  ***    0.3    0.3    0.3   15.7   15.7   68.4   15.0    9.9   12.1  821.70    1729     2209
2014-09-12 00:00:00    463795200  ***  ***    0.0    0.0    0.0   15.7   15.7   68.8   15.0    9.9   12.1  821.50    1733     2211
2014-09-12 00:20:00    463796400  ***  ***    0.0    0.0    0.0   15.2   15.2   69.6   14.6    9.6   11.8  821.70    1729     2190
2014-09-12 00:40:00    463797600  ***  ***    0.0    0.0    0.0   15.1   15.1   69.8   14.5    9.6   11.7  821.40    1733     2191
2014-09-12 01:00:00    463798800  ***  ***    0.4    0.4    0.4   15.0   15.0   69.0   14.3    9.3   11.4  821.30    1733     2188
2014-09-12 01:20:00    463800000  ***  ***    0.0    0.0    0.0   15.0   15.0   68.4   14.3    9.2   11.4  821.20    1735     2188
2014-09-12 01:40:00    463801200  ***  ***    0.0    0.0    0.0   14.7   14.7   70.3   14.1    9.4   11.4  821.20    1735     2180
2014-09-12 02:00:00    463802400  ***  ***    0.0    0.0    0.0   14.7   14.7   68.4   14.0    9.0   11.2  821.10    1735     2180
2014-09-12 02:20:00    463803600  ***  ***    0.3    0.3    0.3   14.7   14.7   67.9   14.0    8.8   11.1  821.10    1737     2179
2014-09-12 02:40:00    463804800  ***  ***    0.6    0.6    0.6   14.9   14.9   67.5   14.2    9.0   11.3  821.00    1738     2188
2014-09-12 03:00:00    463806000  ***  ***    0.0    0.0    0.0   14.4   14.4   69.4   13.8    8.9   11.1  821.10    1737     2170
2014-09-12 03:20:00    463807200  ***  ***    0.4    0.4    0.4   14.8   14.8   67.9   14.1    8.9   11.2  820.90    1739     2185
2014-09-12 03:40:00    463808400  ***  ***    0.8    0.8    0.8   14.7   14.7   69.1   14.0    9.1   11.3  820.90    1739     2182
2014-09-12 04:00:00    463809600  ***  ***    0.0    0.0    0.0   14.2   14.2   72.1   13.7    9.3   11.2  820.80    1740     2168
2014-09-12 04:20:00    463810800  ***  ***    0.0    0.0    0.0   14.7   14.7   69.7   14.1    9.2   11.3  821.10    1737     2179
2014-09-12 04:40:00    463812000  ***  ***    0.0    0.0    0.0   15.2   15.2   67.7   14.5    9.2   11.5  821.10    1735     2196
2014-09-12 05:00:00    463813200  ***  ***    0.0    0.0    0.0   14.9   14.9   69.4   14.3    9.4   11.5  821.30    1735     2186
2014-09-12 05:20:00    463814400  ***  ***    0.5    0.5    0.5   14.6   14.6   71.4   14.1    9.5   11.4  821.40    1733     2173
2014-09-12 05:40:00    463815600  ***  ***    0.0    0.0    0.0   14.4   14.4   73.4   14.0    9.7   11.4  821.50    1733     2168
2014-09-12 06:00:00    463816800  ***  ***    0.4    0.4    0.4   14.6   14.6   73.5   14.2    9.9   11.6  821.50    1733     2176
2014-09-12 06:20:00    463818000  ***  ***    0.0    0.0    0.0   14.8   14.8   73.9   14.3   10.2   11.9  821.50    1731     2180
2014-09-12 06:40:00    463819200  ***  ***    0.6    0.6    0.6   14.8   14.8   74.9   14.3   10.4   12.0  821.70    1729     2178
2014-09-12 07:00:00    463820400  ***  ***    0.0    0.0    0.0   14.7   14.7   76.3   14.3   10.6   12.1  821.80    1729     2177
2014-09-12 07:20:00    463821600  ***  ***    0.0    0.0    0.0   16.4   16.4   71.4   15.8   11.2   13.1  821.90    1729     2236
2014-09-12 07:40:00    463822800  ***  ***    0.0    0.0    0.0   19.3   19.3   67.3   18.7   13.0   15.1  822.10    1727     2339
2014-09-12 08:00:00    463824000  ***  ***    0.0    0.0    0.0   22.7   22.7   59.7   22.6   14.4   17.0  822.00    1727     2461
2014-09-12 08:20:00    463825200  ***  ***    0.0    0.0    0.0   25.6   25.6   48.9   25.1   14.0   17.6  822.00    1727     2555
2014-09-12 08:40:00    463826400  ***  ***    0.4    0.4    0.4   28.1   28.1   42.7   27.7   14.2   18.5  822.00    1727     2638
2014-09-12 09:00:00    463827600  ***  ***    0.6    0.6    0.6   25.0   25.0   47.2   24.2   13.0   16.9  822.00    1727     2531
2014-09-12 09:20:00    463828800  ***  ***    0.4    0.4    0.4   26.2   26.2   48.5   25.9   14.5   18.1  821.90    1727     2578
2014-09-12 09:40:00    463830000  ***  ***    0.0    0.0    0.0   27.0   27.0   43.5   26.4   13.5   17.7  822.20    1726     2597
2014-09-12 10:00:00    463831200  ***  ***    0.0    0.0    0.0   29.4   29.4   40.2   29.3   14.5   19.0  822.30    1724     2677
2014-09-12 10:20:00    463832400  ***  ***    0.4    0.4    0.4   26.9   26.9   51.5   27.0   16.0   19.2  822.20    1726     2604
2014-09-12 10:40:00    463833600  ***  ***    0.4    0.4    0.4   28.5   28.5   44.8   28.5   15.4   19.3  822.20    1726     2656
2014-09-12 11:00:00    463834800  ***  ***    0.6    0.6    0.6   27.6   27.6   47.2   27.5   15.4   19.0  822.00    1727     2628
2014-09-12 11:20:00    463836000  ***  ***    0.7    0.7    0.7   28.6   28.6   40.2   28.2   13.8   18.4  821.80    1729     2654
2014-09-12 11:40:00    463837200  ***  ***    1.5    1.5    1.5   27.7   27.7   41.1   27.0   13.3   17.9  821.60    1731     2625
2014-09-12 12:00:00    463838400  ***  ***    0.5    0.5    0.5   28.5   28.5   44.9   28.5   15.4   19.2  821.50    1733     2664
2014-09-12 12:20:00    463839600  ***  ***    0.0    0.0    0.0   32.4   32.4   38.2   33.6   16.3   20.8  821.30    1733     2793
2014-09-12 12:40:00    463840800  ***  ***    0.0    0.0    0.0   30.9   30.9   36.4   30.9   14.3   19.3  821.10    1737     2740
2014-09-12 13:00:00    463842000  ***  ***    0.9    0.9    0.9   27.3   27.3   36.8   26.1   11.2   16.6  820.80    1739     2612
2014-09-12 13:20:00    463843200  ***  ***    0.0    0.0    0.0   29.7   29.7   38.1   29.5   13.9   18.7  820.80    1740     2703
2014-09-12 13:40:00    463844400  ***  ***    0.5    0.5    0.5   26.4   26.4   40.3   25.4   11.9   16.7  820.50    1742     2589
2014-09-12 14:00:00    463845600  ***  ***    0.0    0.0    0.0   24.9   24.9   51.1   24.3   14.1   17.5  820.30    1744     2552
2014-09-12 14:20:00    463846800  ***  ***    0.0    0.0    0.0   23.9   23.9   57.4   23.7   15.0   17.7  820.50    1742     2522
2014-09-12 14:40:00    463848000  ***  ***    0.5    0.5    0.5   25.0   25.0   54.2   24.7   15.1   18.1  820.50    1742     2560
2014-09-12 15:00:00    463849200  ***  ***    0.8    0.8    0.8   28.3   28.3   48.7   28.7   16.5   19.9  820.20    1746     2679
2014-09-12 15:20:00    463850400  ***  ***    0.4    0.4    0.4   25.8   25.8   49.3   25.4   14.3   17.8  820.20    1744     2582
2014-09-12 15:40:00    463851600  ***  ***    0.0    0.0    0.0   25.0   25.0   47.3   24.2   13.0   16.9  820.30    1744     2552
2014-09-12 16:00:00    463852800  ***  ***    0.0    0.0    0.0   23.2   23.2   58.2   23.0   14.5   17.2  820.30    1744     2498
2014-09-12 16:20:00    463854000  ***  ***    0.0    0.0    0.0   24.3   24.3   52.6   23.8   14.0   17.2  820.00    1748     2537
2014-09-12 16:40:00    463855200  ***  ***    0.0    0.0    0.0   25.4   25.4   51.6   25.0   14.7   18.0  820.00    1748     2578
2014-09-12 17:00:00    463856400  ***  ***    0.0    0.0    0.0   26.2   26.2   44.4   25.5   13.1   17.3  820.10    1746     2592
2014-09-12 17:20:00    463857600  ***  ***    0.0    0.0    0.0   24.1   24.1   49.9   23.4   13.0   16.6  820.20    1746     2522
2014-09-12 17:40:00    463858800  ***  ***    0.0    0.0    0.0   24.0   24.0   49.2   23.3   12.7   16.4  820.20    1746     2519
2014-09-12 18:00:00    463860000  ***  ***    0.0    0.0    0.0   22.3   22.3   54.0   22.0   12.6   15.8  820.30    1744     2459
2014-09-12 18:20:00    463861200  ***  ***    0.0    0.0    0.0   21.6   21.6   55.3   21.4   12.3   15.4  820.60    1740     2432
2014-09-12 18:40:00    463862400  ***  ***    0.0    0.0    0.0   21.0   21.0   54.0   20.5   11.4   14.8  820.70    1740     2408
2014-09-12 19:00:00    463863600  ***  ***    0.0    0.0    0.0   20.0   20.0   57.9   19.3   11.5   14.5  821.10    1737     2371
2014-09-12 19:20:00    463864800  ***  ***    0.0    0.0    0.0   19.7   19.7   59.1   18.9   11.5   14.4  821.50    1733     2356
2014-09-12 19:40:00    463866000  ***  ***    0.0    0.0    0.0   19.7   19.7   59.2   18.9   11.5   14.4  822.00    1727     2349
2014-09-12 20:00:00    463867200  ***  ***    0.0    0.0    0.0   19.1   19.1   63.5   18.3   12.0   14.4  822.00    1727     2329
2014-09-12 20:20:00    463868400  ***  ***    0.3    0.3    0.3   19.7   19.7   57.8   18.9   11.2   14.2  821.40    1733     2355
2014-09-12 20:40:00    463869600  ***  ***    0.6    0.6    0.6   19.2   19.2   59.3   18.2   11.1   13.9  821.50    1731     2335
2014-09-12 21:00:00    463870800  ***  ***    0.0    0.0    0.0   19.1   19.1   59.2   18.1   11.0   13.8  821.60    1731     2330
2014-09-12 21:20:00    463872000  ***  ***    0.0    0.0    0.0   18.9   18.9   58.2   17.8   10.5   13.5  821.70    1731     2320
2014-09-12 21:40:00    463873200  ***  ***    0.4    0.4    0.4   19.6   19.6   55.4   18.6   10.4   13.7  821.70    1729     2343
2014-09-12 22:00:00    463874400  ***  ***    0.0    0.0    0.0   18.8   18.8   56.2   17.5    9.9   13.2  821.50    1731     2315
2014-09-12 22:20:00    463875600  ***  ***    0.0    0.0    0.0   18.5   18.5   55.5   17.0    9.5   12.8  821.60    1731     2306
2014-09-12 22:40:00    463876800  ***  ***    0.4    0.4    0.4   19.4   19.4   50.3   18.1    8.8   12.8  821.50    1733     2335
2014-09-12 23:00:00    463878000  ***  ***    0.0    0.0    0.0   17.3   17.3   63.8   16.3   10.4   12.9  821.60    1731     2268
2014-09-12 23:20:00    463879200  ***  ***    0.5    0.5    0.5   16.8   16.8   66.5   15.9   10.6   12.9  821.80    1729     2248
2014-09-12 23:40:00    463880400  ***  ***    0.0    0.0    0.0   16.4   16.4   70.3   15.7   10.9   12.9  822.10    1727     2232
2014-09-13 00:00:00    463881600  ***  ***    0.0    0.0    0.0   15.8   15.8   71.9   15.2   10.7   12.6  822.40    1724     2207
2014-09-13 00:20:00    463882800  ***  ***    0.0    0.0    0.0   15.8   15.8   72.9   15.2   11.0   12.7  822.40    1724     2209
2014-09-13 00:40:00    463884000  ***  ***    0.0    0.0    0.0   15.6   15.6   73.7   15.1   11.0   12.6  822.40    1724     2204
2014-09-13 01:00:00    463885200  ***  ***    0.0    0.0    0.0   15.1   15.1   79.8   14.9   11.6   12.9  822.40    1724     2187
2014-09-13 01:20:00    463886400  ***  ***    0.0    0.0    0.0   14.9   14.9   81.0   14.8   11.6   12.8  822.20    1725     2180
2014-09-13 01:40:00    463887600  ***  ***    0.6    0.6    0.6   15.2   15.2   77.4   14.9   11.3   12.7  822.20    1726     2193
2014-09-13 02:00:00    463888800  ***  ***    0.0    0.0    0.0   15.1   15.1   79.1   14.9   11.5   12.8  822.20    1726     2191
2014-09-13 02:20:00    463890000  ***  ***    0.0    0.0    0.0   14.1   14.1   85.5   14.1   11.7   12.6  822.10    1726     2156
2014-09-13 02:40:00    463891200  ***  ***    0.0    0.0    0.0   13.7   13.7   86.8   13.8   11.6   12.4  822.20    1726     2143
2014-09-13 03:00:00    463892400  ***  ***    0.0    0.0    0.0   13.3   13.3   89.9   13.5   11.7   12.3  822.40    1724     2126
2014-09-13 03:20:00    463893600  ***  ***    0.0    0.0    0.0   13.4   13.4   89.1   13.6   11.7   12.3  822.30    1725     2131
2014-09-13 03:40:00    463894800  ***  ***    0.0    0.0    0.0   13.1   13.1   91.8   13.3   11.8   12.2  822.30    1725     2122
2014-09-13 04:00:00    463896000  ***  ***    0.0    0.0    0.0   13.0   13.0   92.7   13.3   11.8   12.2  822.10    1727     2120
2014-09-13 04:20:00    463897200  ***  ***    0.0    0.0    0.0   12.9   12.9   91.7   13.1   11.6   12.1  822.20    1725     2114
2014-09-13 04:40:00    463898400  ***  ***    0.7    0.7    0.7   14.1   14.1   87.4   14.2   12.1   12.8  822.00    1727     2159
2014-09-13 05:00:00    463899600  ***  ***    0.0    0.0    0.0   16.8   16.8   70.8   16.1   11.5   13.4  821.70    1729     2254
2014-09-13 05:20:00    463900800  ***  ***    0.8    0.8    0.8   15.8   15.8   75.8   15.4   11.5   13.0  822.00    1727     2216
2014-09-13 05:40:00    463902000  ***  ***    0.0    0.0    0.0   14.8   14.8   79.1   14.6   11.2   12.5  822.20    1725     2178
2014-09-13 06:00:00    463903200  ***  ***    0.0    0.0    0.0   13.8   13.8   85.7   13.8   11.4   12.3  822.50    1723     2140
2014-09-13 06:20:00    463904400  ***  ***    0.0    0.0    0.0   13.4   13.4   89.7   13.6   11.7   12.3  822.70    1721     2125
2014-09-13 06:40:00    463905600  ***  ***    0.0    0.0    0.0   13.7   13.7   91.2   13.9   12.3   12.8  822.80    1719     2136
2014-09-13 07:00:00    463906800  ***  ***    0.0    0.0    0.0   14.2   14.2   91.6   14.5   12.8   13.3  823.00    1718     2154
2014-09-13 07:20:00    463908000  ***  ***    0.0    0.0    0.0   15.5   15.5   87.8   15.6   13.5   14.2  823.10    1717     2202
2014-09-13 07:40:00    463909200  ***  ***    0.0    0.0    0.0   17.4   17.4   81.1   17.3   14.2   15.2  823.10    1717     2270
2014-09-13 08:00:00    463910400  ***  ***    0.0    0.0    0.0   19.3   19.3   73.1   19.0   14.3   15.9  823.10    1716     2332
2014-09-13 08:20:00    463911600  ***  ***    0.4    0.4    0.4   23.4   23.4   61.3   23.4   15.5   17.9  823.10    1717     2476
2014-09-13 08:40:00    463912800  ***  ***    0.4    0.4    0.4   21.9   21.9   68.2   22.2   15.8   17.7  823.20    1715     2426
2014-09-13 09:00:00    463914000  ***  ***    0.0    0.0    0.0   21.2   21.2   69.5   21.4   15.5   17.3  823.40    1713     2401
2014-09-13 09:20:00    463915200  ***  ***    0.4    0.4    0.4   24.5   24.5   55.8   24.2   15.1   18.0  823.20    1715     2508
2014-09-13 09:40:00    463916400  ***  ***    0.4    0.4    0.4   24.1   24.1   61.1   24.1   16.1   18.5  823.30    1714     2499
2014-09-13 10:00:00    463917600  ***  ***    0.0    0.0    0.0   25.2   25.2   54.1   24.9   15.3   18.3  823.30    1715     2535
2014-09-13 10:20:00    463918800  ***  ***    0.0    0.0    0.0   26.0   26.0   52.7   25.9   15.6   18.7  823.20    1715     2562
2014-09-13 10:40:00    463920000  ***  ***    0.5    0.5    0.5   27.1   27.1   47.1   26.9   14.9   18.6  823.00    1717     2596
2014-09-13 11:00:00    463921200  ***  ***    1.0    1.0    1.0   25.2   25.2   52.8   24.8   14.9   18.0  822.80    1720     2536
2014-09-13 11:20:00    463922400  ***  ***    0.0    0.0    0.0   25.2   25.2   52.5   24.8   14.8   18.0  822.70    1721     2537
2014-09-13 11:40:00    463923600  ***  ***    0.0    0.0    0.0   25.0   25.0   53.6   24.7   15.0   18.1  822.50    1723     2536
2014-09-13 12:00:00    463924800  ***  ***    0.0    0.0    0.0   26.2   26.2   48.0   25.8   14.3   18.0  822.40    1724     2571
2014-09-13 12:20:00    463926000  ***  ***    0.0    0.0    0.0   27.9   27.9   48.6   28.1   16.1   19.5  822.30    1725     2640
2014-09-13 12:40:00    463927200  ***  ***    0.0    0.0    0.0   29.0   29.0   44.2   29.2   15.6   19.5  822.00    1727     2675
2014-09-13 13:00:00    463928400  ***  ***    0.7    0.7    0.7   27.5   27.5   43.3   27.0   13.9   18.1  821.90    1727     2618
2014-09-13 13:20:00    463929600  ***  ***    0.3    0.3    0.3   27.2   27.2   48.2   27.1   15.3   18.9  821.40    1733     2619
2014-09-13 13:40:00    463930800  ***  ***    0.5    0.5    0.5   28.5   28.5   43.5   28.4   14.9   18.9  821.30    1733     2662
2014-09-13 14:00:00    463932000  ***  ***    0.7    0.7    0.7   28.9   28.9   41.8   28.8   14.6   18.9  821.40    1733     2672
2014-09-13 14:20:00    463933200  ***  ***    0.3    0.3    0.3   29.8   29.8   39.0   29.7   14.4   19.0  821.20    1735     2705
2014-09-13 14:40:00    463934400  ***  ***    0.4    0.4    0.4   25.8   25.8   45.3   25.1   13.1   17.2  820.80    1739     2571
2014-09-13 15:00:00    463935600  ***  ***    0.0    0.0    0.0   28.8   28.8   40.2   28.4   13.9   18.5  820.90    1738     2670
2014-09-13 15:20:00    463936800  ***  ***    0.0    0.0    0.0   27.7   27.7   41.5   27.0   13.5   18.0  820.80    1740     2638
2014-09-13 15:40:00    463938000  ***  ***    0.7    0.7    0.7   27.1   27.1   43.3   26.5   13.6   17.8  820.50    1742     2621
2014-09-13 16:00:00    463939200  ***  ***    0.7    0.7    0.7   26.1   26.1   43.2   25.3   12.6   17.0  820.50    1742     2583
2014-09-13 16:20:00    463940400  ***  ***    0.5    0.5    0.5   23.8   23.8   45.5   23.0   11.4   15.6  820.60    1742     2501
2014-09-13 16:40:00    463941600  ***  ***    0.0    0.0    0.0   23.7   23.7   47.2   22.9   11.8   15.8  820.60    1742     2501
2014-09-13 17:00:00    463942800  ***  ***    0.0    0.0    0.0   23.3   23.3   47.4   22.6   11.5   15.5  820.40    1744     2485
2014-09-13 17:20:00    463944000  ***  ***    0.7    0.7    0.7   23.4   23.4   47.1   22.7   11.5   15.6  820.50    1742     2489
2014-09-13 17:40:00    463945200  ***  ***    1.0    1.0    1.0   22.5   22.5   47.5   21.9   10.8   14.9  820.60    1742     2456
2014-09-13 18:00:00    463946400  ***  ***    0.0    0.0    0.0   21.1   21.1   51.8   20.6   10.8   14.5  820.60    1740     2408
2014-09-13 18:20:00    463947600  ***  ***    0.4    0.4    0.4   19.8   19.8   55.0   18.9   10.5   13.8  820.70    1740     2362
2014-09-13 18:40:00    463948800  ***  ***    0.8    0.8    0.8   18.8   18.8   57.3   17.6   10.1   13.3  820.70    1740     2325
2014-09-13 19:00:00    463950000  ***  ***    0.0    0.0    0.0   18.3   18.3   58.7   17.0   10.1   13.1  821.10    1737     2308
2014-09-13 19:20:00    463951200  ***  ***    0.0    0.0    0.0   18.1   18.1   60.8   16.9   10.4   13.2  821.30    1735     2299
2014-09-13 19:40:00    463952400  ***  ***    0.6    0.6    0.6   17.7   17.7   62.0   16.6   10.4   13.0  821.40    1733     2284
2014-09-13 20:00:00    463953600  ***  ***    0.0    0.0    0.0   18.0   18.0   59.2   16.7   10.0   12.9  821.80    1729     2288
2014-09-13 20:20:00    463954800  ***  ***    1.0    1.0    1.0   17.8   17.8   60.7   16.6   10.1   12.9  822.00    1727     2279
2014-09-13 20:40:00    463956000  ***  ***    0.4    0.4    0.4   17.6   17.6   61.4   16.4   10.1   12.9  822.00    1727     2268
2014-09-13 21:00:00    463957200  ***  ***    0.7    0.7    0.7   17.5   17.5   62.6   16.4   10.3   12.9  822.10    1727     2266
2014-09-13 21:20:00    463958400  ***  ***    0.9    0.9    0.9   17.5   17.5   62.4   16.4   10.3   12.9  822.10    1726     2267
2014-09-13 21:40:00    463959600  ***  ***    0.0    0.0    0.0   17.0   17.0   64.2   16.0   10.2   12.7  822.20    1726     2248
2014-09-13 22:00:00    463960800  ***  ***    0.4    0.4    0.4   16.8   16.8   65.9   15.9   10.3   12.7  822.20    1725     2240
2014-09-13 22:20:00    463962000  ***  ***    1.1    1.1    1.1   16.3   16.3   67.4   15.4   10.3   12.5  822.00    1727     2227
2014-09-13 22:40:00    463963200  ***  ***    0.5    0.5    0.5   16.9   16.9   64.9   15.9   10.3   12.7  822.10    1727     2248
2014-09-13 23:00:00    463964400  ***  ***    0.5    0.5    0.5   17.1   17.1   64.1   16.1   10.3   12.8  822.00    1727     2256
2014-09-13 23:20:00    463965600  ***  ***    0.0    0.0    0.0   16.5   16.5   67.7   15.7   10.5   12.7  821.90    1729     2236
2014-09-13 23:40:00    463966800  ***  ***    0.0    0.0    0.0   16.1   16.1   69.1   15.3   10.4   12.5  821.80    1729     2221
2014-09-14 00:00:00    463968000  ***  ***    0.0    0.0    0.0   15.4   15.4   71.4   14.8   10.3   12.2  821.80    1729     2199
2014-09-14 00:20:00    463969200  ***  ***    0.0    0.0    0.0   14.2   14.2   77.1   13.9   10.2   11.6  821.80    1729     2157
2014-09-14 00:40:00    463970400  ***  ***    0.0    0.0    0.0   13.5   13.5   82.3   13.4   10.5   11.6  821.90    1729     2134
2014-09-14 01:00:00    463971600  ***  ***    0.0    0.0    0.0   12.5   12.5   86.3   12.6   10.3   11.1  821.70    1731     2101
2014-09-14 01:20:00    463972800  ***  ***    0.0    0.0    0.0   11.9   11.9   90.1   12.1   10.3   10.9  821.60    1731     2082
2014-09-14 01:40:00    463974000  ***  ***    0.0    0.0    0.0   12.2   12.2   87.5   12.3   10.2   11.0  821.70    1729     2089
2014-09-14 02:00:00    463975200  ***  ***    0.0    0.0    0.0   12.1   12.1   87.5   12.2   10.1   10.9  821.60    1731     2088
2014-09-14 02:20:00    463976400  ***  ***    0.0    0.0    0.0   12.9   12.9   83.4   12.9   10.1   11.2  821.50    1733     2115
2014-09-14 02:40:00    463977600  ***  ***    0.0    0.0    0.0   12.6   12.6   85.3   12.6   10.2   11.1  821.50    1731     2103
2014-09-14 03:00:00    463978800  ***  ***    0.0    0.0    0.0   12.1   12.1   87.9   12.2   10.2   10.9  821.20    1735     2094
2014-09-14 03:20:00    463980000  ***  ***    0.3    0.3    0.3   12.0   12.0   88.4   12.1   10.2   10.9  821.10    1735     2091
2014-09-14 03:40:00    463981200  ***  ***    0.0    0.0    0.0   11.9   11.9   90.5   12.1   10.4   11.0  821.30    1735     2084
2014-09-14 04:00:00    463982400  ***  ***    0.0    0.0    0.0   11.7   11.7   92.4   12.0   10.5   11.0  821.30    1735     2077
2014-09-14 04:20:00    463983600  ***  ***    0.0    0.0    0.0   11.2   11.2   95.1   11.5   10.4   10.7  821.20    1735     2061
2014-09-14 04:40:00    463984800  ***  ***    0.0    0.0    0.0   10.8   10.8   97.1   11.2   10.4   10.5  821.10    1737     2050
2014-09-14 05:00:00    463986000  ***  ***    0.0    0.0    0.0   10.9   10.9   95.8   11.3   10.2   10.4  821.20    1735     2049
2014-09-14 05:20:00    463987200  ***  ***    0.0    0.0    0.0   10.8   10.8   97.4   11.2   10.4   10.5  821.20    1735     2047
2014-09-14 05:40:00    463988400  ***  ***    0.0    0.0    0.0   10.5   10.5   98.4   10.9   10.3   10.4  821.60    1731     2032
2014-09-14 06:00:00    463989600  ***  ***    0.0    0.0    0.0   10.4   10.4  100.0   10.9   10.4   10.4  821.60    1731     2029
2014-09-14 06:20:00    463990800  ***  ***    0.0    0.0    0.0   10.6   10.6  100.0   11.1   10.6   10.6  821.50    1733     2040
2014-09-14 06:40:00    463992000  ***  ***    0.0    0.0    0.0   10.8   10.8  100.0   11.3   10.8   10.8  821.70    1731     2043
2014-09-14 07:00:00    463993200  ***  ***    0.0    0.0    0.0   11.8   11.8   97.6   12.3   11.4   11.5  821.90    1729     2079
2014-09-14 07:20:00    463994400  ***  ***    0.0    0.0    0.0   14.0   14.0   87.2   14.1   11.9   12.6  822.00    1727     2157
2014-09-14 07:40:00    463995600  ***  ***    0.0    0.0    0.0   17.9   17.9   73.2   17.4   13.1   14.7  822.00    1727     2295
2014-09-14 08:00:00    463996800  ***  ***    0.4    0.4    0.4   21.5   21.5   57.1   21.4   12.7   15.6  821.90    1729     2415
2014-09-14 08:20:00    463998000  ***  ***    0.0    0.0    0.0   23.6   23.6   58.4   23.5   14.9   17.5  822.00    1727     2492
2014-09-14 08:40:00    463999200  ***  ***    0.3    0.3    0.3   22.9   22.9   57.4   22.7   14.1   16.9  822.10    1726     2465
2014-09-14 09:00:00    464000400  ***  ***    0.0    0.0    0.0   22.3   22.3   58.9   22.2   13.8   16.5  822.40    1724     2440
2014-09-14 09:20:00    464001600  ***  ***    0.6    0.6    0.6   25.9   25.9   49.9   25.5   14.6   18.1  822.30    1724     2563
2014-09-14 09:40:00    464002800  ***  ***    0.0    0.0    0.0   24.0   24.0   57.3   23.8   15.0   17.8  822.60    1722     2500
2014-09-14 10:00:00    464004000  ***  ***    0.0    0.0    0.0   25.0   25.0   53.5   24.7   14.9   18.0  822.50    1722     2534
2014-09-14 10:20:00    464005200  ***  ***    0.0    0.0    0.0   26.3   26.3   50.7   26.2   15.2   18.5  822.30    1724     2579
2014-09-14 10:40:00    464006400  ***  ***    0.0    0.0    0.0   24.9   24.9   50.8   24.3   14.0   17.4  822.40    1724     2528
2014-09-14 11:00:00    464007600  ***  ***    0.0    0.0    0.0   26.3   26.3   50.9   26.2   15.4   18.7  822.20    1725     2582
2014-09-14 11:20:00    464008800  ***  ***    0.7    0.7    0.7   25.0   25.0   50.9   24.5   14.1   17.5  821.90    1727     2536
2014-09-14 11:40:00    464010000  ***  ***    0.0    0.0    0.0   25.4   25.4   53.6   25.2   15.3   18.3  821.70    1729     2558
2014-09-14 12:00:00    464011200  ***  ***    0.5    0.5    0.5   24.9   24.9   53.6   24.5   14.8   17.9  821.70    1731     2541
2014-09-14 12:20:00    464012400  ***  ***    0.4    0.4    0.4   26.9   26.9   48.0   26.7   14.9   18.5  821.50    1731     2607
2014-09-14 12:40:00    464013600  ***  ***    0.0    0.0    0.0   27.2   27.2   47.4   27.0   15.0   18.7  821.40    1733     2618
2014-09-14 13:00:00    464014800  ***  ***    0.5    0.5    0.5   30.3   30.3   40.8   30.7   15.5   19.8  821.30    1735     2724
2014-09-14 13:20:00    464016000  ***  ***    0.0    0.0    0.0   27.1   27.1   46.1   26.8   14.5   18.3  821.00    1738     2618
2014-09-14 13:40:00    464017200  ***  ***    0.0    0.0    0.0   27.1   27.1   46.7   26.9   14.8   18.5  820.70    1740     2626
2014-09-14 14:00:00    464018400  ***  ***    1.0    1.0    1.0   28.6   28.6   46.9   29.0   16.1   19.7  820.60    1740     2679
2014-09-14 14:20:00    464019600  ***  ***    0.7    0.7    0.7   31.0   31.0   40.9   31.7   16.1   20.3  820.40    1744     2761
2014-09-14 14:40:00    464020800  ***  ***    0.0    0.0    0.0   27.6   27.6   44.6   27.2   14.5   18.5  820.50    1742     2642
2014-09-14 15:00:00    464022000  ***  ***    0.5    0.5    0.5   27.8   27.8   48.1   27.8   15.8   19.3  820.30    1744     2654
2014-09-14 15:20:00    464023200  ***  ***    0.0    0.0    0.0   27.0   27.0   44.5   26.5   13.9   18.0  820.20    1744     2622
2014-09-14 15:40:00    464024400  ***  ***    0.8    0.8    0.8   27.2   27.2   45.5   26.8   14.4   18.3  820.20    1744     2630
2014-09-14 16:00:00    464025600  ***  ***    0.7    0.7    0.7   27.2   27.2   45.1   26.8   14.3   18.3  820.20    1746     2632
2014-09-14 16:20:00    464026800  ***  ***    0.0    0.0    0.0   26.5   26.5   49.0   26.3   14.9   18.4  820.10    1746     2613
2014-09-14 16:40:00    464028000  ***  ***    0.6    0.6    0.6   26.4   26.4   47.1   26.0   14.2   18.0  820.10    1746     2606
2014-09-14 17:00:00    464029200  ***  ***    0.0    0.0    0.0   24.8   24.8   48.3   24.0   13.1   16.9  820.20    1746     2545
2014-09-14 17:20:00    464030400  ***  ***    0.0    0.0    0.0   24.9   24.9   47.0   24.1   12.9   16.8  820.10    1746     2551
2014-09-14 17:40:00    464031600  ***  ***    0.0    0.0    0.0   23.8   23.8   52.3   23.3   13.4   16.8  820.00    1748     2516
2014-09-14 18:00:00    464032800  ***  ***    0.0    0.0    0.0   21.7   21.7   57.0   21.5   12.8   15.7  820.30    1744     2441
2014-09-14 18:20:00    464034000  ***  ***    0.7    0.7    0.7   21.3   21.3   56.4   21.1   12.3   15.3  820.60    1742     2422
2014-09-14 18:40:00    464035200  ***  ***    2.3    2.3    2.3   21.1   21.1   56.3   20.8   12.1   15.1  820.60    1740     2413
2014-09-14 19:00:00    464036400  ***  ***    0.0    0.0    0.0   19.9   19.9   60.5   19.3   12.0   14.7  820.80    1740     2372
2014-09-14 19:20:00    464037600  ***  ***    0.7    0.7    0.7   20.3   20.3   58.6   19.8   11.9   14.8  821.20    1735     2378
2014-09-14 19:40:00    464038800  ***  ***    0.0    0.0    0.0   19.8   19.8   60.2   19.2   11.9   14.6  821.40    1733     2360
2014-09-14 20:00:00    464040000  ***  ***    0.8    0.8    0.8   19.5   19.5   60.4   18.7   11.6   14.4  821.60    1731     2347
2014-09-14 20:20:00    464041200  ***  ***    0.5    0.5    0.5   19.7   19.7   59.6   18.9   11.6   14.4  822.00    1727     2350
2014-09-14 20:40:00    464042400  ***  ***    0.0    0.0    0.0   19.3   19.3   61.6   18.5   11.8   14.4  821.90    1727     2337
2014-09-14 21:00:00    464043600  ***  ***    0.0    0.0    0.0   19.1   19.1   61.7   18.2   11.6   14.2  822.20    1725     2323
2014-09-14 21:20:00    464044800  ***  ***    0.0    0.0    0.0   18.9   18.9   62.9   18.0   11.7   14.2  822.20    1726     2318
2014-09-14 21:40:00    464046000  ***  ***    0.5    0.5    0.5   19.1   19.1   62.3   18.3   11.7   14.3  822.30    1725     2323
2014-09-14 22:00:00    464047200  ***  ***    0.0    0.0    0.0   18.8   18.8   63.5   17.9   11.8   14.2  822.50    1723     2313
2014-09-14 22:20:00    464048400  ***  ***    0.5    0.5    0.5   18.5   18.5   64.3   17.5   11.7   14.1  822.40    1724     2304
2014-09-14 22:40:00    464049600  ***  ***    0.0    0.0    0.0   19.0   19.0   62.0   18.1   11.5   14.1  822.30    1725     2320
2014-09-14 23:00:00    464050800  ***  ***    0.4    0.4    0.4   18.3   18.3   65.5   17.3   11.8   14.0  822.50    1722     2297
2014-09-14 23:20:00    464052000  ***  ***    0.0    0.0    0.0   17.3   17.3   70.3   16.6   11.8   13.7  822.40    1724     2263
2014-09-14 23:40:00    464053200  ***  ***    0.0    0.0    0.0   16.7   16.7   71.3   16.1   11.4   13.3  822.50    1722     2237
2014-09-15 00:00:00    464054400  ***  ***    0.0    0.0    0.0   15.9   15.9   74.4   15.4   11.4   13.0  822.50    1722     2212
2014-09-15 00:20:00    464055600  ***  ***    0.0    0.0    0.0   15.9   15.9   75.5   15.5   11.6   13.1  822.60    1722     2212
2014-09-15 00:40:00    464056800  ***  ***    0.0    0.0    0.0   15.9   15.9   75.4   15.5   11.6   13.1  822.40    1723     2213
2014-09-15 01:00:00    464058000  ***  ***    0.0    0.0    0.0   15.5   15.5   76.9   15.2   11.5   12.9  822.40    1724     2202
2014-09-15 01:20:00    464059200  ***  ***    0.0    0.0    0.0   15.5   15.5   77.7   15.2   11.6   13.0  822.40    1724     2201
2014-09-15 01:40:00    464060400  ***  ***    0.4    0.4    0.4   15.3   15.3   78.4   15.0   11.6   12.9  822.40    1724     2193
2014-09-15 02:00:00    464061600  ***  ***    0.0    0.0    0.0   15.1   15.1   79.4   14.9   11.5   12.8  822.30    1724     2186
2014-09-15 02:20:00    464062800  ***  ***    0.0    0.0    0.0   14.7   14.7   81.5   14.6   11.6   12.7  822.20    1725     2175
2014-09-15 02:40:00    464064000  ***  ***    0.5    0.5    0.5   14.2   14.2   84.0   14.2   11.5   12.5  822.10    1726     2159
2014-09-15 03:00:00    464065200  ***  ***    0.8    0.8    0.8   14.5   14.5   82.5   14.5   11.6   12.7  822.10    1726     2170
2014-09-15 03:20:00    464066400  ***  ***    0.0    0.0    0.0   14.4   14.4   83.4   14.4   11.6   12.6  822.40    1724     2163
2014-09-15 03:40:00    464067600  ***  ***    0.0    0.0    0.0   13.9   13.9   85.7   13.9   11.6   12.5  822.40    1724     2148
2014-09-15 04:00:00    464068800  ***  ***    0.4    0.4    0.4   13.9   13.9   86.1   13.9   11.6   12.5  822.20    1726     2148
2014-09-15 04:20:00    464070000  ***  ***    0.0    0.0    0.0   13.8   13.8   86.7   13.9   11.6   12.4  822.10    1726     2147
2014-09-15 04:40:00    464071200  ***  ***    0.5    0.5    0.5   14.0   14.0   85.6   14.0   11.7   12.6  822.30    1725     2152
2014-09-15 05:00:00    464072400  ***  ***    0.4    0.4    0.4   14.0   14.0   85.8   14.0   11.6   12.5  822.40    1724     2149
2014-09-15 05:20:00    464073600  ***  ***    0.4    0.4    0.4   13.5   13.5   88.5   13.7   11.7   12.4  822.70    1720     2128
2014-09-15 05:40:00    464074800  ***  ***    0.4    0.4    0.4   13.3   13.3   89.8   13.5   11.6   12.2  822.70    1720     2119
2014-09-15 06:00:00    464076000  ***  ***    0.0    0.0    0.0   13.4   13.4   89.0   13.6   11.6   12.3  822.80    1719     2123
2014-09-15 06:20:00    464077200  ***  ***    0.5    0.5    0.5   13.5   13.5   88.7   13.7   11.7   12.4  823.00    1718     2127
2014-09-15 06:40:00    464078400  ***  ***    0.0    0.0    0.0   13.9   13.9   86.9   14.0   11.8   12.5  823.00    1718     2141
2014-09-15 07:00:00    464079600  ***  ***    0.0    0.0    0.0   14.6   14.6   84.6   14.6   12.0   12.9  823.10    1717     2164
2014-09-15 07:20:00    464080800  ***  ***    0.0    0.0    0.0   15.9   15.9   81.4   15.8   12.8   13.9  823.20    1715     2210
2014-09-15 07:40:00    464082000  ***  ***    0.0    0.0    0.0   19.7   19.7   68.6   19.3   13.8   15.8  823.30    1715     2344
2014-09-15 08:00:00    464083200  ***  ***    0.0    0.0    0.0   22.5   22.5   61.1   22.5   14.6   17.1  823.10    1717     2442
2014-09-15 08:20:00    464084400  ***  ***    0.0    0.0    0.0   26.4   26.4   52.3   26.4   15.8   19.0  823.20    1715     2573
2014-09-15 08:40:00    464085600  ***  ***    0.0    0.0    0.0   27.5   27.5   46.7   27.4   15.1   18.8  823.20    1715     2608
2014-09-15 09:00:00    464086800  ***  ***    0.4    0.4    0.4   24.4   24.4   57.2   24.2   15.4   18.1  823.40    1714     2508
2014-09-15 09:20:00    464088000  ***  ***    0.0    0.0    0.0   26.7   26.7   52.7   26.9   16.2   19.2  823.60    1712     2583
2014-09-15 09:40:00    464089200  ***  ***    1.0    1.0    1.0   27.0   27.0   47.6   26.8   14.9   18.5  823.60    1712     2587
2014-09-15 10:00:00    464090400  ***  ***    0.0    0.0    0.0   27.6   27.6   45.8   27.3   14.9   18.7  823.70    1711     2606
2014-09-15 10:20:00    464091600  ***  ***    0.5    0.5    0.5   25.6   25.6   51.6   25.3   15.0   18.2  823.50    1712     2543
2014-09-15 10:40:00    464092800  ***  ***    0.0    0.0    0.0   25.7   25.7   53.9   25.6   15.7   18.6  823.60    1711     2548
