FORMATTED DATE-TIME           DT   MG   TR     WS     CW     HW     TP     WC     RH     HI     DP     WB      BP      AL       DA
YYYY-MM-DD HH:MM:SS            s  Mag True    m/s    m/s    m/s     °C     °C      %     °C     °C     °C     hPa       m        m
----------------------------------------------------------------------------------------------------------------------------------
2014-08-14 12:00:00    461332800  ***  ***    0.0    0.0    0.0   23.0   23.0   66.7   23.3   16.4   18.4  824.80    1700     2447
2014-08-14 12:20:00    461334000  ***  ***    0.0    0.0    0.0   24.2   24.2   62.4   24.3   16.5   18.8  824.70    1701     2488
2014-08-14 12:40:00    461335200  ***  ***    0.0    0.0    0.0   23.6   23.6   65.9   23.8   16.9   18.9  824.70    1701     2472
2014-08-14 13:00:00    461336400  ***  ***    0.0    0.0    0.0   23.2   23.2   70.7   23.7   17.6   19.2  824.60    1702     2463
2014-08-14 13:20:00    461337600  ***  ***    0.0    0.0    0.0   24.4   24.4   68.3   24.8   18.1   19.9  824.20    1705     2509
2014-08-14 13:40:00    461338800  ***  ***    0.5    0.5    0.5   24.2   24.2   65.7   24.4   17.4   19.4  824.10    1707     2502
2014-08-14 14:00:00    461340000  ***  ***    0.4    0.4    0.4   26.0   26.0   63.5   26.9   18.5   20.5  823.50    1712     2572
2014-08-14 14:20:00    461341200  ***  ***    0.6    0.6    0.6   24.0   24.0   67.5   24.4   17.6   19.4  823.20    1716     2509
2014-08-14 14:40:00    461342400  ***  ***    0.6    0.6    0.6   25.1   25.1   63.4   25.5   17.6   19.7  823.00    1718     2545
2014-08-14 15:00:00    461343600  ***  ***    0.4    0.4    0.4   28.0   28.0   57.8   29.3   18.9   21.3  823.10    1716     2648
2014-08-14 15:20:00    461344800  ***  ***    0.0    0.0    0.0   25.4   25.4   64.3   26.0   18.2   20.2  822.90    1719     2559
2014-08-14 15:40:00    461346000  ***  ***    0.5    0.5    0.5   26.1   26.1   61.7   26.9   18.1   20.3  822.80    1719     2582
2014-08-14 16:00:00    461347200  ***  ***    0.0    0.0    0.0   23.4   23.4   65.9   23.6   16.6   18.6  822.90    1718     2484
2014-08-14 16:20:00    461348400  ***  ***    0.4    0.4    0.4   22.4   22.4   70.0   22.8   16.7   18.4  823.00    1718     2452
2014-08-14 16:40:00    461349600  ***  ***    0.0    0.0    0.0   23.5   23.5   66.5   23.8   16.9   18.9  823.20    1716     2487
2014-08-14 17:00:00    461350800  ***  ***    0.0    0.0    0.0   22.2   22.2   67.1   22.5   15.8   17.7  823.30    1715     2437
2014-08-14 17:20:00    461352000  ***  ***    0.0    0.0    0.0   21.8   21.8   71.3   22.2   16.4   18.0  823.30    1714     2426
2014-08-14 17:40:00    461353200  ***  ***    0.0    0.0    0.0   21.8   21.8   76.4   22.4   17.4   18.7  823.20    1716     2433
2014-08-14 18:00:00    461354400  ***  ***    0.0    0.0    0.0   21.4   21.4   74.0   21.8   16.5   18.0  823.10    1716     2415
2014-08-14 18:20:00    461355600  ***  ***    0.0    0.0    0.0   21.1   21.1   78.8   21.6   17.3   18.4  823.50    1713     2407
2014-08-14 18:40:00    461356800  ***  ***    0.0    0.0    0.0   20.3   20.3   80.4   20.6   16.9   17.9  823.70    1711     2375
2014-08-14 19:00:00    461358000  ***  ***    0.0    0.0    0.0   19.6   19.6   83.3   19.9   16.7   17.6  823.70    1710     2349
2014-08-14 19:20:00    461359200  ***  ***    0.0    0.0    0.0   19.0   19.0   88.1   19.3   17.0   17.6  823.80    1709     2328
2014-08-14 19:40:00    461360400  ***  ***    0.0    0.0    0.0   18.4   18.4   91.0   18.8   16.9   17.4  824.10    1707     2306
2014-08-14 20:00:00    461361600  ***  ***    0.0    0.0    0.0   18.7   18.7   88.4   19.0   16.7   17.3  824.20    1705     2311
2014-08-14 20:20:00    461362800  ***  ***    0.0    0.0    0.0   18.5   18.5   87.5   18.7   16.4   17.0  824.30    1704     2302
2014-08-14 20:40:00    461364000  ***  ***    0.0    0.0    0.0   18.4   18.4   85.4   18.5   15.9   16.7  824.60    1701     2291
2014-08-14 21:00:00    461365200  ***  ***    0.0    0.0    0.0   18.2   18.2   85.3   18.2   15.7   16.4  824.70    1701     2283
2014-08-14 21:20:00    461366400  ***  ***    0.0    0.0    0.0   17.9   17.9   85.4   17.9   15.4   16.2  824.90    1699     2271
2014-08-14 21:40:00    461367600  ***  ***    0.6    0.6    0.6   17.6   17.6   82.9   17.6   14.7   15.6  824.50    1703     2260
2014-08-14 22:00:00    461368800  ***  ***    0.0    0.0    0.0   17.4   17.4   80.0   17.2   13.9   15.0  824.30    1704     2253
2014-08-14 22:20:00    461370000  ***  ***    0.0    0.0    0.0   17.7   17.7   76.1   17.3   13.4   14.9  824.20    1706     2261
2014-08-14 22:40:00    461371200  ***  ***    0.4    0.4    0.4   17.2   17.2   79.4   17.0   13.6   14.8  824.00    1708     2248
2014-08-14 23:00:00    461372400  ***  ***    0.0    0.0    0.0   17.3   17.3   73.3   16.8   12.5   14.2  824.20    1705     2244
2014-08-14 23:20:00    461373600  ***  ***    0.0    0.0    0.0   17.5   17.5   72.8   16.9   12.5   14.2  824.10    1707     2251
2014-08-14 23:40:00    461374800  ***  ***    0.0    0.0    0.0   17.4   17.4   73.9   16.9   12.6   14.3  824.10    1706     2247
2014-08-15 00:00:00    461376000  ***  ***    0.0    0.0    0.0   17.1   17.1   74.8   16.6   12.6   14.1  824.10    1707     2240
2014-08-15 00:20:00    461377200  ***  ***    0.0    0.0    0.0   16.8   16.8   78.5   16.5   13.0   14.3  824.00    1708     2232
2014-08-15 00:40:00    461378400  ***  ***    0.0    0.0    0.0   16.9   16.9   75.0   16.5   12.4   13.9  824.00    1708     2233
2014-08-15 01:00:00    461379600  ***  ***    0.0    0.0    0.0   17.1   17.1   73.9   16.6   12.4   14.0  823.90    1708     2239
2014-08-15 01:20:00    461380800  ***  ***    0.0    0.0    0.0   17.3   17.3   72.8   16.7   12.4   14.1  823.90    1709     2248
2014-08-15 01:40:00    461382000  ***  ***    0.0    0.0    0.0   17.2   17.2   75.4   16.8   12.8   14.3  823.70    1710     2248
2014-08-15 02:00:00    461383200  ***  ***    0.0    0.0    0.0   17.4   17.4   74.2   16.9   12.7   14.3  823.90    1709     2252
2014-08-15 02:20:00    461384400  ***  ***    0.0    0.0    0.0   17.1   17.1   76.6   16.7   13.0   14.4  823.90    1708     2243
2014-08-15 02:40:00    461385600  ***  ***    0.0    0.0    0.0   17.2   17.2   77.0   16.9   13.1   14.5  824.00    1708     2244
2014-08-15 03:00:00    461386800  ***  ***    0.0    0.0    0.0   17.0   17.0   79.7   16.8   13.4   14.6  824.20    1706     2237
2014-08-15 03:20:00    461388000  ***  ***    0.0    0.0    0.0   16.8   16.8   80.4   16.6   13.5   14.6  824.20    1706     2232
2014-08-15 03:40:00    461389200  ***  ***    0.0    0.0    0.0   16.8   16.8   81.7   16.7   13.7   14.8  824.20    1705     2232
2014-08-15 04:00:00    461390400  ***  ***    0.0    0.0    0.0   16.8   16.8   81.8   16.7   13.7   14.8  824.20    1706     2234
2014-08-15 04:20:00    461391600  ***  ***    0.0    0.0    0.0   16.9   16.9   80.8   16.8   13.6   14.7  824.20    1706     2236
2014-08-15 04:40:00    461392800  ***  ***    0.0    0.0    0.0   16.9   16.9   79.7   16.7   13.4   14.6  824.40    1704     2234
2014-08-15 05:00:00    461394000  ***  ***    0.4    0.4    0.4   16.9   16.9   80.9   16.8   13.6   14.7  824.20    1705     2236
2014-08-15 05:20:00    461395200  ***  ***    0.0    0.0    0.0   16.9   16.9   81.0   16.8   13.7   14.8  824.40    1703     2234
2014-08-15 05:40:00    461396400  ***  ***    0.5    0.5    0.5   16.9   16.9   82.2   16.8   13.9   14.9  824.70    1700     2230
2014-08-15 06:00:00    461397600  ***  ***    0.0    0.0    0.0   16.2   16.2   93.7   16.6   15.2   15.5  825.10    1696     2208
2014-08-15 06:20:00    461398800  ***  ***    0.0    0.0    0.0   15.6   15.6   96.7   16.1   15.1   15.3  825.20    1695     2186
2014-08-15 06:40:00    461400000  ***  ***    0.0    0.0    0.0   16.0   16.0   93.6   16.4   15.0   15.3  825.30    1694     2198
2014-08-15 07:00:00    461401200  ***  ***    0.0    0.0    0.0   16.5   16.5   97.0   17.1   16.0   16.2  825.40    1694     2221
2014-08-15 07:20:00    461402400  ***  ***    0.0    0.0    0.0   16.9   16.9   94.2   17.4   16.0   16.3  825.40    1693     2233
2014-08-15 07:40:00    461403600  ***  ***    0.0    0.0    0.0   17.4   17.4   90.4   17.7   15.8   16.3  825.50    1692     2248
2014-08-15 08:00:00    461404800  ***  ***    0.0    0.0    0.0   18.2   18.2   89.9   18.4   16.5   17.0  825.50    1693     2280
2014-08-15 08:20:00    461406000  ***  ***    0.0    0.0    0.0   18.4   18.4   90.2   18.8   16.7   17.2  825.50    1692     2285
2014-08-15 08:40:00    461407200  ***  ***    0.4    0.4    0.4   19.8   19.8   84.6   20.2   17.2   18.0  825.30    1695     2341
2014-08-15 09:00:00    461408400  ***  ***    0.0    0.0    0.0   26.8   26.8   63.2   28.1   19.2   21.2  825.20    1695     2583
2014-08-15 09:20:00    461409600  ***  ***    0.0    0.0    0.0   26.7   26.7   52.4   26.8   16.1   19.2  825.10    1696     2564
2014-08-15 09:40:00    461410800  ***  ***    0.0    0.0    0.0   25.5   25.5   57.6   25.6   16.5   19.1  824.90    1698     2529
2014-08-15 10:00:00    461412000  ***  ***    0.6    0.6    0.6   25.0   25.0   58.0   24.9   16.2   18.8  825.10    1697     2510
2014-08-15 10:20:00    461413200  ***  ***    0.8    0.8    0.8   25.1   25.1   58.0   25.0   16.2   18.8  825.20    1695     2510
2014-08-15 10:40:00    461414400  ***  ***    0.6    0.6    0.6   25.4   25.4   61.8   25.8   17.6   19.8  825.10    1696     2529
2014-08-15 11:00:00    461415600  ***  ***    0.4    0.4    0.4   25.2   25.2   54.4   25.0   15.4   18.3  825.30    1695     2510
2014-08-15 11:20:00    461416800  ***  ***    0.4    0.4    0.4   25.5   25.5   54.4   25.4   15.6   18.5  824.90    1698     2523
2014-08-15 11:40:00    461418000  ***  ***    0.0    0.0    0.0   25.8   25.8   53.5   25.8   15.7   18.7  824.90    1699     2537
2014-08-15 12:00:00    461419200  ***  ***    0.6    0.6    0.6   25.5   25.5   51.9   25.2   14.9   18.1  824.70    1701     2525
2014-08-15 12:20:00    461420400  ***  ***    0.0    0.0    0.0   27.6   27.6   53.0   28.1   17.2   20.1  824.40    1704     2609
2014-08-15 12:40:00    461421600  ***  ***    0.5    0.5    0.5   24.9   24.9   59.1   24.8   16.4   18.9  824.60    1702     2514
2014-08-15 13:00:00    461422800  ***  ***    0.5    0.5    0.5   28.3   28.3   51.5   29.1   17.3   20.4  824.30    1705     2633
2014-08-15 13:20:00    461424000  ***  ***    0.3    0.3    0.3   30.1   30.1   46.0   31.3   17.2   20.7  823.90    1709     2694
2014-08-15 13:40:00    461425200  ***  ***    0.7    0.7    0.7   26.9   26.9   59.0   27.8   18.2   20.6  823.70    1711     2599
2014-08-15 14:00:00    461426400  ***  ***    0.0    0.0    0.0   27.3   27.3   51.9   27.6   16.6   19.7  823.50    1713     2608
2014-08-15 14:20:00    461427600  ***  ***    1.1    1.1    1.1   25.3   25.3   55.5   25.2   15.7   18.5  823.50    1713     2535
2014-08-15 14:40:00    461428800  ***  ***    0.0    0.0    0.0   27.1   27.1   53.3   27.5   16.8   19.7  823.20    1715     2604
2014-08-15 15:00:00    461430000  ***  ***    0.0    0.0    0.0   27.1   27.1   54.0   27.6   17.0   19.9  823.00    1717     2608
2014-08-15 15:20:00    461431200  ***  ***    1.5    1.5    1.5   30.3   30.3   47.0   31.8   17.7   21.1  823.20    1716     2714
2014-08-15 15:40:00    461432400  ***  ***    0.4    0.4    0.4   31.3   31.3   45.8   33.1   18.2   21.7  822.90    1718     2752
2014-08-15 16:00:00    461433600  ***  ***    0.0    0.0    0.0   28.0   28.0   48.2   28.1   16.1   19.5  823.20    1716     2631
2014-08-15 16:20:00    461434800  ***  ***    0.4    0.4    0.4   33.2   33.2   44.1   36.5   19.3   22.8  823.20    1715     2814
2014-08-15 16:40:00    461436000  ***  ***    0.5    0.5    0.5   30.5   30.5   47.5   32.2   18.1   21.4  823.20    1715     2721
2014-08-15 17:00:00    461437200  ***  ***    0.0    0.0    0.0   25.0   25.0   56.6   24.8   15.8   18.6  822.70    1721     2536
2014-08-15 17:20:00    461438400  ***  ***    0.0    0.0    0.0   24.0   24.0   61.1   24.0   16.1   18.4  822.80    1720     2505
2014-08-15 17:40:00    461439600  ***  ***    0.0    0.0    0.0   23.5   23.5   61.4   23.5   15.6   18.0  823.00    1717     2480
2014-08-15 18:00:00    461440800  ***  ***    1.7    1.7    1.7   19.0   19.0   73.5   18.7   14.2   15.8  823.40    1713     2319
2014-08-15 18:20:00    461442000  ***  ***    0.4    0.4    0.4   16.4   16.4   99.3   17.1   16.3   16.3  823.70    1710     2237
2014-08-15 18:40:00    461443200  ***  ***    0.0    0.0    0.0   16.4   16.4   99.3   17.1   16.3   16.3  823.80    1709     2235
2014-08-15 19:00:00    461444400  ***  ***    0.0    0.0    0.0   16.2   16.2   99.2   16.9   16.0   16.1  823.60    1712     2230
2014-08-15 19:20:00    461445600  ***  ***    0.5    0.5    0.5   15.8   15.8   97.8   16.4   15.5   15.6  823.50    1713     2217
2014-08-15 19:40:00    461446800  ***  ***    0.0    0.0    0.0   15.8   15.8  100.0   16.5   15.8   15.8  823.70    1711     2217
2014-08-15 20:00:00    461448000  ***  ***    0.5    0.5    0.5   15.9   15.9  100.0   16.6   15.9   15.9  823.90    1708     2216
2014-08-15 20:20:00    461449200  ***  ***    0.4    0.4    0.3   16.0   16.0  100.0   16.7   16.0   16.0  824.20    1706     2218
2014-08-15 20:40:00    461450400  ***  ***    0.5    0.5    0.5   16.3   16.3   95.0   16.8   15.5   15.8  824.40    1704     2222
2014-08-15 21:00:00    461451600  ***  ***    0.0    0.0    0.0   16.5   16.5   94.6   17.0   15.6   15.8  824.30    1705     2232
2014-08-15 21:20:00    461452800  ***  ***    0.0    0.0    0.0   16.6   16.6   94.4   17.1   15.7   15.9  824.60    1702     2232
2014-08-15 21:40:00    461454000  ***  ***    0.0    0.0    0.0   16.4   16.4   97.4   17.0   16.0   16.1  824.70    1700     2223
2014-08-15 22:00:00    461455200  ***  ***    0.0    0.0    0.0   16.5   16.5   94.9   17.0   15.7   15.9  824.80    1700     2226
2014-08-15 22:20:00    461456400  ***  ***    0.0    0.0    0.0   16.5   16.5   96.7   17.1   15.9   16.1  824.90    1699     2225
2014-08-15 22:40:00    461457600  ***  ***    0.0    0.0    0.0   16.6   16.6   95.3   17.1   15.9   16.1  824.70    1701     2231
2014-08-15 23:00:00    461458800  ***  ***    1.0    1.0    1.0   16.9   16.9   94.6   17.4   16.1   16.3  824.50    1703     2246
2014-08-15 23:20:00    461460000  ***  ***    0.0    0.0    0.0   17.0   17.0   93.1   17.4   15.8   16.2  824.50    1703     2245
2014-08-15 23:40:00    461461200  ***  ***    0.0    0.0    0.0   16.9   16.9   94.0   17.4   15.9   16.2  824.60    1701     2240
2014-08-16 00:00:00    461462400  ***  ***    0.0    0.0    0.0   17.3   17.3   90.3   17.6   15.6   16.1  824.30    1705     2257
2014-08-16 00:20:00    461463600  ***  ***    0.0    0.0    0.0   17.3   17.3   89.2   17.5   15.5   16.1  824.20    1705     2256
2014-08-16 00:40:00    461464800  ***  ***    0.0    0.0    0.0   17.1   17.1   88.7   17.3   15.2   15.8  824.00    1707     2252
2014-08-16 01:00:00    461466000  ***  ***    0.3    0.3    0.3   16.4   16.4   91.9   16.8   15.1   15.5  824.00    1708     2229
2014-08-16 01:20:00    461467200  ***  ***    0.0    0.0    0.0   16.5   16.5   88.1   16.6   14.5   15.1  823.90    1709     2229
2014-08-16 01:40:00    461468400  ***  ***    0.0    0.0    0.0   16.9   16.9   83.5   16.9   14.1   15.0  824.10    1707     2241
2014-08-16 02:00:00    461469600  ***  ***    0.0    0.0    0.0   16.8   16.8   85.8   16.8   14.4   15.2  824.20    1706     2235
2014-08-16 02:20:00    461470800  ***  ***    0.0    0.0    0.0   16.9   16.9   84.9   16.9   14.4   15.2  824.10    1707     2242
2014-08-16 02:40:00    461472000  ***  ***    0.0    0.0    0.0   16.9   16.9   85.7   16.9   14.4   15.2  824.20    1705     2237
2014-08-16 03:00:00    461473200  ***  ***    0.0    0.0    0.0   16.7   16.7   87.6   16.8   14.6   15.3  824.20    1706     2233
2014-08-16 03:20:00    461474400  ***  ***    0.5    0.5    0.5   16.6   16.6   89.2   16.8   14.8   15.4  824.00    1707     2232
2014-08-16 03:40:00    461475600  ***  ***    0.0    0.0    0.0   16.5   16.5   90.8   16.8   15.0   15.5  824.20    1705     2228
2014-08-16 04:00:00    461476800  ***  ***    0.0    0.0    0.0   16.4   16.4   91.3   16.7   15.0   15.5  824.40    1704     2224
2014-08-16 04:20:00    461478000  ***  ***    0.0    0.0    0.0   16.4   16.4   90.7   16.7   14.8   15.3  824.30    1704     2222
2014-08-16 04:40:00    461479200  ***  ***    0.0    0.0    0.0   16.7   16.7   88.4   16.9   14.8   15.4  824.70    1700     2227
2014-08-16 05:00:00    461480400  ***  ***    0.0    0.0    0.0   16.7   16.7   87.9   16.8   14.7   15.3  824.60    1702     2230
2014-08-16 05:20:00    461481600  ***  ***    0.0    0.0    0.0   16.8   16.8   87.1   16.9   14.6   15.3  824.50    1702     2232
2014-08-16 05:40:00    461482800  ***  ***    0.0    0.0    0.0   16.9   16.9   85.7   16.9   14.5   15.3  824.80    1700     2233
2014-08-16 06:00:00    461484000  ***  ***    0.0    0.0    0.0   16.8   16.8   86.7   16.9   14.6   15.3  824.70    1700     2232
2014-08-16 06:20:00    461485200  ***  ***    0.0    0.0    0.0   17.2   17.2   84.9   17.2   14.7   15.5  824.90    1698     2243
2014-08-16 06:40:00    461486400  ***  ***    0.0    0.0    0.0   17.8   17.8   83.0   17.8   14.9   15.8  825.10    1696     2260
2014-08-16 07:00:00    461487600  ***  ***    0.4    0.4    0.4   18.1   18.1   82.9   18.1   15.2   16.1  825.30    1695     2273
2014-08-16 07:20:00    461488800  ***  ***    0.0    0.0    0.0   19.1   19.1   81.4   19.2   15.8   16.8  825.30    1695     2306
2014-08-16 07:40:00    461490000  ***  ***    0.0    0.0    0.0   20.0   20.0   78.5   20.1   16.1   17.3  825.30    1695     2340
2014-08-16 08:00:00    461491200  ***  ***    0.0    0.0    0.0   20.2   20.2   77.8   20.4   16.2   17.4  825.40    1694     2348
2014-08-16 08:20:00    461492400  ***  ***    0.0    0.0    0.0   21.9   21.9   69.4   22.3   16.1   17.8  825.50    1693     2401
2014-08-16 08:40:00    461493600  ***  ***    0.0    0.0    0.0   22.6   22.6   69.6   23.0   16.7   18.4  825.30    1694     2429
2014-08-16 09:00:00    461494800  ***  ***    0.6    0.6    0.6   23.8   23.8   63.5   24.0   16.4   18.6  825.50    1692     2464
2014-08-16 09:20:00    461496000  ***  ***    0.0    0.0    0.0   24.0   24.0   57.7   23.8   15.2   17.9  825.60    1692     2467
2014-08-16 09:40:00    461497200  ***  ***    0.6    0.6    0.6   25.3   25.3   56.8   25.3   16.1   18.8  825.70    1690     2509
2014-08-16 10:00:00    461498400  ***  ***    0.4    0.4    0.4   24.7   24.7   55.7   24.4   15.2   18.1  825.50    1692     2487
2014-08-16 10:20:00    461499600  ***  ***    0.0    0.0    0.0   26.8   26.8   61.7   28.0   18.9   21.0  825.70    1691     2579
2014-08-16 10:40:00    461500800  ***  ***    0.4    0.4    0.4   29.9   29.9   47.0   31.1   17.4   20.9  825.40    1694     2674
2014-08-16 11:00:00    461502000  ***  ***    1.1    1.1    1.1   26.2   26.2   56.8   26.6   16.9   19.6  825.20    1695     2550
2014-08-16 11:20:00    461503200  ***  ***    0.4    0.4    0.4   28.7   28.7   53.8   30.1   18.4   21.2  825.20    1696     2641
2014-08-16 11:40:00    461504400  ***  ***    0.4    0.4    0.4   26.2   26.2   60.3   26.9   17.9   20.2  825.10    1697     2558
2014-08-16 12:00:00    461505600  ***  ***    0.8    0.8    0.8   27.2   27.2   56.1   27.9   17.7   20.4  825.10    1697     2589
2014-08-16 12:20:00    461506800  ***  ***    0.0    0.0    0.0   26.3   26.3   61.1   27.1   18.2   20.4  825.00    1698     2565
2014-08-16 12:40:00    461508000  ***  ***    1.0    1.0    1.0   23.7   23.7   68.5   24.1   17.6   19.3  825.10    1697     2476
2014-08-16 13:00:00    461509200  ***  ***    0.9    0.9    0.9   21.8   21.8   73.8   22.3   16.9   18.4  824.90    1699     2411
2014-08-16 13:20:00    461510400  ***  ***    0.8    0.8    0.8   22.5   22.5   72.4   23.0   17.3   18.8  824.90    1698     2434
2014-08-16 13:40:00    461511600  ***  ***    0.6    0.6    0.6   25.7   25.7   65.3   26.6   18.8   20.7  824.70    1700     2551
2014-08-16 14:00:00    461512800  ***  ***    0.7    0.7    0.7   25.0   25.0   63.2   25.3   17.6   19.7  824.30    1705     2528
2014-08-16 14:20:00    461514000  ***  ***    0.7    0.7    0.7   31.5   31.5   51.9   35.0   20.5   23.2  824.10    1707     2760
2014-08-16 14:40:00    461515200  ***  ***    1.2    1.2    1.2   33.4   33.4   40.8   36.0   18.3   22.3  823.80    1710     2811
2014-08-16 15:00:00    461516400  ***  ***    0.0    0.0    0.0   31.0   31.0   44.2   32.3   17.4   21.1  823.50    1713     2731
2014-08-16 15:20:00    461517600  ***  ***    0.0    0.0    0.0   31.7   31.7   45.5   33.9   18.5   22.0  823.20    1715     2762
2014-08-16 15:40:00    461518800  ***  ***    0.0    0.0    0.0   26.5   26.5   53.4   26.7   16.2   19.2  823.20    1715     2579
2014-08-16 16:00:00    461520000  ***  ***    0.4    0.4    0.4   30.8   30.8   44.8   32.1   17.4   21.1  823.20    1716     2727
2014-08-16 16:20:00    461521200  ***  ***    0.8    0.8    0.8   32.0   32.0   52.1   36.2   20.9   23.6  823.20    1715     2788
2014-08-16 16:40:00    461522400  ***  ***    0.5    0.5    0.5   23.9   23.9   72.4   24.6   18.7   20.1  823.00    1718     2514
2014-08-16 17:00:00    461523600  ***  ***    0.0    0.0    0.0   22.5   22.5   78.1   23.2   18.5   19.6  822.70    1721     2469
2014-08-16 17:20:00    461524800  ***  ***    0.0    0.0    0.0   22.2   22.2   80.0   23.0   18.6   19.6  822.80    1720     2458
2014-08-16 17:40:00    461526000  ***  ***    1.0    1.0    1.0   22.9   22.9   75.3   23.6   18.3   19.6  822.70    1720     2478
2014-08-16 18:00:00    461527200  ***  ***    0.0    0.0    0.0   21.2   21.2   79.5   21.8   17.5   18.6  822.70    1720     2420
2014-08-16 18:20:00    461528400  ***  ***    0.3    0.3    0.3   21.0   21.0   79.1   21.5   17.3   18.4  823.20    1715     2406
2014-08-16 18:40:00    461529600  ***  ***    0.0    0.0    0.0   20.6   20.6   78.8   21.0   16.7   17.9  823.60    1712     2384
2014-08-16 19:00:00    461530800  ***  ***    0.0    0.0    0.0   20.0   20.0   81.3   20.3   16.6   17.6  823.60    1712     2362
2014-08-16 19:20:00    461532000  ***  ***    0.0    0.0    0.0   19.2   19.2   84.6   19.4   16.5   17.3  823.50    1713     2337
2014-08-16 19:40:00    461533200  ***  ***    0.0    0.0    0.0   18.4   18.4   88.7   18.7   16.5   17.1  823.90    1709     2305
2014-08-16 20:00:00    461534400  ***  ***    0.0    0.0    0.0   17.8   17.8   90.7   18.1   16.3   16.8  824.10    1707     2283
2014-08-16 20:20:00    461535600  ***  ***    0.0    0.0    0.0   18.2   18.2   85.9   18.2   15.8   16.6  824.40    1704     2290
2014-08-16 20:40:00    461536800  ***  ***    1.9    1.9    1.9   19.5   19.5   63.2   18.8   12.3   14.8  825.60    1692     2302
2014-08-16 21:00:00    461538000  ***  ***    0.5    0.5    0.5   14.4   14.4   92.1   14.7   13.1   13.5  826.50    1682     2118
2014-08-16 21:20:00    461539200  ***  ***    0.0    0.0    0.0   13.8   13.8  100.0   14.4   13.8   13.8  826.00    1688     2108
2014-08-16 21:40:00    461540400  ***  ***    0.0    0.0    0.0   14.2   14.2  100.0   14.8   14.2   14.2  825.60    1692     2131
2014-08-16 22:00:00    461541600  ***  ***    0.0    0.0    0.0   14.2   14.2  100.0   14.8   14.2   14.2  825.00    1697     2137
2014-08-16 22:20:00    461542800  ***  ***    0.0    0.0    0.0   15.3   15.3   97.4   15.8   14.9   15.0  825.60    1692     2171
2014-08-16 22:40:00    461544000  ***  ***    0.0    0.0    0.0   15.7   15.7   94.2   16.2   14.8   15.0  825.60    1692     2183
2014-08-16 23:00:00    461545200  ***  ***    0.0    0.0    0.0   14.8   14.8  100.0   15.5   14.8   14.8  824.60    1702     2164
2014-08-16 23:20:00    461546400  ***  ***    0.0    0.0    0.0   14.9   14.9  100.0   15.6   14.9   14.9  824.30    1705     2173
2014-08-16 23:40:00    461547600  ***  ***    0.0    0.0    0.0   15.4   15.4   98.6   16.0   15.1   15.2  824.00    1707     2192
2014-08-17 00:00:00    461548800  ***  ***    0.0    0.0    0.0   16.1   16.1   95.2   16.6   15.4   15.6  823.90    1708     2220
2014-08-17 00:20:00    461550000  ***  ***    0.0    0.0    0.0   17.3   17.3   99.1   18.0   17.2   17.2  824.20    1706     2269
2014-08-17 00:40:00    461551200  ***  ***    0.9    0.9    0.9   17.5   17.5   70.1   16.8   12.0   13.9  824.70    1700     2242
2014-08-17 01:00:00    461552400  ***  ***    0.0    0.0    0.0   17.4   17.4   72.1   16.8   12.3   14.1  824.80    1700     2238
2014-08-17 01:20:00    461553600  ***  ***    0.0    0.0    0.0   16.8   16.8   75.2   16.4   12.4   13.9  825.20    1696     2216
2014-08-17 01:40:00    461554800  ***  ***    1.0    1.0    1.0   16.6   16.6   79.7   16.4   13.0   14.2  825.50    1692     2205
2014-08-17 02:00:00    461556000  ***  ***    0.0    0.0    0.0   15.2   15.2   95.2   15.6   14.5   14.7  824.60    1702     2177
2014-08-17 02:20:00    461557200  ***  ***    0.0    0.0    0.0   14.8   14.8  100.0   15.5   14.8   14.8  824.20    1706     2170
2014-08-17 02:40:00    461558400  ***  ***    0.0    0.0    0.0   14.6   14.6  100.0   15.3   14.6   14.6  823.50    1712     2170
2014-08-17 03:00:00    461559600  ***  ***    0.0    0.0    0.0   15.0   15.0   91.7   15.3   13.6   14.1  823.50    1713     2179
2014-08-17 03:20:00    461560800  ***  ***    0.0    0.0    0.0   14.7   14.7   93.6   15.1   13.7   14.0  823.50    1713     2170
2014-08-17 03:40:00    461562000  ***  ***    0.0    0.0    0.0   15.1   15.1   85.8   15.1   12.7   13.5  823.50    1713     2180
2014-08-17 04:00:00    461563200  ***  ***    0.7    0.7    0.7   16.4   16.4   75.6   16.0   12.1   13.6  823.80    1710     2217
2014-08-17 04:20:00    461564400  ***  ***    0.0    0.0    0.0   14.7   14.7   85.8   14.7   12.3   13.1  824.10    1706     2155
2014-08-17 04:40:00    461565600  ***  ***    0.0    0.0    0.0   14.7   14.7   85.0   14.7   12.2   13.1  824.20    1705     2154
2014-08-17 05:00:00    461566800  ***  ***    0.0    0.0    0.0   14.8   14.8   85.0   14.8   12.3   13.2  824.00    1707     2159
2014-08-17 05:20:00    461568000  ***  ***    0.9    0.9    0.9   15.1   15.1   83.7   15.1   12.3   13.3  824.20    1705     2167
2014-08-17 05:40:00    461569200  ***  ***    0.0    0.0    0.0   15.3   15.3   84.4   15.3   12.7   13.6  824.50    1702     2170
2014-08-17 06:00:00    461570400  ***  ***    0.0    0.0    0.0   15.8   15.8   81.0   15.7   12.5   13.6  824.70    1700     2187
2014-08-17 06:20:00    461571600  ***  ***    0.6    0.6    0.6   16.3   16.3   80.2   16.1   12.9   14.1  824.70    1701     2207
2014-08-17 06:40:00    461572800  ***  ***    0.0    0.0    0.0   15.9   15.9   85.0   15.9   13.4   14.3  824.70    1700     2194
2014-08-17 07:00:00    461574000  ***  ***    0.0    0.0    0.0   16.7   16.7   83.2   16.7   13.8   14.8  824.80    1699     2221
2014-08-17 07:20:00    461575200  ***  ***    0.4    0.4    0.4   17.9   17.9   82.6   17.9   14.8   15.8  824.90    1699     2266
2014-08-17 07:40:00    461576400  ***  ***    0.0    0.0    0.0   20.4   20.4   72.3   20.5   15.3   16.9  824.70    1700     2356
2014-08-17 08:00:00    461577600  ***  ***    0.0    0.0    0.0   22.7   22.7   66.9   23.0   16.2   18.1  824.50    1702     2440
2014-08-17 08:20:00    461578800  ***  ***    0.0    0.0    0.0   25.9   25.9   65.0   26.9   18.8   20.7  824.40    1703     2560
2014-08-17 08:40:00    461580000  ***  ***    0.0    0.0    0.0   29.4   29.4   56.0   31.8   19.7   22.2  824.30    1705     2685
2014-08-17 09:00:00    461581200  ***  ***    0.4    0.4    0.4   27.3   27.3   55.6   28.0   17.6   20.3  824.60    1702     2599
2014-08-17 09:20:00    461582400  ***  ***    0.7    0.7    0.7   30.5   30.5   46.9   32.1   17.9   21.3  824.30    1704     2708
2014-08-17 09:40:00    461583600  ***  ***    0.4    0.4    0.4   28.9   28.9   51.4   30.1   17.8   20.8  824.40    1704     2653
2014-08-17 10:00:00    461584800  ***  ***    0.6    0.6    0.6   26.6   26.6   55.3   27.0   16.9   19.7  824.40    1704     2575
2014-08-17 10:20:00    461586000  ***  ***    0.4    0.4    0.4   26.6   26.6   57.6   27.2   17.5   20.0  824.60    1702     2575
2014-08-17 10:40:00    461587200  ***  ***    1.0    1.0    1.0   28.5   28.5   57.7   30.3   19.4   21.7  824.50    1703     2652
2014-08-17 11:00:00    461588400  ***  ***    0.5    0.5    0.5   30.1   30.1   47.4   31.5   17.7   21.1  824.50    1703     2691
2014-08-17 11:20:00    461589600  ***  ***    0.9    0.9    0.9   26.8   26.8   53.9   27.1   16.7   19.6  824.30    1705     2581
2014-08-17 11:40:00    461590800  ***  ***    0.7    0.7    0.7   29.6   29.6   50.0   31.2   18.1   21.2  824.30    1705     2680
2014-08-17 12:00:00    461592000  ***  ***    0.0    0.0    0.0   26.7   26.7   54.9   27.1   16.9   19.7  824.20    1706     2581
2014-08-17 12:20:00    461593200  ***  ***    0.0    0.0    0.0   25.9   25.9   58.1   26.2   17.1   19.6  824.00    1707     2557
2014-08-17 12:40:00    461594400  ***  ***    0.0    0.0    0.0   24.3   24.3   60.2   24.3   16.1   18.5  824.00    1707     2497
2014-08-17 13:00:00    461595600  ***  ***    0.5    0.5    0.5   22.4   22.4   51.7   22.0   12.0   15.5  824.00    1707     2416
2014-08-17 13:20:00    461596800  ***  ***    0.3    0.3    0.3   19.3   19.3   89.2   19.7   17.4   18.0  824.10    1707     2337
2014-08-17 13:40:00    461598000  ***  ***    0.0    0.0    0.0   19.7   19.7   86.9   20.2   17.4   18.1  823.90    1709     2354
2014-08-17 14:00:00    461599200  ***  ***    0.0    0.0    0.0   20.0   20.0   82.7   20.4   17.0   17.9  823.50    1713     2367
2014-08-17 14:20:00    461600400  ***  ***    0.6    0.6    0.6   21.7   21.7   77.9   22.3   17.7   18.9  823.00    1717     2434
2014-08-17 14:40:00    461601600  ***  ***    0.9    0.9    0.9   29.7   29.7   53.0   31.8   19.1   21.9  822.50    1722     2709
2014-08-17 15:00:00    461602800  ***  ***    0.5    0.5    0.5   33.5   33.5   39.0   35.8   17.7   22.0  822.00    1727     2832
2014-08-17 15:20:00    461604000  ***  ***    0.6    0.6    0.6   34.7   34.7   39.5   38.1   18.9   22.9  821.80    1729     2876
2014-08-17 15:40:00    461605200  ***  ***    0.0    0.0    0.0   35.5   35.5   32.6   37.4   16.6   21.8  821.80    1729     2891
2014-08-17 16:00:00    461606400  ***  ***    0.0    0.0    0.0   34.2   34.2   32.2   35.1   15.3   20.7  821.70    1731     2844
2014-08-17 16:20:00    461607600  ***  ***    0.7    0.7    0.7   37.7   37.7   36.8   43.1   20.4   24.6  821.50    1733     2985
2014-08-17 16:40:00    461608800  ***  ***    0.7    0.7    0.7   31.7   31.7   34.8   31.8   14.3   19.5  821.50    1733     2762
2014-08-17 17:00:00    461610000  ***  ***    0.6    0.6    0.6   25.6   25.6   58.1   25.8   16.8   19.3  821.40    1733     2577
2014-08-17 17:20:00    461611200  ***  ***    0.6    0.6    0.6   24.1   24.1   54.6   23.7   14.3   17.3  821.40    1733     2515
2014-08-17 17:40:00    461612400  ***  ***    0.6    0.6    0.6   21.4   21.4   70.1   21.7   15.7   17.4  821.90    1729     2426
2014-08-17 18:00:00    461613600  ***  ***    1.7    1.7    1.7   21.8   21.8   55.1   21.6   12.4   15.6  822.90    1719     2410
2014-08-17 18:20:00    461614800  ***  ***    0.7    0.7    0.7   20.2   20.2   61.4   19.7   12.5   15.1  822.90    1719     2358
2014-08-17 18:40:00    461616000  ***  ***    0.0    0.0    0.0   18.4   18.4   73.0   17.8   13.5   15.1  823.10    1717     2300
2014-08-17 19:00:00    461617200  ***  ***    0.5    0.5    0.5   18.3   18.3   71.3   17.7   13.0   14.8  822.80    1720     2296
2014-08-17 19:20:00    461618400  ***  ***    0.5    0.5    0.5   18.0   18.0   77.5   17.7   14.0   15.3  823.10    1717     2288
2014-08-17 19:40:00    461619600  ***  ***    0.8    0.8    0.8   16.5   16.5   91.2   16.8   15.1   15.6  823.10    1717     2244
2014-08-17 20:00:00    461620800  ***  ***    0.5    0.5    0.5   15.9   15.9   98.1   16.5   15.6   15.7  822.70    1720     2228
2014-08-17 20:20:00    461622000  ***  ***    0.0    0.0    0.0   16.0   16.0   97.5   16.6   15.6   15.7  822.60    1722     2233
2014-08-17 20:40:00    461623200  ***  ***    0.0    0.0    0.0   16.1   16.1   93.8   16.6   15.1   15.4  822.90    1719     2231
2014-08-17 21:00:00    461624400  ***  ***    0.0    0.0    0.0   15.9   15.9   97.0   16.5   15.5   15.6  823.40    1714     2222
2014-08-17 21:20:00    461625600  ***  ***    0.4    0.4    0.4   15.7   15.7   99.1   16.3   15.5   15.6  823.90    1709     2207
2014-08-17 21:40:00    461626800  ***  ***    0.0    0.0    0.0   15.4   15.4   98.0   16.0   15.1   15.2  823.90    1708     2194
2014-08-17 22:00:00    461628000  ***  ***    0.0    0.0    0.0   15.6   15.6   93.3   16.0   14.5   14.9  824.20    1705     2193
2014-08-17 22:20:00    461629200  ***  ***    0.0    0.0    0.0   15.9   15.9   92.1   16.3   14.6   15.0  824.20    1706     2206
2014-08-17 22:40:00    461630400  ***  ***    1.3    1.3    1.2   17.6   17.6   73.7   17.1   12.8   14.5  823.90    1709     2259
2014-08-17 23:00:00    461631600  ***  ***    0.0    0.0    0.0   15.8   15.8   87.9   15.9   13.8   14.5  823.70    1711     2204
2014-08-17 23:20:00    461632800  ***  ***    0.0    0.0    0.0   15.4   15.4   95.4   15.9   14.7   14.9  823.40    1714     2200
2014-08-17 23:40:00    461634000  ***  ***    0.0    0.0    0.0   15.5   15.5   91.9   15.9   14.2   14.6  823.20    1715     2203
2014-08-18 00:00:00    461635200  ***  ***    0.0    0.0    0.0   15.4   15.4   94.4   15.9   14.5   14.8  823.00    1718     2203
2014-08-18 00:20:00    461636400  ***  ***    0.0    0.0    0.0   15.0   15.0   97.7   15.6   14.6   14.7  822.80    1720     2193
2014-08-18 00:40:00    461637600  ***  ***    0.0    0.0    0.0   15.0   15.0   93.1   15.4   13.9   14.3  822.90    1719     2188
2014-08-18 01:00:00    461638800  ***  ***    0.0    0.0    0.0   14.8   14.8   94.8   15.2   14.0   14.3  822.70    1720     2182
2014-08-18 01:20:00    461640000  ***  ***    0.0    0.0    0.0   14.2   14.2   95.8   14.7   13.5   13.7  822.70    1721     2162
2014-08-18 01:40:00    461641200  ***  ***    0.0    0.0    0.0   13.6   13.6   97.7   14.1   13.3   13.4  822.60    1722     2142
2014-08-18 02:00:00    461642400  ***  ***    0.0    0.0    0.0   13.3   13.3   98.2   13.8   13.1   13.2  822.50    1723     2132
2014-08-18 02:20:00    461643600  ***  ***    0.0    0.0    0.0   13.5   13.5   96.1   14.0   12.9   13.1  822.50    1723     2137
2014-08-18 02:40:00    461644800  ***  ***    0.0    0.0    0.0   13.1   13.1   98.3   13.6   12.8   12.9  822.70    1721     2119
2014-08-18 03:00:00    461646000  ***  ***    0.0    0.0    0.0   13.0   13.0   97.8   13.5   12.7   12.8  822.70    1721     2118
2014-08-18 03:20:00    461647200  ***  ***    0.0    0.0    0.0   13.1   13.1   96.7   13.6   12.6   12.8  822.60    1721     2119
2014-08-18 03:40:00    461648400  ***  ***    0.0    0.0    0.0   12.9   12.9   97.7   13.4   12.6   12.7  822.40    1723     2115
2014-08-18 04:00:00    461649600  ***  ***    0.0    0.0    0.0   13.2   13.2   95.8   13.7   12.5   12.7  822.40    1723     2124
2014-08-18 04:20:00    461650800  ***  ***    0.0    0.0    0.0   13.4   13.4   92.6   13.7   12.2   12.6  822.20    1726     2134
2014-08-18 04:40:00    461652000  ***  ***    0.5    0.5    0.5   14.1   14.1   88.7   14.3   12.3   12.9  822.00    1727     2159
2014-08-18 05:00:00    461653200  ***  ***    0.0    0.0    0.0   14.2   14.2   87.8   14.3   12.2   12.9  822.10    1727     2163
2014-08-18 05:20:00    461654400  ***  ***    0.0    0.0    0.0   13.6   13.6   91.9   13.9   12.3   12.7  822.40    1724     2138
2014-08-18 05:40:00    461655600  ***  ***    0.0    0.0    0.0   13.1   13.1   94.8   13.5   12.3   12.6  822.60    1721     2119
2014-08-18 06:00:00    461656800  ***  ***    0.0    0.0    0.0   13.1   13.1   96.2   13.6   12.5   12.7  822.70    1720     2117
2014-08-18 06:20:00    461658000  ***  ***    0.0    0.0    0.0   13.2   13.2   96.3   13.7   12.6   12.8  822.80    1719     2120
2014-08-18 06:40:00    461659200  ***  ***    0.0    0.0    0.0   13.5   13.5   95.3   13.9   12.7   13.0  822.70    1720     2131
2014-08-18 07:00:00    461660400  ***  ***    0.0    0.0    0.0   14.3   14.3   92.0   14.6   13.0   13.4  822.70    1721     2161
2014-08-18 07:20:00    461661600  ***  ***    0.0    0.0    0.0   15.9   15.9   85.4   15.9   13.5   14.3  822.70    1721     2220
2014-08-18 07:40:00    461662800  ***  ***    0.0    0.0    0.0   18.6   18.6   75.3   18.2   14.1   15.6  822.80    1720     2312
2014-08-18 08:00:00    461664000  ***  ***    0.4    0.4    0.4   22.6   22.6   56.7   22.4   13.6   16.5  822.80    1719     2444
2014-08-18 08:20:00    461665200  ***  ***    0.0    0.0    0.0   22.0   22.0   56.1   21.8   12.8   15.8  823.10    1717     2416
2014-08-18 08:40:00    461666400  ***  ***    0.7    0.7    0.7   21.7   21.7   66.2   22.0   15.1   17.2  823.10    1717     2419
2014-08-18 09:00:00    461667600  ***  ***    0.0    0.0    0.0   23.4   23.4   64.3   23.6   16.3   18.4  823.10    1717     2481
2014-08-18 09:20:00    461668800  ***  ***    0.7    0.7    0.7   23.4   23.4   61.5   23.5   15.5   17.9  823.00    1718     2478
2014-08-18 09:40:00    461670000  ***  ***    0.5    0.5    0.5   23.3   23.3   64.7   23.5   16.3   18.4  823.30    1714     2473
2014-08-18 10:00:00    461671200  ***  ***    0.0    0.0    0.0   27.0   27.0   54.8   27.5   17.1   19.9  823.40    1713     2600
2014-08-18 10:20:00    461672400  ***  ***    0.0    0.0    0.0   25.5   25.5   59.3   25.8   17.0   19.4  823.60    1712     2548
2014-08-18 10:40:00    461673600  ***  ***    1.0    1.0    1.0   24.1   24.1   64.3   24.3   17.0   19.1  823.10    1716     2508
2014-08-18 11:00:00    461674800  ***  ***    0.5    0.5    0.5   24.6   24.6   60.4   24.6   16.4   18.8  822.90    1718     2522
2014-08-18 11:20:00    461676000  ***  ***    0.0    0.0    0.0   23.4   23.4   61.3   23.4   15.6   17.9  822.70    1720     2482
2014-08-18 11:40:00    461677200  ***  ***    0.0    0.0    0.0   23.7   23.7   64.2   23.9   16.6   18.7  822.70    1721     2499
2014-08-18 12:00:00    461678400  ***  ***    0.0    0.0    0.0   25.5   25.5   58.4   25.7   16.8   19.3  822.40    1724     2563
2014-08-18 12:20:00    461679600  ***  ***    0.0    0.0    0.0   23.8   23.8   62.0   23.9   16.0   18.3  822.30    1725     2501
2014-08-18 12:40:00    461680800  ***  ***    0.4    0.4    0.4   21.2   21.2   70.9   21.4   15.7   17.3  822.20    1725     2415
2014-08-18 13:00:00    461682000  ***  ***    0.0    0.0    0.0   17.6   17.6   94.6   18.1   16.7   17.0  822.50    1722     2294
2014-08-18 13:20:00    461683200  ***  ***    0.0    0.0    0.0   17.0   17.0  100.0   17.8   17.0   17.0  822.20    1725     2278
2014-08-18 13:40:00    461684400  ***  ***    0.0    0.0    0.0   16.7   16.7  100.0   17.5   16.7   16.7  822.00    1727     2271
2014-08-18 14:00:00    461685600  ***  ***    0.0    0.0    0.0   17.8   17.8  100.0   18.6   17.8   17.8  821.80    1729     2317
2014-08-18 14:20:00    461686800  ***  ***    0.0    0.0    0.0   17.9   17.9  100.0   18.7   17.9   17.9  821.60    1731     2323
2014-08-18 14:40:00    461688000  ***  ***    0.0    0.0    0.0   18.8   18.8   82.8   18.9   15.9   16.8  821.20    1735     2348
2014-08-18 15:00:00    461689200  ***  ***    0.6    0.6    0.6   19.3   19.3   72.9   19.0   14.3   15.9  821.00    1738     2361
2014-08-18 15:20:00    461690400  ***  ***    0.0    0.0    0.0   20.2   20.2   74.3   20.2   15.5   16.9  820.80    1739     2396
2014-08-18 15:40:00    461691600  ***  ***    0.5    0.5    0.5   23.8   23.8   72.5   24.5   18.5   20.0  820.60    1742     2537
2014-08-18 16:00:00    461692800  ***  ***    0.8    0.8    0.8   30.2   30.2   54.9   33.1   20.1   22.6  820.50    1742     2757
2014-08-18 16:20:00    461694000  ***  ***    0.0    0.0    0.0   25.8   25.8   64.3   26.6   18.5   20.5  820.40    1744     2604
2014-08-18 16:40:00    461695200  ***  ***    0.0    0.0    0.0   23.6   23.6   71.1   24.1   18.1   19.6  820.20    1746     2532
2014-08-18 17:00:00    461696400  ***  ***    0.4    0.4    0.4   23.9   23.9   59.8   23.8   15.6   18.1  820.60    1742     2523
2014-08-18 17:20:00    461697600  ***  ***    0.0    0.0    0.0   27.2   27.2   51.6   27.4   16.4   19.5  820.10    1746     2645
2014-08-18 17:40:00    461698800  ***  ***    0.6    0.6    0.6   28.0   28.0   46.8   28.0   15.6   19.2  820.10    1746     2664
2014-08-18 18:00:00    461700000  ***  ***    0.0    0.0    0.0   22.7   22.7   74.4   23.3   17.9   19.2  820.40    1744     2499
2014-08-18 18:20:00    461701200  ***  ***    0.0    0.0    0.0   21.4   21.4   78.2   21.9   17.5   18.6  820.40    1742     2454
2014-08-18 18:40:00    461702400  ***  ***    0.0    0.0    0.0   20.4   20.4   76.8   20.6   16.2   17.5  821.00    1738     2407
2014-08-18 19:00:00    461703600  ***  ***    0.4    0.4    0.4   20.9   20.9   64.9   20.8   14.1   16.3  821.20    1735     2410
2014-08-18 19:20:00    461704800  ***  ***    0.3    0.3    0.3   20.2   20.2   69.1   20.1   14.4   16.3  821.70    1731     2383
2014-08-18 19:40:00    461706000  ***  ***    0.0    0.0    0.0   20.0   20.0   70.2   19.8   14.5   16.3  821.80    1729     2376
2014-08-18 20:00:00    461707200  ***  ***    0.0    0.0    0.0   19.7   19.7   71.7   19.5   14.5   16.2  821.70    1729     2366
2014-08-18 20:20:00    461708400  ***  ***    0.0    0.0    0.0   18.3   18.3   85.5   18.4   15.8   16.6  821.90    1729     2323
2014-08-18 20:40:00    461709600  ***  ***    0.0    0.0    0.0   18.1   18.1   89.1   18.3   16.2   16.8  822.10    1727     2315
2014-08-18 21:00:00    461710800  ***  ***    0.0    0.0    0.0   19.0   19.0   74.9   18.7   14.5   15.9  822.30    1725     2335
2014-08-18 21:20:00    461712000  ***  ***    0.0    0.0    0.0   18.2   18.2   84.9   18.2   15.6   16.4  822.20    1725     2313
2014-08-18 21:40:00    461713200  ***  ***    0.0    0.0    0.0   17.4   17.4   87.0   17.5   15.2   15.9  822.50    1722     2280
2014-08-18 22:00:00    461714400  ***  ***    0.0    0.0    0.0   16.5   16.5   93.8   17.0   15.5   15.8  822.60    1721     2248
2014-08-18 22:20:00    461715600  ***  ***    0.0    0.0    0.0   16.1   16.1   97.4   16.7   15.7   15.8  822.60    1722     2237
2014-08-18 22:40:00    461716800  ***  ***    0.0    0.0    0.0   16.1   16.1   98.7   16.8   15.9   16.0  822.70    1721     2237
2014-08-18 23:00:00    461718000  ***  ***    0.0    0.0    0.0   16.3   16.3   98.7   17.0   16.0   16.1  822.50    1723     2247
2014-08-18 23:20:00    461719200  ***  ***    0.0    0.0    0.0   16.5   16.5   96.7   17.1   16.0   16.2  822.30    1724     2256
2014-08-18 23:40:00    461720400  ***  ***    0.0    0.0    0.0   16.6   16.6   94.8   17.1   15.8   16.1  822.20    1726     2260
2014-08-19 00:00:00    461721600  ***  ***    0.0    0.0    0.0   16.9   16.9   94.4   17.4   16.0   16.3  822.10    1726     2272
2014-08-19 00:20:00    461722800  ***  ***    0.0    0.0    0.0   16.7   16.7   95.4   17.2   16.0   16.2  821.90    1727     2267
2014-08-19 00:40:00    461724000  ***  ***    0.0    0.0    0.0   16.9   16.9   95.7   17.5   16.2   16.4  821.80    1729     2277
2014-08-19 01:00:00    461725200  ***  ***    0.0    0.0    0.0   17.1   17.1   93.5   17.5   16.1   16.4  821.70    1731     2285
2014-08-19 01:20:00    461726400  ***  ***    0.0    0.0    0.0   17.2   17.2   96.7   17.8   16.7   16.9  821.60    1731     2294
2014-08-19 01:40:00    461727600  ***  ***    0.0    0.0    0.0   17.3   17.3   95.6   17.8   16.6   16.8  821.50    1731     2297
2014-08-19 02:00:00    461728800  ***  ***    0.0    0.0    0.0   17.3   17.3   95.2   17.8   16.5   16.8  821.70    1731     2293
2014-08-19 02:20:00    461730000  ***  ***    0.0    0.0    0.0   17.2   17.2   94.3   17.7   16.3   16.5  821.70    1729     2288
2014-08-19 02:40:00    461731200  ***  ***    0.0    0.0    0.0   16.8   16.8   98.7   17.5   16.6   16.7  821.70    1731     2280
2014-08-19 03:00:00    461732400  ***  ***    0.0    0.0    0.0   16.7   16.7   99.8   17.5   16.6   16.6  821.50    1733     2276
2014-08-19 03:20:00    461733600  ***  ***    0.0    0.0    0.0   16.7   16.7  100.0   17.5   16.7   16.7  821.40    1733     2278
2014-08-19 03:40:00    461734800  ***  ***    0.0    0.0    0.0   16.6   16.6  100.0   17.4   16.6   16.6  821.40    1733     2273
2014-08-19 04:00:00    461736000  ***  ***    0.0    0.0    0.0   16.6   16.6  100.0   17.4   16.6   16.6  821.40    1733     2275
2014-08-19 04:20:00    461737200  ***  ***    0.0    0.0    0.0   16.6   16.6  100.0   17.4   16.6   16.6  821.20    1735     2277
2014-08-19 04:40:00    461738400  ***  ***    0.0    0.0    0.0   16.6   16.6  100.0   17.4   16.6   16.6  821.20    1735     2279
2014-08-19 05:00:00    461739600  ***  ***    0.0    0.0    0.0   16.6   16.6  100.0   17.4   16.6   16.6  821.20    1735     2276
2014-08-19 05:20:00    461740800  ***  ***    0.0    0.0    0.0   16.7   16.7  100.0   17.5   16.7   16.7  821.10    1735     2281
2014-08-19 05:40:00    461742000  ***  ***    0.0    0.0    0.0   16.6   16.6  100.0   17.4   16.6   16.6  821.00    1738     2279
2014-08-19 06:00:00    461743200  ***  ***    0.0    0.0    0.0   16.2   16.2  100.0   16.9   16.2   16.2  821.20    1735     2260
2014-08-19 06:20:00    461744400  ***  ***    0.0    0.0    0.0   16.5   16.5  100.0   17.3   16.5   16.5  821.40    1733     2271
2014-08-19 06:40:00    461745600  ***  ***    0.0    0.0    0.0   16.8   16.8  100.0   17.6   16.8   16.8  821.50    1731     2279
2014-08-19 07:00:00    461746800  ***  ***    0.0    0.0    0.0   17.5   17.5   97.0   18.1   17.0   17.2  821.70    1729     2302
2014-08-19 07:20:00    461748000  ***  ***    0.0    0.0    0.0   18.8   18.8   88.9   19.1   17.0   17.5  821.60    1731     2350
2014-08-19 07:40:00    461749200  ***  ***    0.0    0.0    0.0   19.9   19.9   81.5   20.2   16.6   17.6  821.70    1731     2383
2014-08-19 08:00:00    461750400  ***  ***    0.4    0.4    0.4   21.4   21.4   77.8   21.9   17.4   18.6  821.80    1729     2438
2014-08-19 08:20:00    461751600  ***  ***    0.0    0.0    0.0   20.4   20.4   76.5   20.6   16.1   17.4  821.80    1729     2396
2014-08-19 08:40:00    461752800  ***  ***    0.7    0.7    0.7   19.8   19.8   80.5   20.0   16.3   17.3  822.00    1727     2373
2014-08-19 09:00:00    461754000  ***  ***    0.0    0.0    0.0   21.3   21.3   74.1   21.7   16.5   18.0  822.10    1727     2426
2014-08-19 09:20:00    461755200  ***  ***    0.0    0.0    0.0   21.2   21.2   74.3   21.6   16.5   17.9  822.20    1725     2419
2014-08-19 09:40:00    461756400  ***  ***    0.8    0.8    0.8   21.6   21.6   74.1   22.1   16.8   18.2  822.30    1725     2434
2014-08-19 10:00:00    461757600  ***  ***    0.0    0.0    0.0   21.1   21.1   72.1   21.4   15.9   17.5  822.20    1725     2411
2014-08-19 10:20:00    461758800  ***  ***    0.0    0.0    0.0   21.9   21.9   73.6   22.4   17.0   18.4  821.80    1729     2451
2014-08-19 10:40:00    461760000  ***  ***    0.0    0.0    0.0   21.5   21.5   70.7   21.9   15.9   17.6  821.90    1729     2430
2014-08-19 11:00:00    461761200  ***  ***    1.2    1.2    1.2   21.6   21.6   71.2   22.0   16.2   17.8  821.90    1729     2436
2014-08-19 11:20:00    461762400  ***  ***    0.0    0.0    0.0   26.6   26.6   57.9   27.2   17.6   20.1  821.70    1731     2611
2014-08-19 11:40:00    461763600  ***  ***    0.0    0.0    0.0   17.8   17.8   83.8   17.8   15.0   15.9  821.80    1729     2301
2014-08-19 12:00:00    461764800  ***  ***    0.0    0.0    0.0   15.5   15.5   97.4   16.0   15.1   15.2  822.20    1725     2220
2014-08-19 12:20:00    461766000  ***  ***    0.0    0.0    0.0   15.3   15.3  100.0   16.0   15.3   15.3  822.30    1724     2210
2014-08-19 12:40:00    461767200  ***  ***    0.0    0.0    0.0   15.7   15.7  100.0   16.4   15.7   15.7  822.30    1724     2227
2014-08-19 13:00:00    461768400  ***  ***    0.0    0.0    0.0   15.6   15.6  100.0   16.3   15.6   15.6  822.20    1726     2226
2014-08-19 13:20:00    461769600  ***  ***    0.0    0.0    0.0   16.4   16.4  100.0   17.2   16.4   16.4  822.00    1727     2257
2014-08-19 13:40:00    461770800  ***  ***    0.0    0.0    0.0   16.4   16.4  100.0   17.2   16.4   16.4  821.90    1729     2261
2014-08-19 14:00:00    461772000  ***  ***    0.0    0.0    0.0   16.7   16.7  100.0   17.5   16.7   16.7  821.80    1729     2272
2014-08-19 14:20:00    461773200  ***  ***    0.0    0.0    0.0   16.5   16.5  100.0   17.3   16.5   16.5  821.60    1731     2266
2014-08-19 14:40:00    461774400  ***  ***    0.0    0.0    0.0   16.6   16.6  100.0   17.4   16.6   16.6  821.50    1733     2273
2014-08-19 15:00:00    461775600  ***  ***    0.0    0.0    0.0   17.8   17.8  100.0   18.6   17.8   17.8  821.10    1737     2327
2014-08-19 15:20:00    461776800  ***  ***    0.0    0.0    0.0   18.0   18.0   99.6   18.8   17.9   17.9  821.00    1738     2334
2014-08-19 15:40:00    461778000  ***  ***    0.0    0.0    0.0   20.2   20.2   91.2   20.9   18.8   19.2  820.50    1742     2421
2014-08-19 16:00:00    461779200  ***  ***    0.4    0.4    0.4   24.7   24.7   78.1   25.9   20.6   21.7  820.20    1744     2584
2014-08-19 16:20:00    461780400  ***  ***    0.5    0.5    0.5   21.0   21.0   83.1   21.6   18.1   18.9  820.30    1744     2446
2014-08-19 16:40:00    461781600  ***  ***    0.7    0.7    0.7   18.9   18.9   82.7   19.0   15.8   16.8  820.70    1740     2356
2014-08-19 17:00:00    461782800  ***  ***    0.0    0.0    0.0   17.9   17.9   83.3   17.9   15.0   15.9  820.80    1739     2315
2014-08-19 17:20:00    461784000  ***  ***    0.0    0.0    0.0   17.1   17.1   85.0   17.1   14.5   15.3  820.50    1742     2291
2014-08-19 17:40:00    461785200  ***  ***    0.0    0.0    0.0   16.6   16.6   96.8   17.2   16.1   16.3  820.40    1742     2283
2014-08-19 18:00:00    461786400  ***  ***    0.0    0.0    0.0   16.0   16.0   96.0   16.6   15.4   15.6  820.30    1744     2260
2014-08-19 18:20:00    461787600  ***  ***    0.0    0.0    0.0   16.0   16.0   94.9   16.5   15.2   15.5  820.40    1744     2259
2014-08-19 18:40:00    461788800  ***  ***    0.0    0.0    0.0   15.8   15.8  100.0   16.5   15.8   15.8  820.20    1744     2256
2014-08-19 19:00:00    461790000  ***  ***    0.0    0.0    0.0   15.6   15.6   93.9   16.1   14.6   14.9  820.60    1742     2238
2014-08-19 19:20:00    461791200  ***  ***    0.5    0.5    0.5   15.6   15.6   97.6   16.2   15.2   15.3  820.60    1742     2242
2014-08-19 19:40:00    461792400  ***  ***    0.0    0.0    0.0   15.1   15.1   97.8   15.7   14.8   14.9  821.00    1738     2220
2014-08-19 20:00:00    461793600  ***  ***    0.0    0.0    0.0   14.9   14.9   99.3   15.5   14.8   14.8  821.20    1735     2211
2014-08-19 20:20:00    461794800  ***  ***    0.0    0.0    0.0   14.6   14.6  100.0   15.3   14.6   14.6  821.10    1735     2199
2014-08-19 20:40:00    461796000  ***  ***    0.0    0.0    0.0   14.4   14.4  100.0   15.1   14.4   14.4  821.40    1733     2189
2014-08-19 21:00:00    461797200  ***  ***    0.0    0.0    0.0   14.1   14.1  100.0   14.7   14.1   14.1  821.60    1731     2173
2014-08-19 21:20:00    461798400  ***  ***    0.0    0.0    0.0   14.0   14.0  100.0   14.6   14.0   14.0  821.70    1729     2169
2014-08-19 21:40:00    461799600  ***  ***    0.0    0.0    0.0   13.9   13.9  100.0   14.5   13.9   13.9  821.70    1729     2163
2014-08-19 22:00:00    461800800  ***  ***    0.0    0.0    0.0   14.1   14.1  100.0   14.7   14.1   14.1  821.80    1729     2171
2014-08-19 22:20:00    461802000  ***  ***    0.0    0.0    0.0   14.2   14.2  100.0   14.8   14.2   14.2  821.60    1731     2177
2014-08-19 22:40:00    461803200  ***  ***    0.0    0.0    0.0   14.2   14.2  100.0   14.8   14.2   14.2  821.60    1731     2176
2014-08-19 23:00:00    461804400  ***  ***    0.0    0.0    0.0   14.3   14.3  100.0   15.0   14.3   14.3  821.50    1733     2185
2014-08-19 23:20:00    461805600  ***  ***    0.0    0.0    0.0   14.3   14.3  100.0   15.0   14.3   14.3  821.30    1733     2184
2014-08-19 23:40:00    461806800  ***  ***    0.0    0.0    0.0   14.2   14.2  100.0   14.8   14.2   14.2  821.30    1733     2181
2014-08-20 00:00:00    461808000  ***  ***    0.0    0.0    0.0   14.1   14.1  100.0   14.7   14.1   14.1  821.00    1737     2181
2014-08-20 00:20:00    461809200  ***  ***    0.0    0.0    0.0   14.0   14.0  100.0   14.6   14.0   14.0  821.10    1737     2177
2014-08-20 00:40:00    461810400  ***  ***    0.0    0.0    0.0   13.9   13.9  100.0   14.5   13.9   13.9  821.30    1733     2168
2014-08-20 01:00:00    461811600  ***  ***    0.0    0.0    0.0   14.1   14.1  100.0   14.7   14.1   14.1  821.50    1733     2174
2014-08-20 01:20:00    461812800  ***  ***    0.0    0.0    0.0   14.2   14.2  100.0   14.8   14.2   14.2  821.30    1735     2180
2014-08-20 01:40:00    461814000  ***  ***    0.0    0.0    0.0   14.4   14.4  100.0   15.1   14.4   14.4  821.50    1733     2188
2014-08-20 02:00:00    461815200  ***  ***    0.0    0.0    0.0   14.8   14.8  100.0   15.5   14.8   14.8  821.50    1733     2201
2014-08-20 02:20:00    461816400  ***  ***    0.0    0.0    0.0   14.9   14.9  100.0   15.6   14.9   14.9  821.30    1735     2209
2014-08-20 02:40:00    461817600  ***  ***    0.0    0.0    0.0   15.1   15.1  100.0   15.8   15.1   15.1  821.50    1733     2216
2014-08-20 03:00:00    461818800  ***  ***    0.0    0.0    0.0   15.0   15.0  100.0   15.7   15.0   15.0  821.50    1731     2209
2014-08-20 03:20:00    461820000  ***  ***    0.0    0.0    0.0   15.0   15.0  100.0   15.7   15.0   15.0  821.60    1731     2209
2014-08-20 03:40:00    461821200  ***  ***    0.0    0.0    0.0   15.0   15.0  100.0   15.7   15.0   15.0  821.50    1733     2211
2014-08-20 04:00:00    461822400  ***  ***    0.0    0.0    0.0   15.1   15.1  100.0   15.8   15.1   15.1  821.60    1731     2214
2014-08-20 04:20:00    461823600  ***  ***    0.0    0.0    0.0   15.1   15.1  100.0   15.8   15.1   15.1  821.70    1731     2211
2014-08-20 04:40:00    461824800  ***  ***    0.0    0.0    0.0   14.9   14.9  100.0   15.6   14.9   14.9  821.70    1731     2203
2014-08-20 05:00:00    461826000  ***  ***    0.0    0.0    0.0   15.1   15.1  100.0   15.8   15.1   15.1  821.70    1729     2209
2014-08-20 05:20:00    461827200  ***  ***    0.0    0.0    0.0   15.0   15.0  100.0   15.7   15.0   15.0  821.80    1729     2207
2014-08-20 05:40:00    461828400  ***  ***    0.0    0.0    0.0   14.4   14.4  100.0   15.1   14.4   14.4  821.90    1729     2182
2014-08-20 06:00:00    461829600  ***  ***    0.0    0.0    0.0   14.3   14.3  100.0   15.0   14.3   14.3  822.20    1726     2174
2014-08-20 06:20:00    461830800  ***  ***    0.0    0.0    0.0   14.3   14.3  100.0   15.0   14.3   14.3  822.30    1725     2175
2014-08-20 06:40:00    461832000  ***  ***    0.0    0.0    0.0   14.4   14.4  100.0   15.1   14.4   14.4  822.40    1724     2176
2014-08-20 07:00:00    461833200  ***  ***    0.0    0.0    0.0   15.0   15.0  100.0   15.7   15.0   15.0  822.50    1723     2200
2014-08-20 07:20:00    461834400  ***  ***    0.0    0.0    0.0   16.0   16.0   99.6   16.7   16.0   16.0  822.60    1721     2237
2014-08-20 07:40:00    461835600  ***  ***    0.0    0.0    0.0   17.8   17.8   91.5   18.1   16.4   16.8  822.80    1720     2298
2014-08-20 08:00:00    461836800  ***  ***    0.0    0.0    0.0   20.5   20.5   79.9   20.9   16.9   18.0  822.80    1720     2390
2014-08-20 08:20:00    461838000  ***  ***    0.0    0.0    0.0   19.5   19.5   81.6   19.7   16.2   17.2  823.00    1717     2350
2014-08-20 08:40:00    461839200  ***  ***    0.0    0.0    0.0   19.3   19.3   80.1   19.3   15.8   16.9  823.00    1717     2341
2014-08-20 09:00:00    461840400  ***  ***    0.0    0.0    0.0   19.6   19.6   76.1   19.6   15.2   16.6  823.20    1716     2347
2014-08-20 09:20:00    461841600  ***  ***    0.4    0.4    0.4   26.1   26.1   56.6   26.4   16.8   19.4  823.20    1716     2573
2014-08-20 09:40:00    461842800  ***  ***    0.0    0.0    0.0   20.8   20.8   70.4   20.9   15.2   16.9  823.20    1716     2388
2014-08-20 10:00:00    461844000  ***  ***    0.0    0.0    0.0   23.9   23.9   62.1   24.0   16.2   18.5  823.30    1715     2493
2014-08-20 10:20:00    461845200  ***  ***    0.8    0.8    0.8   25.7   25.7   59.0   26.0   17.1   19.5  823.20    1715     2561
2014-08-20 10:40:00    461846400  ***  ***    0.3    0.3    0.3   26.2   26.2   55.8   26.5   16.6   19.4  823.10    1717     2574
2014-08-20 11:00:00    461847600  ***  ***    0.6    0.6    0.6   27.1   27.1   55.9   27.8   17.6   20.2  823.20    1716     2611
2014-08-20 11:20:00    461848800  ***  ***    0.0    0.0    0.0   24.8   24.8   66.1   25.2   18.0   19.9  823.00    1718     2537
2014-08-20 11:40:00    461850000  ***  ***    0.4    0.4    0.4   25.5   25.5   59.7   25.8   17.1   19.5  823.00    1718     2558
2014-08-20 12:00:00    461851200  ***  ***    0.0    0.0    0.0   23.6   23.6   64.5   23.8   16.5   18.6  822.70    1720     2492
2014-08-20 12:20:00    461852400  ***  ***    0.4    0.4    0.4   26.1   26.1   61.1   26.8   18.0   20.2  822.70    1720     2582
2014-08-20 12:40:00    461853600  ***  ***    0.0    0.0    0.0   24.4   24.4   56.4   24.1   15.1   18.0  822.60    1721     2512
2014-08-20 13:00:00    461854800  ***  ***    0.9    0.9    0.9   24.3   24.3   53.3   23.8   14.2   17.3  822.50    1722     2508
2014-08-20 13:20:00    461856000  ***  ***    0.5    0.5    0.5   26.6   26.6   58.6   27.3   17.9   20.3  822.30    1725     2606
2014-08-20 13:40:00    461857200  ***  ***    0.4    0.4    0.4   27.6   27.6   57.7   28.7   18.5   20.9  822.30    1725     2644
2014-08-20 14:00:00    461858400  ***  ***    0.4    0.4    0.4   28.0   28.0   52.3   28.6   17.3   20.3  821.80    1729     2653
2014-08-20 14:20:00    461859600  ***  ***    0.0    0.0    0.0   27.5   27.5   44.4   27.1   14.3   18.3  821.70    1731     2623
2014-08-20 14:40:00    461860800  ***  ***    0.4    0.4    0.4   27.2   27.2   46.9   27.0   14.9   18.6  821.60    1731     2618
2014-08-20 15:00:00    461862000  ***  ***    0.6    0.6    0.6   28.7   28.7   44.1   28.8   15.3   19.3  821.60    1731     2668
2014-08-20 15:20:00    461863200  ***  ***    0.3    0.3    0.3   23.8   23.8   49.5   23.1   12.6   16.3  821.20    1735     2499
2014-08-20 15:40:00    461864400  ***  ***    1.7    1.7    1.7   23.9   23.9   56.3   23.6   14.6   17.5  821.30    1733     2508
2014-08-20 16:00:00    461865600  ***  ***    0.5    0.5    0.5   22.1   22.1   62.4   22.2   14.6   16.9  821.60    1731     2445
2014-08-20 16:20:00    461866800  ***  ***    0.0    0.0    0.0   19.7   19.7   66.9   19.3   13.4   15.5  821.80    1729     2357
2014-08-20 16:40:00    461868000  ***  ***    0.6    0.6    0.6   19.6   19.6   69.7   19.3   13.9   15.8  821.70    1731     2358
2014-08-20 17:00:00    461869200  ***  ***    0.0    0.0    0.0   22.2   22.2   52.7   21.9   12.1   15.5  821.20    1735     2444
2014-08-20 17:20:00    461870400  ***  ***    0.0    0.0    0.0   22.1   22.1   59.0   22.0   13.7   16.4  820.90    1738     2451
2014-08-20 17:40:00    461871600  ***  ***    0.0    0.0    0.0   21.7   21.7   59.8   21.6   13.5   16.2  820.90    1738     2437
2014-08-20 18:00:00    461872800  ***  ***    0.0    0.0    0.0   23.2   23.2   55.4   22.9   13.8   16.8  820.90    1738     2487
2014-08-20 18:20:00    461874000  ***  ***    0.0    0.0    0.0   20.4   20.4   65.9   20.2   13.8   15.9  821.00    1737     2394
2014-08-20 18:40:00    461875200  ***  ***    0.0    0.0    0.0   19.8   19.8   79.0   20.0   16.1   17.2  821.00    1738     2385
2014-08-20 19:00:00    461876400  ***  ***    0.0    0.0    0.0   17.9   17.9   75.5   17.5   13.5   15.0  821.00    1738     2309
2014-08-20 19:20:00    461877600  ***  ***    0.0    0.0    0.0   16.9   16.9   76.0   16.5   12.6   14.1  821.20    1735     2266
2014-08-20 19:40:00    461878800  ***  ***    0.0    0.0    0.0   16.1   16.1   74.8   15.6   11.6   13.2  821.70    1729     2228
2014-08-20 20:00:00    461880000  ***  ***    0.0    0.0    0.0   16.3   16.3   69.7   15.6   10.8   12.8  822.00    1727     2229
2014-08-20 20:20:00    461881200  ***  ***    0.4    0.4    0.4   16.1   16.1   68.8   15.3   10.3   12.4  822.30    1725     2217
2014-08-20 20:40:00    461882400  ***  ***    0.0    0.0    0.0   16.2   16.2   66.8   15.4   10.0   12.3  822.60    1722     2216
2014-08-20 21:00:00    461883600  ***  ***    0.4    0.4    0.4   15.6   15.6   70.0   15.0   10.1   12.2  822.50    1723     2198
2014-08-20 21:20:00    461884800  ***  ***    0.7    0.7    0.7   15.6   15.6   70.3   15.0   10.2   12.2  822.80    1720     2195
2014-08-20 21:40:00    461886000  ***  ***    0.0    0.0    0.0   15.1   15.1   72.9   14.6   10.3   12.1  822.80    1720     2177
2014-08-20 22:00:00    461887200  ***  ***    0.0    0.0    0.0   14.5   14.5   76.4   14.1   10.4   11.9  822.90    1718     2156
2014-08-20 22:20:00    461888400  ***  ***    0.0    0.0    0.0   14.7   14.7   76.4   14.3   10.6   12.1  822.90    1719     2163
2014-08-20 22:40:00    461889600  ***  ***    1.0    1.0    1.0   14.7   14.7   77.2   14.4   10.7   12.2  822.80    1720     2164
2014-08-20 23:00:00    461890800  ***  ***    0.0    0.0    0.0   14.5   14.5   78.4   14.2   10.8   12.2  822.80    1719     2157
2014-08-20 23:20:00    461892000  ***  ***    0.0    0.0    0.0   14.2   14.2   79.6   14.0   10.7   12.0  822.70    1720     2148
2014-08-20 23:40:00    461893200  ***  ***    0.0    0.0    0.0   13.7   13.7   82.5   13.7   10.8   11.9  822.90    1719     2131
2014-08-21 00:00:00    461894400  ***  ***    0.0    0.0    0.0   14.1   14.1   79.5   13.9   10.6   11.9  822.80    1720     2144
2014-08-21 00:20:00    461895600  ***  ***    0.0    0.0    0.0   14.2   14.2   80.6   14.0   10.9   12.1  822.80    1719     2148
2014-08-21 00:40:00    461896800  ***  ***    0.0    0.0    0.0   14.4   14.4   79.3   14.2   10.9   12.2  822.70    1721     2157
2014-08-21 01:00:00    461898000  ***  ***    0.0    0.0    0.0   14.5   14.5   78.2   14.2   10.7   12.1  822.70    1721     2158
2014-08-21 01:20:00    461899200  ***  ***    0.0    0.0    0.0   14.5   14.5   78.1   14.2   10.8   12.2  822.30    1725     2166
2014-08-21 01:40:00    461900400  ***  ***    0.0    0.0    0.0   13.8   13.8   81.2   13.7   10.7   11.9  822.40    1724     2140
2014-08-21 02:00:00    461901600  ***  ***    0.0    0.0    0.0   13.9   13.9   80.9   13.8   10.7   11.9  822.30    1725     2145
2014-08-21 02:20:00    461902800  ***  ***    0.0    0.0    0.0   14.4   14.4   78.4   14.1   10.7   12.1  822.30    1725     2159
2014-08-21 02:40:00    461904000  ***  ***    0.4    0.4    0.4   15.0   15.0   74.7   14.5   10.5   12.2  822.20    1725     2180
2014-08-21 03:00:00    461905200  ***  ***    0.0    0.0    0.0   14.2   14.2   79.1   14.0   10.7   12.0  822.20    1725     2155
2014-08-21 03:20:00    461906400  ***  ***    0.0    0.0    0.0   14.1   14.1   80.0   13.9   10.7   12.0  822.40    1724     2150
2014-08-21 03:40:00    461907600  ***  ***    0.0    0.0    0.0   14.0   14.0   80.9   13.9   10.8   12.0  822.10    1726     2148
2014-08-21 04:00:00    461908800  ***  ***    0.0    0.0    0.0   14.1   14.1   80.0   13.9   10.7   12.0  822.30    1725     2150
2014-08-21 04:20:00    461910000  ***  ***    0.0    0.0    0.0   14.2   14.2   80.3   14.0   10.8   12.1  822.40    1724     2152
2014-08-21 04:40:00    461911200  ***  ***    0.0    0.0    0.0   14.0   14.0   79.5   13.8   10.5   11.8  822.30    1724     2146
2014-08-21 05:00:00    461912400  ***  ***    0.0    0.0    0.0   13.7   13.7   81.7   13.6   10.7   11.9  822.30    1724     2137
2014-08-21 05:20:00    461913600  ***  ***    0.0    0.0    0.0   13.8   13.8   81.2   13.7   10.6   11.8  822.50    1723     2136
2014-08-21 05:40:00    461914800  ***  ***    0.0    0.0    0.0   13.8   13.8   80.9   13.7   10.6   11.8  822.60    1721     2135
2014-08-21 06:00:00    461916000  ***  ***    0.0    0.0    0.0   13.5   13.5   82.7   13.5   10.6   11.7  822.90    1719     2122
2014-08-21 06:20:00    461917200  ***  ***    0.0    0.0    0.0   13.2   13.2   85.3   13.2   10.8   11.7  823.00    1717     2111
2014-08-21 06:40:00    461918400  ***  ***    0.0    0.0    0.0   14.2   14.2   80.2   14.0   10.8   12.1  823.10    1717     2144
2014-08-21 07:00:00    461919600  ***  ***    0.0    0.0    0.0   13.8   13.8   84.6   13.8   11.3   12.2  823.10    1717     2135
2014-08-21 07:20:00    461920800  ***  ***    0.4    0.4    0.4   16.3   16.3   77.7   16.0   12.4   13.7  823.30    1715     2221
2014-08-21 07:40:00    461922000  ***  ***    0.0    0.0    0.0   18.5   18.5   69.3   17.7   12.7   14.7  823.30    1715     2296
2014-08-21 08:00:00    461923200  ***  ***    0.0    0.0    0.0   23.7   23.7   54.6   23.3   14.0   17.1  823.60    1712     2475
2014-08-21 08:20:00    461924400  ***  ***    0.0    0.0    0.0   27.0   27.0   47.3   26.7   14.9   18.5  823.10    1716     2592
2014-08-21 08:40:00    461925600  ***  ***    0.0    0.0    0.0   26.2   26.2   51.6   26.1   15.4   18.6  823.50    1713     2565
2014-08-21 09:00:00    461926800  ***  ***    0.0    0.0    0.0   27.0   27.0   47.7   26.8   15.0   18.7  823.70    1711     2588
2014-08-21 09:20:00    461928000  ***  ***    0.0    0.0    0.0   29.6   29.6   48.5   30.9   17.6   20.9  823.70    1711     2683
2014-08-21 09:40:00    461929200  ***  ***    0.4    0.4    0.4   26.6   26.6   47.9   26.3   14.7   18.3  823.60    1712     2573
2014-08-21 10:00:00    461930400  ***  ***    0.0    0.0    0.0   29.3   29.3   42.0   29.4   15.0   19.3  823.50    1712     2661
2014-08-21 10:20:00    461931600  ***  ***    0.5    0.5    0.5   26.6   26.6   47.4   26.2   14.5   18.2  823.40    1714     2572
2014-08-21 10:40:00    461932800  ***  ***    1.8    1.8    1.8   25.8   25.8   52.3   25.6   15.3   18.5  823.40    1714     2553
2014-08-21 11:00:00    461934000  ***  ***    0.0    0.0    0.0   25.8   25.8   51.5   25.5   15.0   18.3  823.30    1714     2550
2014-08-21 11:20:00    461935200  ***  ***    0.0    0.0    0.0   24.3   24.3   57.1   24.1   15.3   18.0  823.30    1715     2504
2014-08-21 11:40:00    461936400  ***  ***    0.7    0.7    0.7   24.0   24.0   54.4   23.6   14.2   17.3  823.30    1714     2486
2014-08-21 12:00:00    461937600  ***  ***    0.0    0.0    0.0   26.4   26.4   50.9   26.3   15.5   18.7  823.10    1716     2575
2014-08-21 12:20:00    461938800  ***  ***    0.6    0.6    0.6   26.2   26.2   50.1   26.0   15.0   18.4  823.00    1718     2567
2014-08-21 12:40:00    461940000  ***  ***    0.5    0.5    0.5   27.3   27.3   45.0   26.9   14.3   18.3  823.10    1717     2598
2014-08-21 13:00:00    461941200  ***  ***    0.8    0.8    0.8   26.4   26.4   45.1   25.8   13.5   17.6  822.80    1720     2569
2014-08-21 13:20:00    461942400  ***  ***    0.9    0.9    0.9   27.5   27.5   47.0   27.4   15.2   18.9  822.60    1721     2617
2014-08-21 13:40:00    461943600  ***  ***    0.0    0.0    0.0   26.5   26.5   46.9   26.1   14.3   18.1  822.50    1723     2581
2014-08-21 14:00:00    461944800  ***  ***    0.0    0.0    0.0   26.2   26.2   49.3   25.9   14.8   18.2  822.30    1725     2575
2014-08-21 14:20:00    461946000  ***  ***    0.6    0.6    0.6   28.8   28.8   42.6   28.7   14.8   19.0  822.10    1726     2662
2014-08-21 14:40:00    461947200  ***  ***    0.0    0.0    0.0   26.9   26.9   46.5   26.5   14.5   18.3  821.80    1729     2602
2014-08-21 15:00:00    461948400  ***  ***    0.0    0.0    0.0   24.4   24.4   46.1   23.5   12.0   16.1  821.70    1731     2510
2014-08-21 15:20:00    461949600  ***  ***    0.0    0.0    0.0   23.2   23.2   49.0   22.6   11.9   15.7  821.60    1731     2472
2014-08-21 15:40:00    461950800  ***  ***    0.0    0.0    0.0   23.3   23.3   54.1   22.9   13.5   16.7  821.70    1731     2480
2014-08-21 16:00:00    461952000  ***  ***    0.0    0.0    0.0   22.4   22.4   59.4   22.3   14.1   16.7  821.90    1729     2451
2014-08-21 16:20:00    461953200  ***  ***    1.3    1.3    1.3   21.5   21.5   61.0   21.6   13.7   16.3  822.10    1727     2417
2014-08-21 16:40:00    461954400  ***  ***    0.0    0.0    0.0   21.5   21.5   61.6   21.6   13.8   16.3  822.30    1724     2415
2014-08-21 17:00:00    461955600  ***  ***    0.0    0.0    0.0   21.0   21.0   63.2   20.9   13.7   16.1  822.40    1723     2394
2014-08-21 17:20:00    461956800  ***  ***    0.0    0.0    0.0   20.9   20.9   63.5   20.8   13.7   16.0  822.50    1722     2392
2014-08-21 17:40:00    461958000  ***  ***    0.5    0.5    0.5   20.2   20.2   65.9   19.9   13.6   15.8  822.60    1722     2368
2014-08-21 18:00:00    461959200  ***  ***    0.0    0.0    0.0   20.2   20.2   70.8   20.1   14.7   16.4  822.70    1720     2370
2014-08-21 18:20:00    461960400  ***  ***    0.0    0.0    0.0   20.0   20.0   69.1   19.8   14.2   16.1  822.70    1720     2360
2014-08-21 18:40:00    461961600  ***  ***    0.0    0.0    0.0   19.3   19.3   75.1   19.2   14.8   16.2  823.00    1718     2337
2014-08-21 19:00:00    461962800  ***  ***    0.0    0.0    0.0   18.8   18.8   72.7   18.3   13.8   15.5  823.00    1717     2317
2014-08-21 19:20:00    461964000  ***  ***    0.0    0.0    0.0   17.8   17.8   79.6   17.6   14.3   15.4  823.00    1717     2285
2014-08-21 19:40:00    461965200  ***  ***    0.0    0.0    0.0   17.4   17.4   79.8   17.2   13.9   15.0  823.30    1715     2266
2014-08-21 20:00:00    461966400  ***  ***    0.0    0.0    0.0   16.3   16.3   85.9   16.3   14.0   14.8  823.40    1714     2227
2014-08-21 20:20:00    461967600  ***  ***    0.0    0.0    0.0   15.7   15.7   89.2   15.9   13.9   14.5  823.40    1714     2207
2014-08-21 20:40:00    461968800  ***  ***    0.0    0.0    0.0   15.5   15.5   89.2   15.7   13.7   14.3  823.70    1711     2195
2014-08-21 21:00:00    461970000  ***  ***    0.0    0.0    0.0   15.7   15.7   87.3   15.8   13.6   14.3  823.90    1708     2198
2014-08-21 21:20:00    461971200  ***  ***    0.0    0.0    0.0   15.2   15.2   89.3   15.4   13.4   14.0  824.00    1707     2177
2014-08-21 21:40:00    461972400  ***  ***    0.0    0.0    0.0   15.6   15.6   86.9   15.7   13.4   14.2  823.80    1710     2195
2014-08-21 22:00:00    461973600  ***  ***    0.3    0.3    0.3   15.5   15.5   84.8   15.5   12.9   13.8  823.80    1709     2188
2014-08-21 22:20:00    461974800  ***  ***    0.0    0.0    0.0   15.3   15.3   83.5   15.3   12.5   13.5  823.90    1709     2178
2014-08-21 22:40:00    461976000  ***  ***    0.0    0.0    0.0   14.9   14.9   83.7   14.9   12.1   13.1  824.10    1707     2161
2014-08-21 23:00:00    461977200  ***  ***    0.0    0.0    0.0   14.4   14.4   85.1   14.4   11.9   12.8  823.90    1708     2144
2014-08-21 23:20:00    461978400  ***  ***    0.0    0.0    0.0   14.6   14.6   80.6   14.4   11.3   12.5  824.00    1707     2148
2014-08-21 23:40:00    461979600  ***  ***    1.2    1.2    1.2   15.0   15.0   76.8   14.6   10.9   12.4  823.90    1709     2163
2014-08-22 00:00:00    461980800  ***  ***    0.0    0.0    0.0   14.7   14.7   76.9   14.4   10.7   12.2  823.60    1711     2153
2014-08-22 00:20:00    461982000  ***  ***    0.0    0.0    0.0   14.2   14.2   81.1   14.1   11.0   12.2  823.60    1712     2139
2014-08-22 00:40:00    461983200  ***  ***    0.0    0.0    0.0   14.6   14.6   76.1   14.2   10.4   12.0  823.50    1712     2150
2014-08-22 01:00:00    461984400  ***  ***    0.0    0.0    0.0   14.5   14.5   75.2   14.1   10.2   11.8  823.50    1713     2148
2014-08-22 01:20:00    461985600  ***  ***    0.0    0.0    0.0   14.4   14.4   79.2   14.2   10.8   12.2  823.10    1717     2150
2014-08-22 01:40:00    461986800  ***  ***    0.0    0.0    0.0   14.9   14.9   75.9   14.5   10.6   12.2  823.20    1715     2164
2014-08-22 02:00:00    461988000  ***  ***    0.0    0.0    0.0   14.6   14.6   75.4   14.2   10.3   11.9  822.90    1718     2156
2014-08-22 02:20:00    461989200  ***  ***    0.0    0.0    0.0   14.3   14.3   75.1   13.9   10.0   11.6  823.20    1716     2146
2014-08-22 02:40:00    461990400  ***  ***    0.0    0.0    0.0   13.7   13.7   83.3   13.7   11.0   12.0  823.20    1716     2128
2014-08-22 03:00:00    461991600  ***  ***    0.0    0.0    0.0   13.1   13.1   86.9   13.2   11.0   11.8  823.50    1713     2103
2014-08-22 03:20:00    461992800  ***  ***    0.0    0.0    0.0   12.8   12.8   87.9   12.9   10.8   11.6  823.40    1714     2091
2014-08-22 03:40:00    461994000  ***  ***    0.0    0.0    0.0   13.5   13.5   82.2   13.4   10.6   11.7  823.40    1714     2117
2014-08-22 04:00:00    461995200  ***  ***    0.0    0.0    0.0   13.4   13.4   81.0   13.3   10.3   11.4  823.20    1716     2115
2014-08-22 04:20:00    461996400  ***  ***    0.0    0.0    0.0   13.8   13.8   78.7   13.5   10.1   11.5  823.00    1718     2129
2014-08-22 04:40:00    461997600  ***  ***    0.3    0.3    0.3   14.2   14.2   78.5   13.9   10.5   11.9  822.80    1720     2146
2014-08-22 05:00:00    461998800  ***  ***    0.0    0.0    0.0   13.9   13.9   75.9   13.5    9.8   11.3  822.70    1720     2135
2014-08-22 05:20:00    462000000  ***  ***    0.0    0.0    0.0   14.2   14.2   76.1   13.8   10.1   11.6  823.20    1716     2141
2014-08-22 05:40:00    462001200  ***  ***    0.0    0.0    0.0   13.5   13.5   83.2   13.5   10.7   11.8  823.40    1714     2115
2014-08-22 06:00:00    462002400  ***  ***    0.0    0.0    0.0   13.0   13.0   85.1   13.0   10.6   11.5  823.50    1713     2099
2014-08-22 06:20:00    462003600  ***  ***    0.0    0.0    0.0   13.5   13.5   81.4   13.4   10.4   11.5  823.60    1711     2111
2014-08-22 06:40:00    462004800  ***  ***    0.0    0.0    0.0   13.3   13.3   83.8   13.3   10.6   11.6  823.80    1710     2104
2014-08-22 07:00:00    462006000  ***  ***    0.0    0.0    0.0   13.4   13.4   85.6   13.4   11.0   11.9  823.90    1709     2108
2014-08-22 07:20:00    462007200  ***  ***    0.0    0.0    0.0   14.7   14.7   82.2   14.6   11.7   12.8  823.70    1710     2159
2014-08-22 07:40:00    462008400  ***  ***    0.0    0.0    0.0   19.4   19.4   65.3   18.8   12.7   14.9  823.80    1709     2320
2014-08-22 08:00:00    462009600  ***  ***    0.0    0.0    0.0   22.0   22.0   53.0   21.7   12.0   15.4  823.80    1709     2406
2014-08-22 08:20:00    462010800  ***  ***    0.7    0.7    0.7   21.8   21.8   50.2   21.4   11.0   14.8  823.70    1710     2394
2014-08-22 08:40:00    462012000  ***  ***    0.6    0.6    0.6   23.2   23.2   52.2   22.7   12.8   16.2  823.80    1710     2447
2014-08-22 09:00:00    462013200  ***  ***    0.9    0.9    0.9   24.1   24.1   49.9   23.4   13.0   16.6  823.90    1709     2480
2014-08-22 09:20:00    462014400  ***  ***    0.5    0.5    0.5   26.1   26.1   48.7   25.7   14.5   18.1  823.70    1710     2553
2014-08-22 09:40:00    462015600  ***  ***    0.6    0.6    0.6   24.0   24.0   50.7   23.4   13.1   16.6  823.80    1710     2477
2014-08-22 10:00:00    462016800  ***  ***    0.0    0.0    0.0   22.6   22.6   55.7   22.4   13.3   16.3  823.80    1709     2431
2014-08-22 10:20:00    462018000  ***  ***    0.0    0.0    0.0   27.3   27.3   48.3   27.2   15.4   18.9  823.90    1708     2594
2014-08-22 10:40:00    462019200  ***  ***    0.4    0.4    0.4   25.1   25.1   50.8   24.6   14.2   17.6  824.00    1708     2516
2014-08-22 11:00:00    462020400  ***  ***    0.8    0.8    0.8   26.0   26.0   47.7   25.5   14.1   17.8  823.80    1710     2550
2014-08-22 11:20:00    462021600  ***  ***    1.3    1.3    1.3   22.9   22.9   53.3   22.5   12.9   16.2  823.80    1709     2440
2014-08-22 11:40:00    462022800  ***  ***    0.0    0.0    0.0   24.3   24.3   51.5   23.7   13.7   17.1  823.40    1713     2493
2014-08-22 12:00:00    462024000  ***  ***    0.6    0.6    0.6   24.6   24.6   53.0   24.1   14.4   17.6  823.70    1711     2505
2014-08-22 12:20:00    462025200  ***  ***    0.6    0.6    0.6   24.0   24.0   54.1   23.6   14.1   17.2  823.50    1713     2484
2014-08-22 12:40:00    462026400  ***  ***    0.0    0.0    0.0   27.1   27.1   44.7   26.6   14.1   18.1  823.40    1713     2588
2014-08-22 13:00:00    462027600  ***  ***    0.0    0.0    0.0   26.0   26.0   47.2   25.5   13.8   17.6  823.10    1717     2553
2014-08-22 13:20:00    462028800  ***  ***    0.0    0.0    0.0   26.3   26.3   47.5   25.9   14.3   18.0  822.90    1718     2569
2014-08-22 13:40:00    462030000  ***  ***    0.6    0.6    0.6   25.5   25.5   46.7   24.9   13.3   17.2  822.70    1721     2541
2014-08-22 14:00:00    462031200  ***  ***    1.3    1.3    1.3   17.3   17.3   90.9   17.6   15.8   16.3  823.30    1715     2273
2014-08-22 14:20:00    462032400  ***  ***    0.4    0.4    0.4   19.4   19.4   89.8   19.9   17.7   18.2  822.80    1719     2359
2014-08-22 14:40:00    462033600  ***  ***    0.4    0.4    0.4   21.4   21.4   79.1   22.0   17.6   18.7  822.30    1725     2431
2014-08-22 15:00:00    462034800  ***  ***    0.0    0.0    0.0   24.2   24.2   63.4   24.4   16.8   18.9  822.50    1722     2515
2014-08-22 15:20:00    462036000  ***  ***    0.0    0.0    0.0   21.6   21.6   74.9   22.1   16.9   18.3  822.10    1727     2436
2014-08-22 15:40:00    462037200  ***  ***    0.0    0.0    0.0   22.5   22.5   64.6   22.7   15.5   17.6  822.10    1727     2458
2014-08-22 16:00:00    462038400  ***  ***    0.5    0.5    0.5   18.9   18.9   82.4   18.9   15.8   16.8  822.50    1723     2335
2014-08-22 16:20:00    462039600  ***  ***    0.0    0.0    0.0   16.7   16.7   97.5   17.4   16.3   16.4  823.30    1714     2252
2014-08-22 16:40:00    462040800  ***  ***    0.4    0.4    0.4   18.4   18.4  100.0   19.3   18.4   18.4  822.90    1719     2329
2014-08-22 17:00:00    462042000  ***  ***    0.0    0.0    0.0   20.7   20.7   86.3   21.4   18.3   19.0  822.60    1722     2408
2014-08-22 17:20:00    462043200  ***  ***    0.0    0.0    0.0   20.2   20.2   91.6   20.9   18.8   19.2  822.60    1721     2396
2014-08-22 17:40:00    462044400  ***  ***    0.0    0.0    0.0   19.6   19.6   95.0   20.4   18.8   19.0  822.50    1723     2376
2014-08-22 18:00:00    462045600  ***  ***    0.0    0.0    0.0   21.5   21.5   91.2   22.5   20.0   20.4  822.40    1724     2449
2014-08-22 18:20:00    462046800  ***  ***    0.0    0.0    0.0   21.0   21.0   90.1   21.9   19.4   19.8  822.20    1725     2430
2014-08-22 18:40:00    462048000  ***  ***    0.0    0.0    0.0   17.2   17.2   96.2   17.8   16.6   16.8  822.30    1724     2284
2014-08-22 19:00:00    462049200  ***  ***    0.0    0.0    0.0   15.9   15.9   99.8   16.6   15.9   15.9  822.50    1723     2235
2014-08-22 19:20:00    462050400  ***  ***    0.0    0.0    0.0   15.5   15.5  100.0   16.2   15.5   15.5  822.70    1721     2215
2014-08-22 19:40:00    462051600  ***  ***    0.0    0.0    0.0   15.1   15.1  100.0   15.8   15.1   15.1  822.90    1719     2197
2014-08-22 20:00:00    462052800  ***  ***    0.0    0.0    0.0   14.9   14.9  100.0   15.6   14.9   14.9  823.00    1718     2187
2014-08-22 20:20:00    462054000  ***  ***    0.0    0.0    0.0   14.7   14.7  100.0   15.4   14.7   14.7  823.00    1718     2180
2014-08-22 20:40:00    462055200  ***  ***    0.6    0.6    0.6   15.0   15.0   99.9   15.7   15.0   15.0  823.40    1714     2188
2014-08-22 21:00:00    462056400  ***  ***    0.4    0.4    0.4   14.4   14.4  100.0   15.1   14.4   14.4  823.40    1714     2163
2014-08-22 21:20:00    462057600  ***  ***    0.0    0.0    0.0   14.3   14.3  100.0   15.0   14.3   14.3  823.50    1713     2159
2014-08-22 21:40:00    462058800  ***  ***    0.0    0.0    0.0   14.1   14.1  100.0   14.7   14.1   14.1  823.50    1713     2152
2014-08-22 22:00:00    462060000  ***  ***    0.0    0.0    0.0   14.0   14.0  100.0   14.6   14.0   14.0  823.60    1712     2148
2014-08-22 22:20:00    462061200  ***  ***    0.0    0.0    0.0   14.0   14.0  100.0   14.6   14.0   14.0  823.60    1711     2146
2014-08-22 22:40:00    462062400  ***  ***    0.0    0.0    0.0   14.1   14.1  100.0   14.7   14.1   14.1  823.70    1711     2148
2014-08-22 23:00:00    462063600  ***  ***    0.0    0.0    0.0   13.9   13.9  100.0   14.5   13.9   13.9  823.40    1714     2143
2014-08-22 23:20:00    462064800  ***  ***    0.0    0.0    0.0   13.7   13.7  100.0   14.3   13.7   13.7  823.50    1713     2135
2014-08-22 23:40:00    462066000  ***  ***    0.0    0.0    0.0   13.6   13.6  100.0   14.2   13.6   13.6  823.40    1714     2134
2014-08-23 00:00:00    462067200  ***  ***    0.0    0.0    0.0   13.5   13.5  100.0   14.1   13.5   13.5  823.40    1714     2127
2014-08-23 00:20:00    462068400  ***  ***    0.0    0.0    0.0   14.2   14.2  100.0   14.8   14.2   14.2  823.30    1714     2158
2014-08-23 00:40:00    462069600  ***  ***    0.0    0.0    0.0   14.5   14.5  100.0   15.2   14.5   14.5  823.20    1716     2170
2014-08-23 01:00:00    462070800  ***  ***    0.0    0.0    0.0   14.5   14.5  100.0   15.2   14.5   14.5  823.10    1716     2170
2014-08-23 01:20:00    462072000  ***  ***    0.0    0.0    0.0   14.5   14.5  100.0   15.2   14.5   14.5  823.00    1718     2171
2014-08-23 01:40:00    462073200  ***  ***    0.0    0.0    0.0   14.6   14.6  100.0   15.3   14.6   14.6  823.20    1715     2174
2014-08-23 02:00:00    462074400  ***  ***    0.0    0.0    0.0   14.7   14.7  100.0   15.4   14.7   14.7  823.10    1717     2180
2014-08-23 02:20:00    462075600  ***  ***    0.0    0.0    0.0   14.8   14.8  100.0   15.5   14.8   14.8  823.00    1718     2186
2014-08-23 02:40:00    462076800  ***  ***    0.0    0.0    0.0   14.7   14.7  100.0   15.4   14.7   14.7  823.10    1717     2180
2014-08-23 03:00:00    462078000  ***  ***    0.0    0.0    0.0   14.2   14.2  100.0   14.8   14.2   14.2  823.10    1717     2161
2014-08-23 03:20:00    462079200  ***  ***    0.4    0.4    0.4   14.4   14.4  100.0   15.1   14.4   14.4  822.80    1719     2171
2014-08-23 03:40:00    462080400  ***  ***    0.0    0.0    0.0   13.8   13.8  100.0   14.4   13.8   13.8  822.90    1719     2148
2014-08-23 04:00:00    462081600  ***  ***    0.0    0.0    0.0   13.6   13.6  100.0   14.2   13.6   13.6  822.80    1719     2140
2014-08-23 04:20:00    462082800  ***  ***    0.4    0.4    0.4   13.7   13.7  100.0   14.3   13.7   13.7  822.70    1721     2145
2014-08-23 04:40:00    462084000  ***  ***    0.0    0.0    0.0   12.9   12.9  100.0   13.5   12.9   12.9  822.70    1720     2113
2014-08-23 05:00:00    462085200  ***  ***    0.0    0.0    0.0   12.8   12.8  100.0   13.4   12.8   12.8  822.70    1721     2110
2014-08-23 05:20:00    462086400  ***  ***    0.0    0.0    0.0   12.3   12.3  100.0   12.9   12.3   12.3  823.00    1718     2086
2014-08-23 05:40:00    462087600  ***  ***    0.0    0.0    0.0   12.2   12.2  100.0   12.8   12.2   12.2  823.20    1716     2079
2014-08-23 06:00:00    462088800  ***  ***    0.9    0.9    0.9   12.2   12.2  100.0   12.8   12.2   12.2  823.20    1715     2079
2014-08-23 06:20:00    462090000  ***  ***    0.0    0.0    0.0   12.0   12.0   99.4   12.5   11.9   11.9  823.30    1715     2070
2014-08-23 06:40:00    462091200  ***  ***    0.0    0.0    0.0   12.1   12.1   97.6   12.6   11.8   11.9  823.20    1715     2075
2014-08-23 07:00:00    462092400  ***  ***    0.0    0.0    0.0   12.4   12.4   97.6   12.9   12.0   12.1  823.30    1715     2085
2014-08-23 07:20:00    462093600  ***  ***    0.0    0.0    0.0   13.7   13.7   92.9   14.0   12.5   12.9  823.20    1715     2131
2014-08-23 07:40:00    462094800  ***  ***    0.0    0.0    0.0   18.7   18.7   71.5   18.2   13.4   15.2  823.20    1716     2307
2014-08-23 08:00:00    462096000  ***  ***    0.0    0.0    0.0   22.2   22.2   59.0   22.1   13.8   16.5  823.20    1716     2426
2014-08-23 08:20:00    462097200  ***  ***    0.0    0.0    0.0   24.3   24.3   51.6   23.7   13.7   17.1  823.20    1716     2497
2014-08-23 08:40:00    462098400  ***  ***    0.0    0.0    0.0   25.0   25.0   54.7   24.7   15.2   18.2  823.40    1713     2524
2014-08-23 09:00:00    462099600  ***  ***    0.0    0.0    0.0   27.3   27.3   52.8   27.7   16.8   19.8  823.50    1713     2607
2014-08-23 09:20:00    462100800  ***  ***    0.8    0.8    0.8   27.5   27.5   49.0   27.5   15.9   19.3  823.50    1712     2608
2014-08-23 09:40:00    462102000  ***  ***    0.7    0.7    0.7   25.9   25.9   50.3   25.6   14.8   18.1  823.50    1713     2551
2014-08-23 10:00:00    462103200  ***  ***    0.4    0.4    0.4   25.1   25.1   48.8   24.5   13.5   17.2  823.50    1713     2518
2014-08-23 10:20:00    462104400  ***  ***    0.4    0.4    0.4   25.5   25.5   44.9   24.6   12.7   16.9  823.30    1715     2532
2014-08-23 10:40:00    462105600  ***  ***    0.0    0.0    0.0   24.9   24.9   47.3   24.1   12.9   16.8  823.30    1714     2510
2014-08-23 11:00:00    462106800  ***  ***    0.0    0.0    0.0   28.6   28.6   43.3   28.5   14.9   19.0  823.30    1714     2641
2014-08-23 11:20:00    462108000  ***  ***    0.0    0.0    0.0   25.1   25.1   54.1   24.8   15.2   18.2  823.20    1716     2530
2014-08-23 11:40:00    462109200  ***  ***    0.4    0.4    0.4   29.3   29.3   41.3   29.3   14.8   19.1  822.90    1718     2668
2014-08-23 12:00:00    462110400  ***  ***    0.0    0.0    0.0   32.6   32.6   37.9   33.9   16.4   20.9  823.30    1715     2778
2014-08-23 12:20:00    462111600  ***  ***    0.0    0.0    0.0   33.1   33.1   38.1   34.8   16.9   21.4  824.00    1708     2788
2014-08-23 12:40:00    462112800  ***  ***    0.0    0.0    0.0   29.6   29.6   43.8   30.1   15.9   19.9  825.50    1693     2654
2014-08-23 13:00:00    462114000  ***  ***    0.0    0.0    0.0   26.4   26.4   49.0   26.1   14.8   18.3  825.30    1694     2545
2014-08-23 13:20:00    462115200  ***  ***    0.0    0.0    0.0   25.7   25.7   52.7   25.5   15.3   18.4  825.10    1697     2528
2014-08-23 13:40:00    462116400  ***  ***    0.0    0.0    0.0   26.3   26.3   52.6   26.4   15.9   19.0  824.70    1700     2556
