FORMATTED DATE-TIME           DT   MG   TR     WS     CW     HW     TP     WC     RH     HI     DP     WB      BP      AL       DA
YYYY-MM-DD HH:MM:SS            s  Mag True    m/s    m/s    m/s     °C     °C      %     °C     °C     °C     hPa       m        m
----------------------------------------------------------------------------------------------------------------------------------
2014-08-23 15:20:00    462122400  ***  ***    0.0    0.0    0.0   25.9   25.9   55.1   26.0   16.2   19.0  823.90    1709     2554
2014-08-23 15:40:00    462123600  ***  ***    0.0    0.0    0.0   25.9   25.9   55.4   26.0   16.3   19.1  823.70    1711     2558
2014-08-23 16:00:00    462124800  ***  ***    0.0    0.0    0.0   26.1   26.1   55.3   26.3   16.5   19.3  823.50    1713     2566
2014-08-23 16:20:00    462126000  ***  ***    2.0    2.0    2.0   26.0   26.0   42.5   25.1   12.3   16.8  821.10    1737     2572
2014-08-23 16:40:00    462127200  ***  ***    0.0    0.0    0.0   31.0   31.0   34.9   30.7   13.7   19.0  821.30    1733     2738
2014-08-23 17:00:00    462128400  ***  ***    0.0    0.0    0.0   26.0   26.0   41.6   25.0   11.9   16.5  820.90    1738     2572
2014-08-23 17:20:00    462129600  ***  ***    0.0    0.0    0.0   26.6   26.6   42.3   25.8   12.7   17.2  821.10    1737     2593
2014-08-23 17:40:00    462130800  ***  ***    0.0    0.0    0.0   28.7   28.7   44.9   28.8   15.6   19.4  820.90    1739     2678
2014-08-23 18:00:00    462132000  ***  ***    0.0    0.0    0.0   23.4   23.4   47.3   22.7   11.5   15.6  820.60    1740     2487
2014-08-23 18:20:00    462133200  ***  ***    0.0    0.0    0.0   21.6   21.6   59.7   21.5   13.4   16.1  820.60    1742     2436
2014-08-23 18:40:00    462134400  ***  ***    0.0    0.0    0.0   19.9   19.9   67.6   19.6   13.7   15.8  820.70    1740     2379
2014-08-23 19:00:00    462135600  ***  ***    0.0    0.0    0.0   18.1   18.1   72.8   17.5   13.1   14.8  820.80    1740     2316
2014-08-23 19:20:00    462136800  ***  ***    0.5    0.5    0.5   17.7   17.7   67.5   16.9   11.6   13.8  821.20    1735     2290
2014-08-23 19:40:00    462138000  ***  ***    0.0    0.0    0.0   17.3   17.3   69.7   16.6   11.7   13.7  821.20    1735     2276
2014-08-23 20:00:00    462139200  ***  ***    0.7    0.7    0.7   16.8   16.8   71.5   16.2   11.6   13.4  821.60    1731     2255
2014-08-23 20:20:00    462140400  ***  ***    0.0    0.0    0.0   16.6   16.6   71.3   16.0   11.4   13.2  821.60    1731     2246
2014-08-23 20:40:00    462141600  ***  ***    0.0    0.0    0.0   16.3   16.3   73.1   15.7   11.5   13.2  821.70    1729     2234
2014-08-23 21:00:00    462142800  ***  ***    0.7    0.7    0.7   16.5   16.5   70.6   15.8   11.1   13.0  821.90    1729     2238
2014-08-23 21:20:00    462144000  ***  ***    0.0    0.0    0.0   16.0   16.0   72.4   15.4   11.1   12.8  821.90    1727     2221
2014-08-23 21:40:00    462145200  ***  ***    0.4    0.4    0.4   16.0   16.0   71.1   15.3   10.8   12.7  821.90    1729     2222
2014-08-23 22:00:00    462146400  ***  ***    0.6    0.6    0.6   15.6   15.6   72.4   15.0   10.7   12.5  821.90    1729     2207
2014-08-23 22:20:00    462147600  ***  ***    0.0    0.0    0.0   15.3   15.3   73.5   14.8   10.6   12.3  821.90    1729     2197
2014-08-23 22:40:00    462148800  ***  ***    0.6    0.6    0.6   15.4   15.4   72.2   14.8   10.4   12.2  821.90    1727     2198
2014-08-23 23:00:00    462150000  ***  ***    0.7    0.7    0.7   15.1   15.1   73.8   14.6   10.5   12.2  821.80    1729     2190
2014-08-23 23:20:00    462151200  ***  ***    0.0    0.0    0.0   15.1   15.1   73.1   14.6   10.3   12.1  821.80    1729     2188
2014-08-23 23:40:00    462152400  ***  ***    0.0    0.0    0.0   14.8   14.8   73.8   14.3   10.2   11.9  821.70    1729     2180
2014-08-24 00:00:00    462153600  ***  ***    0.4    0.4    0.4   15.0   15.0   70.2   14.4    9.6   11.7  821.60    1731     2186
2014-08-24 00:20:00    462154800  ***  ***    0.0    0.0    0.0   14.8   14.8   70.5   14.2    9.5   11.5  821.70    1731     2176
2014-08-24 00:40:00    462156000  ***  ***    0.0    0.0    0.0   14.7   14.7   70.5   14.1    9.4   11.4  821.60    1731     2173
2014-08-24 01:00:00    462157200  ***  ***    0.6    0.6    0.6   14.7   14.7   70.1   14.1    9.3   11.4  821.50    1733     2174
2014-08-24 01:20:00    462158400  ***  ***    0.4    0.4    0.4   14.6   14.6   70.7   14.0    9.3   11.3  821.30    1733     2173
2014-08-24 01:40:00    462159600  ***  ***    0.0    0.0    0.0   14.6   14.6   70.6   14.0    9.4   11.4  821.50    1733     2174
2014-08-24 02:00:00    462160800  ***  ***    0.0    0.0    0.0   14.4   14.4   72.1   13.9    9.4   11.3  821.20    1735     2170
2014-08-24 02:20:00    462162000  ***  ***    0.0    0.0    0.0   14.2   14.2   73.9   13.8    9.6   11.4  821.30    1735     2162
2014-08-24 02:40:00    462163200  ***  ***    0.0    0.0    0.0   14.5   14.5   73.0   14.0    9.8   11.5  821.10    1735     2175
2014-08-24 03:00:00    462164400  ***  ***    0.6    0.6    0.6   14.8   14.8   72.4   14.3    9.8   11.6  821.10    1735     2183
2014-08-24 03:20:00    462165600  ***  ***    0.0    0.0    0.0   14.5   14.5   74.4   14.1   10.0   11.7  821.20    1735     2173
2014-08-24 03:40:00    462166800  ***  ***    0.5    0.5    0.5   14.3   14.3   75.8   13.9   10.1   11.7  821.10    1737     2170
2014-08-24 04:00:00    462168000  ***  ***    0.4    0.4    0.4   14.4   14.4   76.0   14.0   10.2   11.8  821.10    1737     2172
2014-08-24 04:20:00    462169200  ***  ***    0.0    0.0    0.0   14.1   14.1   78.3   13.8   10.4   11.8  821.20    1735     2161
2014-08-24 04:40:00    462170400  ***  ***    0.5    0.5    0.5   14.1   14.1   78.4   13.8   10.4   11.8  821.10    1737     2164
2014-08-24 05:00:00    462171600  ***  ***    0.0    0.0    0.0   14.2   14.2   78.0   13.9   10.5   11.9  821.30    1733     2165
2014-08-24 05:20:00    462172800  ***  ***    0.0    0.0    0.0   14.0   14.0   80.0   13.8   10.6   11.9  821.30    1733     2157
2014-08-24 05:40:00    462174000  ***  ***    0.0    0.0    0.0   13.8   13.8   81.0   13.7   10.6   11.8  821.50    1733     2150
2014-08-24 06:00:00    462175200  ***  ***    0.0    0.0    0.0   14.0   14.0   80.2   13.8   10.7   12.0  821.70    1731     2155
2014-08-24 06:20:00    462176400  ***  ***    0.4    0.4    0.4   14.5   14.5   78.4   14.2   10.8   12.2  821.70    1729     2170
2014-08-24 06:40:00    462177600  ***  ***    0.0    0.0    0.0   14.7   14.7   78.7   14.4   11.0   12.3  821.80    1729     2176
2014-08-24 07:00:00    462178800  ***  ***    0.0    0.0    0.0   15.4   15.4   77.4   15.1   11.5   12.9  821.90    1729     2203
2014-08-24 07:20:00    462180000  ***  ***    0.0    0.0    0.0   16.3   16.3   76.1   15.9   12.1   13.5  822.00    1727     2234
2014-08-24 07:40:00    462181200  ***  ***    0.0    0.0    0.0   19.3   19.3   66.1   18.7   12.8   15.0  822.00    1727     2340
2014-08-24 08:00:00    462182400  ***  ***    0.0    0.0    0.0   23.3   23.3   59.8   23.2   15.0   17.6  821.90    1729     2485
2014-08-24 08:20:00    462183600  ***  ***    0.0    0.0    0.0   23.7   23.7   46.6   22.9   11.6   15.7  821.90    1727     2481
2014-08-24 08:40:00    462184800  ***  ***    0.0    0.0    0.0   25.9   25.9   48.3   25.4   14.2   17.8  822.10    1727     2565
2014-08-24 09:00:00    462186000  ***  ***    0.0    0.0    0.0   26.8   26.8   48.7   26.6   15.1   18.6  822.20    1725     2597
2014-08-24 09:20:00    462187200  ***  ***    0.0    0.0    0.0   26.7   26.7   47.3   26.4   14.5   18.2  822.30    1725     2591
2014-08-24 09:40:00    462188400  ***  ***    0.8    0.8    0.8   24.7   24.7   48.7   24.0   13.2   16.9  822.60    1722     2517
2014-08-24 10:00:00    462189600  ***  ***    1.0    1.0    1.0   24.0   24.0   48.9   23.3   12.6   16.4  822.70    1720     2485
2014-08-24 10:20:00    462190800  ***  ***    0.5    0.5    0.5   25.9   25.9   51.6   25.7   15.2   18.4  822.70    1721     2564
2014-08-24 10:40:00    462192000  ***  ***    0.9    0.9    0.9   25.8   25.8   44.5   25.0   12.8   17.0  822.60    1722     2548
2014-08-24 11:00:00    462193200  ***  ***    0.0    0.0    0.0   26.5   26.5   41.0   25.6   12.2   16.9  822.80    1720     2567
2014-08-24 11:20:00    462194400  ***  ***    0.9    0.9    0.9   26.2   26.2   47.2   25.7   14.1   17.9  822.50    1723     2571
2014-08-24 11:40:00    462195600  ***  ***    0.0    0.0    0.0   25.9   25.9   50.2   25.6   14.8   18.1  822.50    1722     2563
2014-08-24 12:00:00    462196800  ***  ***    2.0    2.0    2.0   25.0   25.0   43.8   24.0   11.8   16.2  822.40    1723     2520
2014-08-24 12:20:00    462198000  ***  ***    0.8    0.8    0.8   26.0   26.0   42.0   25.1   12.1   16.7  822.20    1726     2558
2014-08-24 12:40:00    462199200  ***  ***    0.4    0.4    0.4   27.3   27.3   44.6   26.8   14.2   18.2  822.10    1726     2612
2014-08-24 13:00:00    462200400  ***  ***    1.0    1.0    1.0   25.5   25.5   46.6   24.8   13.2   17.1  821.80    1729     2551
2014-08-24 13:20:00    462201600  ***  ***    1.6    1.6    1.6   26.8   26.8   43.7   26.1   13.4   17.7  821.70    1731     2597
2014-08-24 13:40:00    462202800  ***  ***    0.4    0.4    0.4   28.0   28.0   39.8   27.2   13.1   17.8  821.50    1733     2638
2014-08-24 14:00:00    462204000  ***  ***    0.6    0.6    0.6   27.9   27.9   41.4   27.3   13.6   18.1  821.20    1735     2639
2014-08-24 14:20:00    462205200  ***  ***    1.0    1.0    1.0   28.3   28.3   38.4   27.5   12.8   17.7  820.90    1739     2651
2014-08-24 14:40:00    462206400  ***  ***    0.0    0.0    0.0   29.8   29.8   33.6   28.9   12.1   17.8  820.70    1740     2700
2014-08-24 15:00:00    462207600  ***  ***    0.4    0.4    0.4   30.4   30.4   33.0   29.7   12.3   18.1  820.60    1742     2720
2014-08-24 15:20:00    462208800  ***  ***    0.0    0.0    0.0   31.8   31.8   29.1   30.9   11.6   18.1  820.60    1742     2763
2014-08-24 15:40:00    462210000  ***  ***    0.0    0.0    0.0   30.4   30.4   32.0   29.5   11.8   17.8  820.60    1740     2717
2014-08-24 16:00:00    462211200  ***  ***    1.3    1.3    1.3   27.2   27.2   36.4   26.0   11.1   16.5  820.70    1740     2611
2014-08-24 16:20:00    462212400  ***  ***    0.5    0.5    0.5   30.5   30.5   31.3   29.5   11.6   17.8  820.70    1740     2719
2014-08-24 16:40:00    462213600  ***  ***    0.4    0.4    0.4   30.2   30.2   32.8   29.3   12.0   17.9  821.10    1737     2707
2014-08-24 17:00:00    462214800  ***  ***    0.0    0.0    0.0   27.6   27.6   35.4   26.3   11.0   16.6  820.70    1740     2624
2014-08-24 17:20:00    462216000  ***  ***    0.7    0.7    0.7   26.9   26.9   38.1   25.8   11.4   16.6  820.80    1740     2601
2014-08-24 17:40:00    462217200  ***  ***    0.7    0.7    0.7   26.4   26.4   39.6   25.3   11.6   16.5  820.60    1742     2588
2014-08-24 18:00:00    462218400  ***  ***    0.0    0.0    0.0   24.1   24.1   45.0   23.2   11.4   15.7  820.70    1740     2509
2014-08-24 18:20:00    462219600  ***  ***    0.0    0.0    0.0   22.2   22.2   56.1   22.0   13.1   16.1  820.50    1742     2458
2014-08-24 18:40:00    462220800  ***  ***    0.9    0.9    0.9   21.7   21.7   55.1   21.5   12.3   15.5  820.80    1740     2434
2014-08-24 19:00:00    462222000  ***  ***    0.4    0.4    0.4   20.6   20.6   59.1   20.2   12.4   15.1  821.10    1737     2394
2014-08-24 19:20:00    462223200  ***  ***    0.0    0.0    0.0   21.1   21.1   56.6   20.8   12.1   15.1  821.50    1733     2404
2014-08-24 19:40:00    462224400  ***  ***    0.0    0.0    0.0   19.1   19.1   67.6   18.5   13.0   15.0  821.60    1731     2338
2014-08-24 20:00:00    462225600  ***  ***    0.0    0.0    0.0   17.9   17.9   71.9   17.3   12.8   14.6  821.80    1729     2294
2014-08-24 20:20:00    462226800  ***  ***    0.0    0.0    0.0   18.4   18.4   68.6   17.6   12.5   14.5  822.00    1727     2309
2014-08-24 20:40:00    462228000  ***  ***    0.0    0.0    0.0   17.1   17.1   74.5   16.6   12.5   14.1  822.20    1725     2260
2014-08-24 21:00:00    462229200  ***  ***    0.0    0.0    0.0   16.5   16.5   76.6   16.1   12.4   13.8  822.70    1721     2236
2014-08-24 21:20:00    462230400  ***  ***    0.0    0.0    0.0   16.0   16.0   81.3   15.9   12.8   13.9  822.60    1722     2222
2014-08-24 21:40:00    462231600  ***  ***    0.0    0.0    0.0   15.9   15.9   78.8   15.7   12.3   13.5  822.80    1720     2215
2014-08-24 22:00:00    462232800  ***  ***    0.0    0.0    0.0   15.9   15.9   78.1   15.6   12.1   13.4  823.00    1717     2210
2014-08-24 22:20:00    462234000  ***  ***    0.0    0.0    0.0   16.8   16.8   73.4   16.3   12.0   13.6  822.90    1719     2239
2014-08-24 22:40:00    462235200  ***  ***    0.4    0.4    0.4   16.7   16.7   73.6   16.2   12.0   13.6  823.10    1717     2235
2014-08-24 23:00:00    462236400  ***  ***    0.0    0.0    0.0   16.3   16.3   76.6   15.9   12.1   13.5  822.90    1719     2224
2014-08-24 23:20:00    462237600  ***  ***    0.0    0.0    0.0   16.1   16.1   75.9   15.7   11.8   13.3  822.90    1719     2216
2014-08-24 23:40:00    462238800  ***  ***    0.0    0.0    0.0   16.1   16.1   75.7   15.7   11.8   13.3  822.90    1719     2218
2014-08-25 00:00:00    462240000  ***  ***    0.0    0.0    0.0   16.1   16.1   75.6   15.7   11.8   13.3  822.80    1720     2218
2014-08-25 00:20:00    462241200  ***  ***    0.5    0.5    0.5   16.1   16.1   75.6   15.7   11.8   13.3  822.70    1720     2216
2014-08-25 00:40:00    462242400  ***  ***    0.0    0.0    0.0   15.7   15.7   77.1   15.4   11.7   13.1  822.50    1722     2206
2014-08-25 01:00:00    462243600  ***  ***    0.0    0.0    0.0   15.4   15.4   78.9   15.2   11.7   13.0  822.30    1725     2199
2014-08-25 01:20:00    462244800  ***  ***    0.0    0.0    0.0   15.3   15.3   78.6   15.0   11.6   12.9  822.30    1724     2196
2014-08-25 01:40:00    462246000  ***  ***    0.0    0.0    0.0   15.7   15.7   77.3   15.4   11.7   13.1  822.00    1727     2212
2014-08-25 02:00:00    462247200  ***  ***    0.0    0.0    0.0   14.8   14.8   81.5   14.7   11.7   12.8  822.30    1724     2176
2014-08-25 02:20:00    462248400  ***  ***    0.0    0.0    0.0   14.3   14.3   84.3   14.3   11.7   12.7  822.40    1723     2159
2014-08-25 02:40:00    462249600  ***  ***    0.6    0.6    0.6   13.9   13.9   86.8   14.0   11.7   12.5  822.40    1724     2147
2014-08-25 03:00:00    462250800  ***  ***    0.0    0.0    0.0   14.0   14.0   87.2   14.1   11.9   12.6  822.30    1724     2151
2014-08-25 03:20:00    462252000  ***  ***    0.0    0.0    0.0   13.9   13.9   87.2   14.0   11.8   12.5  822.30    1725     2148
2014-08-25 03:40:00    462253200  ***  ***    0.0    0.0    0.0   13.7   13.7   88.7   13.9   11.9   12.5  822.40    1724     2142
2014-08-25 04:00:00    462254400  ***  ***    0.0    0.0    0.0   13.9   13.9   87.3   14.0   11.8   12.5  822.20    1725     2148
2014-08-25 04:20:00    462255600  ***  ***    0.0    0.0    0.0   13.9   13.9   87.8   14.0   11.9   12.6  822.20    1725     2150
2014-08-25 04:40:00    462256800  ***  ***    0.0    0.0    0.0   14.4   14.4   84.1   14.4   11.7   12.7  822.30    1724     2164
2014-08-25 05:00:00    462258000  ***  ***    0.0    0.0    0.0   14.5   14.5   84.6   14.5   11.9   12.8  822.10    1726     2170
2014-08-25 05:20:00    462259200  ***  ***    0.0    0.0    0.0   14.2   14.2   86.1   14.2   12.0   12.8  822.20    1726     2162
2014-08-25 05:40:00    462260400  ***  ***    0.0    0.0    0.0   14.1   14.1   86.2   14.1   11.9   12.7  822.50    1722     2152
2014-08-25 06:00:00    462261600  ***  ***    0.0    0.0    0.0   14.0   14.0   86.3   14.1   11.8   12.6  822.50    1722     2148
2014-08-25 06:20:00    462262800  ***  ***    0.0    0.0    0.0   14.1   14.1   86.8   14.2   11.9   12.7  822.60    1722     2151
2014-08-25 06:40:00    462264000  ***  ***    0.0    0.0    0.0   14.2   14.2   87.6   14.3   12.1   12.8  822.80    1719     2152
2014-08-25 07:00:00    462265200  ***  ***    0.0    0.0    0.0   14.9   14.9   83.9   14.9   12.2   13.1  823.10    1716     2173
2014-08-25 07:20:00    462266400  ***  ***    0.0    0.0    0.0   16.4   16.4   82.2   16.3   13.3   14.4  823.30    1715     2227
2014-08-25 07:40:00    462267600  ***  ***    0.0    0.0    0.0   18.9   18.9   70.1   18.4   13.3   15.2  823.20    1716     2313
2014-08-25 08:00:00    462268800  ***  ***    0.3    0.3    0.3   20.4   20.4   67.4   20.2   14.2   16.2  823.20    1716     2370
2014-08-25 08:20:00    462270000  ***  ***    0.0    0.0    0.0   23.8   23.8   58.6   23.7   15.2   17.8  823.20    1716     2486
2014-08-25 08:40:00    462271200  ***  ***    0.0    0.0    0.0   25.4   25.4   59.2   25.6   16.9   19.4  823.30    1714     2547
2014-08-25 09:00:00    462272400  ***  ***    0.0    0.0    0.0   25.3   25.3   56.1   25.2   16.0   18.7  823.20    1715     2541
2014-08-25 09:20:00    462273600  ***  ***    0.0    0.0    0.0   24.9   24.9   57.7   24.7   16.0   18.6  823.20    1716     2529
2014-08-25 09:40:00    462274800  ***  ***    0.0    0.0    0.0   23.5   23.5   60.4   23.5   15.4   17.9  823.30    1715     2477
2014-08-25 10:00:00    462276000  ***  ***    0.0    0.0    0.0   22.1   22.1   64.2   22.3   15.0   17.2  823.50    1713     2426
2014-08-25 10:20:00    462277200  ***  ***    0.0    0.0    0.0   22.0   22.0   66.6   22.3   15.5   17.5  823.40    1714     2426
2014-08-25 10:40:00    462278400  ***  ***    0.0    0.0    0.0   22.6   22.6   59.1   22.5   14.2   16.8  823.40    1714     2440
2014-08-25 11:00:00    462279600  ***  ***    0.0    0.0    0.0   23.9   23.9   59.2   23.8   15.5   18.0  823.40    1714     2491
2014-08-25 11:20:00    462280800  ***  ***    0.0    0.0    0.0   21.9   21.9   70.6   22.3   16.4   18.1  823.20    1716     2433
2014-08-25 11:40:00    462282000  ***  ***    0.0    0.0    0.0   24.2   24.2   58.8   24.1   15.7   18.2  823.20    1716     2504
2014-08-25 12:00:00    462283200  ***  ***    0.0    0.0    0.0   23.2   23.2   57.9   23.0   14.5   17.2  822.80    1720     2470
2014-08-25 12:20:00    462284400  ***  ***    0.0    0.0    0.0   17.5   17.5   88.4   17.7   15.6   16.2  823.50    1712     2273
2014-08-25 12:40:00    462285600  ***  ***    0.0    0.0    0.0   17.3   17.3   93.7   17.7   16.3   16.6  823.40    1713     2273
2014-08-25 13:00:00    462286800  ***  ***    0.0    0.0    0.0   17.9   17.9   96.6   18.5   17.4   17.6  823.20    1716     2303
2014-08-25 13:20:00    462288000  ***  ***    0.0    0.0    0.0   18.4   18.4   96.1   19.1   17.8   18.0  822.90    1719     2325
2014-08-25 13:40:00    462289200  ***  ***    0.0    0.0    0.0   19.2   19.2   94.0   19.9   18.2   18.5  822.80    1719     2354
2014-08-25 14:00:00    462290400  ***  ***    0.0    0.0    0.0   19.5   19.5   95.6   20.2   18.8   19.0  822.30    1724     2376
2014-08-25 14:20:00    462291600  ***  ***    0.0    0.0    0.0   20.0   20.0   93.4   20.7   18.9   19.2  822.10    1727     2395
2014-08-25 14:40:00    462292800  ***  ***    0.0    0.0    0.0   20.1   20.1   86.4   20.6   17.7   18.4  821.90    1727     2392
2014-08-25 15:00:00    462294000  ***  ***    0.0    0.0    0.0   21.1   21.1   88.2   21.9   19.1   19.6  821.60    1731     2439
2014-08-25 15:20:00    462295200  ***  ***    0.0    0.0    0.0   21.7   21.7   83.7   22.5   18.8   19.6  821.50    1733     2458
2014-08-25 15:40:00    462296400  ***  ***    0.0    0.0    0.0   22.5   22.5   81.6   23.4   19.2   20.1  821.40    1733     2487
2014-08-25 16:00:00    462297600  ***  ***    0.0    0.0    0.0   22.5   22.5   73.2   23.0   17.5   18.9  821.50    1733     2477
2014-08-25 16:20:00    462298800  ***  ***    0.0    0.0    0.0   23.0   23.0   65.6   23.2   16.3   18.3  821.20    1735     2492
2014-08-25 16:40:00    462300000  ***  ***    0.0    0.0    0.0   24.1   24.1   66.8   24.4   17.5   19.4  821.20    1735     2533
2014-08-25 17:00:00    462301200  ***  ***    0.0    0.0    0.0   23.0   23.0   63.0   23.2   15.6   17.8  821.00    1738     2491
2014-08-25 17:20:00    462302400  ***  ***    0.0    0.0    0.0   22.4   22.4   76.2   23.1   18.0   19.2  821.10    1737     2480
2014-08-25 17:40:00    462303600  ***  ***    0.0    0.0    0.0   21.2   21.2   84.7   21.9   18.5   19.2  821.50    1733     2440
2014-08-25 18:00:00    462304800  ***  ***    0.0    0.0    0.0   20.1   20.1   88.0   20.6   18.1   18.7  821.80    1729     2398
2014-08-25 18:20:00    462306000  ***  ***    0.0    0.0    0.0   19.3   19.3   84.8   19.6   16.7   17.5  822.00    1727     2360
2014-08-25 18:40:00    462307200  ***  ***    0.0    0.0    0.0   18.4   18.4   87.4   18.6   16.3   16.9  822.10    1727     2324
2014-08-25 19:00:00    462308400  ***  ***    0.0    0.0    0.0   17.9   17.9   88.5   18.1   16.0   16.6  822.30    1725     2305
2014-08-25 19:20:00    462309600  ***  ***    0.0    0.0    0.0   17.6   17.6   86.1   17.6   15.2   16.0  822.20    1725     2291
2014-08-25 19:40:00    462310800  ***  ***    0.0    0.0    0.0   17.5   17.5   84.6   17.5   14.8   15.7  822.70    1721     2280
2014-08-25 20:00:00    462312000  ***  ***    0.0    0.0    0.0   17.1   17.1   84.9   17.1   14.5   15.3  822.90    1719     2263
2014-08-25 20:20:00    462313200  ***  ***    0.6    0.6    0.6   17.1   17.1   83.8   17.1   14.3   15.2  822.80    1719     2260
2014-08-25 20:40:00    462314400  ***  ***    0.0    0.0    0.0   17.0   17.0   83.1   17.0   14.1   15.0  823.20    1716     2252
2014-08-25 21:00:00    462315600  ***  ***    0.0    0.0    0.0   16.7   16.7   84.7   16.7   14.1   15.0  823.40    1714     2243
2014-08-25 21:20:00    462316800  ***  ***    0.0    0.0    0.0   17.0   17.0   83.5   17.0   14.1   15.0  823.40    1713     2248
2014-08-25 21:40:00    462318000  ***  ***    0.5    0.5    0.5   17.0   17.0   82.6   17.0   14.0   15.0  823.70    1710     2246
2014-08-25 22:00:00    462319200  ***  ***    0.0    0.0    0.0   17.2   17.2   81.8   17.1   14.1   15.1  823.80    1709     2254
2014-08-25 22:20:00    462320400  ***  ***    0.0    0.0    0.0   16.8   16.8   88.0   16.9   14.8   15.4  823.80    1710     2243
2014-08-25 22:40:00    462321600  ***  ***    0.0    0.0    0.0   16.1   16.1   96.3   16.7   15.5   15.7  823.90    1709     2220
2014-08-25 23:00:00    462322800  ***  ***    0.0    0.0    0.0   15.8   15.8  100.0   16.5   15.8   15.8  824.10    1707     2212
2014-08-25 23:20:00    462324000  ***  ***    0.0    0.0    0.0   15.5   15.5  100.0   16.2   15.5   15.5  824.10    1706     2198
2014-08-25 23:40:00    462325200  ***  ***    0.0    0.0    0.0   15.3   15.3  100.0   16.0   15.3   15.3  823.70    1710     2196
2014-08-26 00:00:00    462326400  ***  ***    0.0    0.0    0.0   15.0   15.0  100.0   15.7   15.0   15.0  824.00    1708     2180
2014-08-26 00:20:00    462327600  ***  ***    0.0    0.0    0.0   15.3   15.3  100.0   16.0   15.3   15.3  824.00    1707     2191
2014-08-26 00:40:00    462328800  ***  ***    0.0    0.0    0.0   15.1   15.1  100.0   15.8   15.1   15.1  823.90    1709     2187
2014-08-26 01:00:00    462330000  ***  ***    0.0    0.0    0.0   15.1   15.1  100.0   15.8   15.1   15.1  824.00    1708     2185
2014-08-26 01:20:00    462331200  ***  ***    0.0    0.0    0.0   15.0   15.0  100.0   15.7   15.0   15.0  823.70    1711     2183
2014-08-26 01:40:00    462332400  ***  ***    0.0    0.0    0.0   15.1   15.1  100.0   15.8   15.1   15.1  823.70    1711     2188
2014-08-26 02:00:00    462333600  ***  ***    0.0    0.0    0.0   15.7   15.7   97.5   16.3   15.3   15.4  823.50    1712     2209
2014-08-26 02:20:00    462334800  ***  ***    0.0    0.0    0.0   15.5   15.5   99.9   16.2   15.5   15.5  823.80    1709     2201
2014-08-26 02:40:00    462336000  ***  ***    0.0    0.0    0.0   15.6   15.6  100.0   16.3   15.6   15.6  823.90    1708     2205
2014-08-26 03:00:00    462337200  ***  ***    0.4    0.4    0.4   16.2   16.2  100.0   16.9   16.2   16.2  824.20    1705     2226
2014-08-26 03:20:00    462338400  ***  ***    0.0    0.0    0.0   15.8   15.8  100.0   16.5   15.8   15.8  824.10    1706     2209
2014-08-26 03:40:00    462339600  ***  ***    0.0    0.0    0.0   15.8   15.8  100.0   16.5   15.8   15.8  823.70    1710     2214
2014-08-26 04:00:00    462340800  ***  ***    0.0    0.0    0.0   15.7   15.7  100.0   16.4   15.7   15.7  823.80    1709     2209
2014-08-26 04:20:00    462342000  ***  ***    0.0    0.0    0.0   15.9   15.9  100.0   16.6   15.9   15.9  823.80    1710     2216
2014-08-26 04:40:00    462343200  ***  ***    0.0    0.0    0.0   15.1   15.1  100.0   15.8   15.1   15.1  823.90    1708     2183
2014-08-26 05:00:00    462344400  ***  ***    0.5    0.5    0.5   14.6   14.6  100.0   15.3   14.6   14.6  823.90    1709     2165
2014-08-26 05:20:00    462345600  ***  ***    0.0    0.0    0.0   14.4   14.4  100.0   15.1   14.4   14.4  824.10    1707     2156
2014-08-26 05:40:00    462346800  ***  ***    0.0    0.0    0.0   14.2   14.2  100.0   14.8   14.2   14.2  824.20    1705     2147
2014-08-26 06:00:00    462348000  ***  ***    0.0    0.0    0.0   14.3   14.3  100.0   15.0   14.3   14.3  824.50    1703     2148
2014-08-26 06:20:00    462349200  ***  ***    0.0    0.0    0.0   14.5   14.5  100.0   15.2   14.5   14.5  824.70    1700     2152
2014-08-26 06:40:00    462350400  ***  ***    0.0    0.0    0.0   14.7   14.7  100.0   15.4   14.7   14.7  824.80    1699     2158
2014-08-26 07:00:00    462351600  ***  ***    0.0    0.0    0.0   15.3   15.3  100.0   16.0   15.3   15.3  824.70    1701     2183
2014-08-26 07:20:00    462352800  ***  ***    0.0    0.0    0.0   15.9   15.9  100.0   16.6   15.9   15.9  824.80    1700     2207
2014-08-26 07:40:00    462354000  ***  ***    0.0    0.0    0.0   16.8   16.8  100.0   17.6   16.8   16.8  824.90    1699     2240
2014-08-26 08:00:00    462355200  ***  ***    0.0    0.0    0.0   18.1   18.1   99.3   18.8   18.0   18.0  824.70    1701     2293
2014-08-26 08:20:00    462356400  ***  ***    0.0    0.0    0.0   19.5   19.5   93.6   20.1   18.5   18.8  824.90    1699     2344
2014-08-26 08:40:00    462357600  ***  ***    0.0    0.0    0.0   19.4   19.4   90.3   20.0   17.8   18.3  825.00    1698     2334
2014-08-26 09:00:00    462358800  ***  ***    0.0    0.0    0.0   20.0   20.0   88.0   20.5   18.0   18.6  824.80    1699     2357
2014-08-26 09:20:00    462360000  ***  ***    0.0    0.0    0.0   23.3   23.3   77.9   24.2   19.2   20.3  824.90    1698     2472
2014-08-26 09:40:00    462361200  ***  ***    0.4    0.4    0.4   27.0   27.0   59.9   28.0   18.5   20.8  825.00    1698     2589
2014-08-26 10:00:00    462362400  ***  ***    0.4    0.4    0.4   25.3   25.3   68.4   26.2   19.0   20.7  825.10    1696     2534
2014-08-26 10:20:00    462363600  ***  ***    1.3    1.3    1.3   26.1   26.1   61.9   26.9   18.2   20.4  825.10    1697     2557
2014-08-26 10:40:00    462364800  ***  ***    0.4    0.4    0.4   23.6   23.6   64.7   23.8   16.5   18.6  824.80    1700     2468
2014-08-26 11:00:00    462366000  ***  ***    0.4    0.4    0.4   26.0   26.0   60.3   26.6   17.7   20.0  824.70    1700     2553
2014-08-26 11:20:00    462367200  ***  ***    0.5    0.5    0.5   23.8   23.8   60.7   23.8   15.8   18.2  824.60    1702     2474
2014-08-26 11:40:00    462368400  ***  ***    0.0    0.0    0.0   23.1   23.1   67.4   23.4   16.8   18.6  824.50    1703     2458
2014-08-26 12:00:00    462369600  ***  ***    1.1    1.1    1.1   22.5   22.5   70.1   22.9   16.8   18.4  824.20    1705     2439
2014-08-26 12:20:00    462370800  ***  ***    0.7    0.7    0.7   21.7   21.7   72.8   22.2   16.6   18.1  824.20    1706     2415
2014-08-26 12:40:00    462372000  ***  ***    0.6    0.6    0.6   22.6   22.6   70.3   23.0   16.9   18.6  824.20    1706     2445
2014-08-26 13:00:00    462373200  ***  ***    0.7    0.7    0.7   21.5   21.5   73.7   22.0   16.6   18.1  823.80    1710     2414
2014-08-26 13:20:00    462374400  ***  ***    0.8    0.8    0.8   21.2   21.2   74.8   21.6   16.5   17.9  823.70    1710     2401
2014-08-26 13:40:00    462375600  ***  ***    0.0    0.0    0.0   17.8   17.8   97.3   18.4   17.4   17.5  824.30    1704     2284
2014-08-26 14:00:00    462376800  ***  ***    0.0    0.0    0.0   15.0   15.0  100.0   15.7   15.0   15.0  824.40    1704     2175
2014-08-26 14:20:00    462378000  ***  ***    0.0    0.0    0.0   15.2   15.2  100.0   15.9   15.2   15.2  824.30    1705     2183
2014-08-26 14:40:00    462379200  ***  ***    0.0    0.0    0.0   15.5   15.5  100.0   16.2   15.5   15.5  824.40    1704     2193
2014-08-26 15:00:00    462380400  ***  ***    0.0    0.0    0.0   14.4   14.4  100.0   15.1   14.4   14.4  824.10    1707     2156
2014-08-26 15:20:00    462381600  ***  ***    0.0    0.0    0.0   14.5   14.5  100.0   15.2   14.5   14.5  823.80    1709     2163
2014-08-26 15:40:00    462382800  ***  ***    0.0    0.0    0.0   15.1   15.1  100.0   15.8   15.1   15.1  823.80    1710     2188
2014-08-26 16:00:00    462384000  ***  ***    0.0    0.0    0.0   15.3   15.3  100.0   16.0   15.3   15.3  823.90    1709     2195
2014-08-26 16:20:00    462385200  ***  ***    0.0    0.0    0.0   17.9   17.9  100.0   18.7   17.9   17.9  823.20    1715     2302
2014-08-26 16:40:00    462386400  ***  ***    0.0    0.0    0.0   17.7   17.7  100.0   18.5   17.7   17.7  823.30    1714     2294
2014-08-26 17:00:00    462387600  ***  ***    0.0    0.0    0.0   18.7   18.7  100.0   19.6   18.7   18.7  823.20    1716     2336
2014-08-26 17:20:00    462388800  ***  ***    0.0    0.0    0.0   18.3   18.3  100.0   19.2   18.3   18.3  823.40    1713     2317
2014-08-26 17:40:00    462390000  ***  ***    0.0    0.0    0.0   18.2   18.2  100.0   19.0   18.2   18.2  823.50    1713     2313
2014-08-26 18:00:00    462391200  ***  ***    0.0    0.0    0.0   17.7   17.7  100.0   18.5   17.7   17.7  823.60    1711     2292
2014-08-26 18:20:00    462392400  ***  ***    0.0    0.0    0.0   17.8   17.8  100.0   18.6   17.8   17.8  823.70    1711     2296
2014-08-26 18:40:00    462393600  ***  ***    0.0    0.0    0.0   16.7   16.7  100.0   17.5   16.7   16.7  823.80    1710     2250
2014-08-26 19:00:00    462394800  ***  ***    0.0    0.0    0.0   16.1   16.1  100.0   16.8   16.1   16.1  823.90    1708     2225
2014-08-26 19:20:00    462396000  ***  ***    0.0    0.0    0.0   15.7   15.7  100.0   16.4   15.7   15.7  823.70    1710     2209
2014-08-26 19:40:00    462397200  ***  ***    0.0    0.0    0.0   15.9   15.9  100.0   16.6   15.9   15.9  824.10    1707     2215
2014-08-26 20:00:00    462398400  ***  ***    0.0    0.0    0.0   15.1   15.1  100.0   15.8   15.1   15.1  824.00    1708     2185
2014-08-26 20:20:00    462399600  ***  ***    0.0    0.0    0.0   15.1   15.1  100.0   15.8   15.1   15.1  824.30    1704     2178
2014-08-26 20:40:00    462400800  ***  ***    0.0    0.0    0.0   14.7   14.7  100.0   15.4   14.7   14.7  824.60    1702     2162
2014-08-26 21:00:00    462402000  ***  ***    0.0    0.0    0.0   14.7   14.7  100.0   15.4   14.7   14.7  824.90    1698     2157
2014-08-26 21:20:00    462403200  ***  ***    0.0    0.0    0.0   14.8   14.8  100.0   15.5   14.8   14.8  825.00    1698     2161
2014-08-26 21:40:00    462404400  ***  ***    0.0    0.0    0.0   14.8   14.8  100.0   15.5   14.8   14.8  825.20    1696     2157
2014-08-26 22:00:00    462405600  ***  ***    0.0    0.0    0.0   14.5   14.5  100.0   15.2   14.5   14.5  825.40    1693     2142
2014-08-26 22:20:00    462406800  ***  ***    0.0    0.0    0.0   14.8   14.8  100.0   15.5   14.8   14.8  825.40    1693     2154
2014-08-26 22:40:00    462408000  ***  ***    0.0    0.0    0.0   15.2   15.2  100.0   15.9   15.2   15.2  825.30    1694     2173
2014-08-26 23:00:00    462409200  ***  ***    0.0    0.0    0.0   15.7   15.7  100.0   16.4   15.7   15.7  825.40    1694     2192
2014-08-26 23:20:00    462410400  ***  ***    0.0    0.0    0.0   15.2   15.2  100.0   15.9   15.2   15.2  825.50    1692     2170
2014-08-26 23:40:00    462411600  ***  ***    0.0    0.0    0.0   15.0   15.0  100.0   15.7   15.0   15.0  825.40    1693     2161
2014-08-27 00:00:00    462412800  ***  ***    0.0    0.0    0.0   14.7   14.7  100.0   15.4   14.7   14.7  825.30    1694     2151
2014-08-27 00:20:00    462414000  ***  ***    0.0    0.0    0.0   14.4   14.4  100.0   15.1   14.4   14.4  825.30    1695     2141
2014-08-27 00:40:00    462415200  ***  ***    0.0    0.0    0.0   14.7   14.7  100.0   15.4   14.7   14.7  825.20    1696     2153
2014-08-27 01:00:00    462416400  ***  ***    0.0    0.0    0.0   14.5   14.5  100.0   15.2   14.5   14.5  824.90    1699     2148
2014-08-27 01:20:00    462417600  ***  ***    0.6    0.6    0.6   14.6   14.6  100.0   15.3   14.6   14.6  824.80    1700     2155
2014-08-27 01:40:00    462418800  ***  ***    0.0    0.0    0.0   14.4   14.4  100.0   15.1   14.4   14.4  824.80    1700     2148
2014-08-27 02:00:00    462420000  ***  ***    0.0    0.0    0.0   13.7   13.7  100.0   14.3   13.7   13.7  824.70    1700     2120
2014-08-27 02:20:00    462421200  ***  ***    0.0    0.0    0.0   13.6   13.6  100.0   14.2   13.6   13.6  824.90    1698     2114
2014-08-27 02:40:00    462422400  ***  ***    0.0    0.0    0.0   13.8   13.8  100.0   14.4   13.8   13.8  824.70    1700     2122
2014-08-27 03:00:00    462423600  ***  ***    0.0    0.0    0.0   14.2   14.2  100.0   14.8   14.2   14.2  824.80    1700     2140
2014-08-27 03:20:00    462424800  ***  ***    0.0    0.0    0.0   14.5   14.5  100.0   15.2   14.5   14.5  824.40    1703     2155
2014-08-27 03:40:00    462426000  ***  ***    0.0    0.0    0.0   13.9   13.9  100.0   14.5   13.9   13.9  824.50    1703     2131
2014-08-27 04:00:00    462427200  ***  ***    0.0    0.0    0.0   13.8   13.8  100.0   14.4   13.8   13.8  824.50    1702     2128
2014-08-27 04:20:00    462428400  ***  ***    0.0    0.0    0.0   13.9   13.9  100.0   14.5   13.9   13.9  824.60    1702     2130
2014-08-27 04:40:00    462429600  ***  ***    0.0    0.0    0.0   13.8   13.8  100.0   14.4   13.8   13.8  824.70    1701     2125
2014-08-27 05:00:00    462430800  ***  ***    0.0    0.0    0.0   13.7   13.7  100.0   14.3   13.7   13.7  824.70    1700     2119
2014-08-27 05:20:00    462432000  ***  ***    0.0    0.0    0.0   13.4   13.4  100.0   14.0   13.4   13.4  824.90    1699     2107
2014-08-27 05:40:00    462433200  ***  ***    0.0    0.0    0.0   13.4   13.4  100.0   14.0   13.4   13.4  825.10    1697     2102
2014-08-27 06:00:00    462434400  ***  ***    0.0    0.0    0.0   13.4   13.4  100.0   14.0   13.4   13.4  825.20    1696     2102
2014-08-27 06:20:00    462435600  ***  ***    0.0    0.0    0.0   13.4   13.4  100.0   14.0   13.4   13.4  825.40    1694     2102
2014-08-27 06:40:00    462436800  ***  ***    0.0    0.0    0.0   13.5   13.5  100.0   14.1   13.5   13.5  825.70    1691     2099
2014-08-27 07:00:00    462438000  ***  ***    0.0    0.0    0.0   13.8   13.8  100.0   14.4   13.8   13.8  825.60    1691     2113
2014-08-27 07:20:00    462439200  ***  ***    0.6    0.6    0.6   15.8   15.8  100.0   16.5   15.8   15.8  825.80    1690     2190
2014-08-27 07:40:00    462440400  ***  ***    0.0    0.0    0.0   17.4   17.4  100.0   18.2   17.4   17.4  825.90    1688     2250
2014-08-27 08:00:00    462441600  ***  ***    0.0    0.0    0.0   21.1   21.1   77.3   21.5   17.0   18.2  825.90    1689     2375
2014-08-27 08:20:00    462442800  ***  ***    0.0    0.0    0.0   25.6   25.6   54.2   25.5   15.7   18.6  825.90    1689     2516
2014-08-27 08:40:00    462444000  ***  ***    0.0    0.0    0.0   26.8   26.8   63.1   28.1   19.2   21.2  825.70    1690     2579
2014-08-27 09:00:00    462445200  ***  ***    0.4    0.4    0.4   24.0   24.0   63.6   24.2   16.6   18.8  825.90    1689     2469
2014-08-27 09:20:00    462446400  ***  ***    0.4    0.4    0.4   26.7   26.7   55.7   27.2   17.1   19.8  826.10    1687     2560
2014-08-27 09:40:00    462447600  ***  ***    0.0    0.0    0.0   25.1   25.1   61.1   25.3   17.1   19.4  826.20    1685     2504
2014-08-27 10:00:00    462448800  ***  ***    0.0    0.0    0.0   26.7   26.7   56.2   27.2   17.2   19.9  826.30    1685     2556
2014-08-27 10:20:00    462450000  ***  ***    0.5    0.5    0.5   27.9   27.9   52.8   28.6   17.4   20.3  826.20    1686     2598
2014-08-27 10:40:00    462451200  ***  ***    0.0    0.0    0.0   24.3   24.3   61.5   24.4   16.5   18.8  826.20    1686     2476
2014-08-27 11:00:00    462452400  ***  ***    0.0    0.0    0.0   22.9   22.9   68.2   23.2   16.7   18.5  826.20    1685     2427
2014-08-27 11:20:00    462453600  ***  ***    1.2    1.2    1.2   25.6   25.6   61.0   26.0   17.5   19.8  826.10    1687     2525
2014-08-27 11:40:00    462454800  ***  ***    0.0    0.0    0.0   23.2   23.2   65.3   23.4   16.3   18.3  825.90    1689     2441
2014-08-27 12:00:00    462456000  ***  ***    0.8    0.8    0.8   24.2   24.2   63.3   24.4   16.8   18.9  825.60    1691     2478
2014-08-27 12:20:00    462457200  ***  ***    0.7    0.7    0.7   26.0   26.0   56.7   26.3   16.7   19.4  825.90    1689     2536
2014-08-27 12:40:00    462458400  ***  ***    0.0    0.0    0.0   24.5   24.5   59.5   24.4   16.1   18.6  825.70    1690     2485
2014-08-27 13:00:00    462459600  ***  ***    1.3    1.3    1.3   27.1   27.1   53.1   27.5   16.7   19.7  825.70    1691     2573
2014-08-27 13:20:00    462460800  ***  ***    0.5    0.5    0.5   24.2   24.2   59.1   24.1   15.8   18.4  825.30    1694     2479
2014-08-27 13:40:00    462462000  ***  ***    0.7    0.7    0.7   25.2   25.2   53.9   24.9   15.2   18.2  825.30    1695     2509
2014-08-27 14:00:00    462463200  ***  ***    0.5    0.5    0.5   28.0   28.0   48.6   28.2   16.1   19.5  825.10    1696     2606
2014-08-27 14:20:00    462464400  ***  ***    0.0    0.0    0.0   25.0   25.0   52.9   24.6   14.7   17.8  824.90    1698     2503
2014-08-27 14:40:00    462465600  ***  ***    0.7    0.7    0.7   25.3   25.3   52.5   25.0   14.9   18.1  824.70    1701     2518
2014-08-27 15:00:00    462466800  ***  ***    0.0    0.0    0.0   26.3   26.3   54.0   26.5   16.2   19.1  824.20    1705     2561
2014-08-27 15:20:00    462468000  ***  ***    1.0    1.0    1.0   26.2   26.2   51.2   26.1   15.3   18.6  824.20    1706     2555
2014-08-27 15:40:00    462469200  ***  ***    0.6    0.6    0.6   26.7   26.7   47.1   26.4   14.5   18.2  824.30    1705     2566
2014-08-27 16:00:00    462470400  ***  ***    0.0    0.0    0.0   29.2   29.2   46.1   29.8   16.4   20.1  823.90    1708     2662
2014-08-27 16:20:00    462471600  ***  ***    1.2    1.2    1.2   28.6   28.6   46.4   28.9   16.0   19.7  824.00    1708     2638
2014-08-27 16:40:00    462472800  ***  ***    1.5    1.5    1.5   28.5   28.5   42.2   28.3   14.4   18.7  824.00    1708     2627
2014-08-27 17:00:00    462474000  ***  ***    0.0    0.0    0.0   26.3   26.3   50.8   26.2   15.3   18.6  823.80    1709     2564
2014-08-27 17:20:00    462475200  ***  ***    0.0    0.0    0.0   27.0   27.0   45.2   26.6   14.1   18.1  823.70    1710     2580
2014-08-27 17:40:00    462476400  ***  ***    0.0    0.0    0.0   29.1   29.1   41.9   29.1   14.8   19.0  823.80    1709     2651
2014-08-27 18:00:00    462477600  ***  ***    0.0    0.0    0.0   30.0   30.0   37.8   29.8   14.0   18.9  823.90    1709     2676
2014-08-27 18:20:00    462478800  ***  ***    0.0    0.0    0.0   22.9   22.9   65.4   23.1   16.1   18.1  824.10    1707     2452
2014-08-27 18:40:00    462480000  ***  ***    0.0    0.0    0.0   19.9   19.9   73.3   19.9   15.0   16.6  824.30    1704     2343
2014-08-27 19:00:00    462481200  ***  ***    0.0    0.0    0.0   18.5   18.5   75.7   18.1   14.1   15.6  824.70    1701     2286
2014-08-27 19:20:00    462482400  ***  ***    0.0    0.0    0.0   18.0   18.0   75.6   17.6   13.6   15.1  824.90    1699     2265
2014-08-27 19:40:00    462483600  ***  ***    0.0    0.0    0.0   17.7   17.7   76.5   17.3   13.5   14.9  825.20    1696     2251
2014-08-27 20:00:00    462484800  ***  ***    0.0    0.0    0.0   17.4   17.4   75.9   17.0   13.1   14.6  825.30    1694     2236
2014-08-27 20:20:00    462486000  ***  ***    0.0    0.0    0.0   17.0   17.0   77.7   16.7   13.1   14.4  825.30    1695     2226
2014-08-27 20:40:00    462487200  ***  ***    0.0    0.0    0.0   16.8   16.8   77.7   16.5   12.9   14.2  825.50    1693     2214
2014-08-27 21:00:00    462488400  ***  ***    0.0    0.0    0.0   16.5   16.5   80.0   16.3   13.0   14.2  825.40    1693     2203
2014-08-27 21:20:00    462489600  ***  ***    0.0    0.0    0.0   16.5   16.5   79.1   16.3   12.9   14.1  825.20    1695     2207
2014-08-27 21:40:00    462490800  ***  ***    0.6    0.6    0.6   16.3   16.3   78.8   16.1   12.6   13.9  825.50    1693     2195
2014-08-27 22:00:00    462492000  ***  ***    0.0    0.0    0.0   16.1   16.1   78.8   15.9   12.5   13.7  825.30    1695     2192
2014-08-27 22:20:00    462493200  ***  ***    0.0    0.0    0.0   16.2   16.2   77.5   15.9   12.3   13.6  825.40    1693     2190
2014-08-27 22:40:00    462494400  ***  ***    0.4    0.4    0.4   16.4   16.4   76.6   16.0   12.3   13.7  825.30    1695     2201
2014-08-27 23:00:00    462495600  ***  ***    0.3    0.3    0.3   15.7   15.7   79.9   15.5   12.3   13.5  825.30    1695     2176
2014-08-27 23:20:00    462496800  ***  ***    0.0    0.0    0.0   15.5   15.5   80.5   15.3   12.2   13.3  825.30    1695     2170
2014-08-27 23:40:00    462498000  ***  ***    0.6    0.6    0.6   15.9   15.9   78.6   15.6   12.2   13.5  825.10    1697     2185
2014-08-28 00:00:00    462499200  ***  ***    0.0    0.0    0.0   15.6   15.6   80.1   15.4   12.1   13.3  825.20    1696     2172
2014-08-28 00:20:00    462500400  ***  ***    0.0    0.0    0.0   15.3   15.3   81.8   15.2   12.2   13.3  825.10    1697     2164
2014-08-28 00:40:00    462501600  ***  ***    0.0    0.0    0.0   15.2   15.2   82.0   15.1   12.1   13.2  824.90    1699     2162
2014-08-28 01:00:00    462502800  ***  ***    0.0    0.0    0.0   15.0   15.0   82.4   14.9   12.1   13.1  824.80    1699     2157
2014-08-28 01:20:00    462504000  ***  ***    0.7    0.7    0.7   15.3   15.3   80.8   15.2   12.0   13.1  824.50    1702     2170
2014-08-28 01:40:00    462505200  ***  ***    0.4    0.4    0.4   14.9   14.9   82.7   14.9   12.0   13.0  824.70    1701     2156
2014-08-28 02:00:00    462506400  ***  ***    0.0    0.0    0.0   15.5   15.5   79.5   15.3   11.9   13.1  824.60    1702     2175
2014-08-28 02:20:00    462507600  ***  ***    0.0    0.0    0.0   14.9   14.9   81.7   14.8   11.8   12.9  824.50    1703     2155
2014-08-28 02:40:00    462508800  ***  ***    0.0    0.0    0.0   14.8   14.8   81.1   14.7   11.6   12.8  824.40    1703     2152
2014-08-28 03:00:00    462510000  ***  ***    0.0    0.0    0.0   14.2   14.2   83.9   14.2   11.5   12.5  824.30    1704     2131
2014-08-28 03:20:00    462511200  ***  ***    0.0    0.0    0.0   14.1   14.1   84.2   14.1   11.4   12.4  824.20    1705     2128
2014-08-28 03:40:00    462512400  ***  ***    0.4    0.4    0.4   13.9   13.9   85.3   13.9   11.5   12.4  824.20    1705     2122
2014-08-28 04:00:00    462513600  ***  ***    0.0    0.0    0.0   13.7   13.7   87.2   13.8   11.6   12.4  824.20    1706     2116
2014-08-28 04:20:00    462514800  ***  ***    0.4    0.4    0.4   14.2   14.2   84.0   14.2   11.5   12.5  824.20    1706     2134
2014-08-28 04:40:00    462516000  ***  ***    0.0    0.0    0.0   13.8   13.8   86.3   13.9   11.6   12.4  824.40    1704     2119
2014-08-28 05:00:00    462517200  ***  ***    0.4    0.4    0.4   13.9   13.9   84.8   13.9   11.4   12.3  824.30    1704     2122
2014-08-28 05:20:00    462518400  ***  ***    0.0    0.0    0.0   13.9   13.9   84.2   13.9   11.3   12.3  824.40    1704     2122
2014-08-28 05:40:00    462519600  ***  ***    0.0    0.0    0.0   13.8   13.8   84.6   13.8   11.2   12.2  824.50    1703     2116
2014-08-28 06:00:00    462520800  ***  ***    0.0    0.0    0.0   13.7   13.7   85.1   13.7   11.3   12.2  824.60    1702     2112
2014-08-28 06:20:00    462522000  ***  ***    0.8    0.8    0.8   14.1   14.1   82.1   14.0   11.1   12.2  824.70    1701     2124
2014-08-28 06:40:00    462523200  ***  ***    0.3    0.3    0.3   14.1   14.1   82.3   14.0   11.1   12.2  824.60    1701     2123
2014-08-28 07:00:00    462524400  ***  ***    0.7    0.7    0.7   14.9   14.9   78.6   14.6   11.2   12.5  824.70    1700     2150
2014-08-28 07:20:00    462525600  ***  ***    0.0    0.0    0.0   16.5   16.5   72.4   15.9   11.6   13.4  824.90    1699     2206
2014-08-28 07:40:00    462526800  ***  ***    0.0    0.0    0.0   19.3   19.3   64.8   18.6   12.5   14.8  824.60    1701     2306
2014-08-28 08:00:00    462528000  ***  ***    0.6    0.6    0.6   21.9   21.9   55.8   21.7   12.6   15.7  824.70    1701     2394
2014-08-28 08:20:00    462529200  ***  ***    0.0    0.0    0.0   25.7   25.7   47.0   25.1   13.6   17.4  824.80    1700     2524
2014-08-28 08:40:00    462530400  ***  ***    0.4    0.4    0.4   27.2   27.2   48.7   27.2   15.5   18.9  824.60    1701     2583
2014-08-28 09:00:00    462531600  ***  ***    0.4    0.4    0.4   25.0   25.0   48.0   24.2   13.3   17.1  824.80    1700     2500
2014-08-28 09:20:00    462532800  ***  ***    0.8    0.8    0.8   25.2   25.2   52.4   24.8   14.7   17.9  824.80    1700     2511
2014-08-28 09:40:00    462534000  ***  ***    0.0    0.0    0.0   24.7   24.7   45.4   23.8   12.1   16.3  824.70    1701     2484
2014-08-28 10:00:00    462535200  ***  ***    0.7    0.7    0.7   24.5   24.5   45.6   23.6   12.0   16.2  824.80    1700     2476
2014-08-28 10:20:00    462536400  ***  ***    0.5    0.5    0.5   28.1   28.1   41.0   27.5   13.6   18.1  824.40    1703     2605
2014-08-28 10:40:00    462537600  ***  ***    0.8    0.8    0.8   26.5   26.5   37.0   25.3   10.7   16.1  824.30    1704     2544
2014-08-28 11:00:00    462538800  ***  ***    0.0    0.0    0.0   27.3   27.3   35.2   26.0   10.6   16.3  824.20    1705     2569
2014-08-28 11:20:00    462540000  ***  ***    0.5    0.5    0.5   27.1   27.1   32.4   25.5    9.1   15.6  824.10    1706     2558
2014-08-28 11:40:00    462541200  ***  ***    1.4    1.4    1.4   28.2   28.2   35.2   27.1   11.4   17.0  823.90    1709     2607
2014-08-28 12:00:00    462542400  ***  ***    0.4    0.4    0.4   29.0   29.0   34.1   28.0   11.6   17.3  823.80    1709     2632
2014-08-28 12:20:00    462543600  ***  ***    0.5    0.5    0.5   29.5   29.5   39.9   29.4   14.5   19.0  823.70    1711     2666
2014-08-28 12:40:00    462544800  ***  ***    1.2    1.2    1.2   27.5   27.5   40.6   26.7   12.9   17.6  823.40    1713     2596
2014-08-28 13:00:00    462546000  ***  ***    0.4    0.4    0.4   27.9   27.9   37.3   26.9   12.0   17.2  823.10    1717     2609
2014-08-28 13:20:00    462547200  ***  ***    0.0    0.0    0.0   27.3   27.3   38.1   26.3   11.8   16.9  823.10    1717     2588
2014-08-28 13:40:00    462548400  ***  ***    0.5    0.5    0.5   27.2   27.2   37.6   26.1   11.5   16.8  822.90    1719     2586
2014-08-28 14:00:00    462549600  ***  ***    0.5    0.5    0.5   28.0   28.0   40.1   27.3   13.2   17.9  822.60    1722     2625
2014-08-28 14:20:00    462550800  ***  ***    0.0    0.0    0.0   27.9   27.9   40.1   27.2   13.1   17.8  822.30    1724     2623
2014-08-28 14:40:00    462552000  ***  ***    0.6    0.6    0.6   27.4   27.4   34.7   26.0   10.5   16.3  822.10    1726     2598
2014-08-28 15:00:00    462553200  ***  ***    0.9    0.9    0.9   29.1   29.1   32.2   27.9   10.9   17.0  821.90    1729     2658
2014-08-28 15:20:00    462554400  ***  ***    0.0    0.0    0.0   30.9   30.9   30.8   29.9   11.7   18.0  822.00    1727     2718
2014-08-28 15:40:00    462555600  ***  ***    0.0    0.0    0.0   30.6   30.6   34.1   30.1   13.0   18.5  821.70    1729     2716
2014-08-28 16:00:00    462556800  ***  ***    0.9    0.9    0.9   30.5   30.5   34.2   30.0   12.9   18.4  821.60    1731     2713
2014-08-28 16:20:00    462558000  ***  ***    0.9    0.9    0.9   29.3   29.3   32.4   28.1   11.1   17.2  821.70    1731     2665
2014-08-28 16:40:00    462559200  ***  ***    0.6    0.6    0.6   29.5   29.5   29.5   28.0    9.9   16.6  821.60    1731     2673
2014-08-28 17:00:00    462560400  ***  ***    0.5    0.5    0.5   28.9   28.9   28.2   27.1    8.7   15.9  821.50    1731     2647
2014-08-28 17:20:00    462561600  ***  ***    0.0    0.0    0.0   26.6   26.6   35.7   25.2   10.2   15.8  821.60    1731     2579
2014-08-28 17:40:00    462562800  ***  ***    0.0    0.0    0.0   27.5   27.5   35.7   26.2   10.9   16.5  821.60    1731     2609
2014-08-28 18:00:00    462564000  ***  ***    0.0    0.0    0.0   29.7   29.7   32.7   28.7   11.6   17.5  821.50    1731     2683
2014-08-28 18:20:00    462565200  ***  ***    0.0    0.0    0.0   24.1   24.1   42.9   23.0   10.7   15.4  821.50    1733     2499
2014-08-28 18:40:00    462566400  ***  ***    0.0    0.0    0.0   20.6   20.6   56.7   20.1   11.7   14.8  821.70    1729     2382
2014-08-28 19:00:00    462567600  ***  ***    0.0    0.0    0.0   18.8   18.8   62.2   17.8   11.4   14.0  821.70    1729     2320
2014-08-28 19:20:00    462568800  ***  ***    0.4    0.4    0.4   18.3   18.3   58.9   17.0   10.2   13.1  821.90    1729     2298
2014-08-28 19:40:00    462570000  ***  ***    0.5    0.5    0.5   18.1   18.1   58.6   16.8    9.9   12.9  822.10    1727     2287
2014-08-28 20:00:00    462571200  ***  ***    0.7    0.7    0.7   18.1   18.1   58.6   16.8    9.9   12.9  822.10    1727     2288
2014-08-28 20:20:00    462572400  ***  ***    1.0    1.0    1.0   17.5   17.5   61.1   16.3    9.9   12.7  822.50    1723     2260
2014-08-28 20:40:00    462573600  ***  ***    0.4    0.4    0.4   17.5   17.5   60.7   16.3    9.8   12.6  822.50    1722     2260
2014-08-28 21:00:00    462574800  ***  ***    0.4    0.4    0.4   17.0   17.0   63.2   15.9    9.9   12.5  822.40    1723     2244
2014-08-28 21:20:00    462576000  ***  ***    0.0    0.0    0.0   16.7   16.7   63.6   15.6    9.8   12.4  822.40    1724     2234
2014-08-28 21:40:00    462577200  ***  ***    0.0    0.0    0.0   16.6   16.6   63.2   15.6    9.6   12.3  822.50    1722     2229
2014-08-28 22:00:00    462578400  ***  ***    0.0    0.0    0.0   16.6   16.6   63.7   15.6    9.7   12.3  822.50    1723     2232
2014-08-28 22:20:00    462579600  ***  ***    0.9    0.9    0.9   17.0   17.0   61.2   15.8    9.5   12.3  822.60    1722     2240
2014-08-28 22:40:00    462580800  ***  ***    0.0    0.0    0.0   16.4   16.4   62.6   15.4    9.3   12.0  822.70    1721     2220
2014-08-28 23:00:00    462582000  ***  ***    0.0    0.0    0.0   16.3   16.3   63.5   15.3    9.4   12.0  822.60    1722     2217
2014-08-28 23:20:00    462583200  ***  ***    0.4    0.4    0.4   15.9   15.9   64.8   15.0    9.3   11.8  822.40    1723     2206
2014-08-28 23:40:00    462584400  ***  ***    0.5    0.5    0.5   16.1   16.1   63.6   15.1    9.2   11.8  822.30    1724     2215
2014-08-29 00:00:00    462585600  ***  ***    0.6    0.6    0.6   16.2   16.2   62.5   15.2    9.1   11.9  822.20    1725     2216
2014-08-29 00:20:00    462586800  ***  ***    0.9    0.9    0.9   15.8   15.8   65.0   14.9    9.3   11.8  822.10    1726     2205
2014-08-29 00:40:00    462588000  ***  ***    0.0    0.0    0.0   15.5   15.5   66.2   14.7    9.2   11.6  822.20    1726     2194
2014-08-29 01:00:00    462589200  ***  ***    0.0    0.0    0.0   15.5   15.5   67.0   14.7    9.4   11.8  822.00    1727     2196
2014-08-29 01:20:00    462590400  ***  ***    0.0    0.0    0.0   15.5   15.5   64.5   14.6    8.8   11.4  821.80    1729     2198
2014-08-29 01:40:00    462591600  ***  ***    0.4    0.4    0.4   15.3   15.3   62.9   14.3    8.3   11.1  821.70    1731     2192
2014-08-29 02:00:00    462592800  ***  ***    0.3    0.3    0.3   15.4   15.4   61.4   14.3    8.0   10.9  821.70    1731     2193
2014-08-29 02:20:00    462594000  ***  ***    0.0    0.0    0.0   15.2   15.2   60.8   14.2    7.7   10.7  821.70    1731     2185
2014-08-29 02:40:00    462595200  ***  ***    0.0    0.0    0.0   15.2   15.2   61.4   14.2    7.8   10.7  821.60    1731     2186
2014-08-29 03:00:00    462596400  ***  ***    0.5    0.5    0.5   15.2   15.2   59.7   14.1    7.4   10.5  821.50    1733     2186
2014-08-29 03:20:00    462597600  ***  ***    0.5    0.5    0.5   15.2   15.2   59.7   14.1    7.5   10.6  821.40    1733     2190
2014-08-29 03:40:00    462598800  ***  ***    0.5    0.5    0.5   15.3   15.3   57.8   14.1    7.0   10.4  821.30    1733     2189
2014-08-29 04:00:00    462600000  ***  ***    0.7    0.7    0.7   15.3   15.3   57.3   14.1    6.9   10.4  821.40    1733     2189
2014-08-29 04:20:00    462601200  ***  ***    0.4    0.4    0.4   15.1   15.1   58.6   14.0    7.0   10.3  821.20    1735     2183
2014-08-29 04:40:00    462602400  ***  ***    0.0    0.0    0.0   14.6   14.6   60.2   13.6    7.0   10.1  821.40    1733     2167
2014-08-29 05:00:00    462603600  ***  ***    0.9    0.9    0.9   14.7   14.7   60.5   13.7    7.2   10.3  821.40    1733     2170
2014-08-29 05:20:00    462604800  ***  ***    0.5    0.5    0.5   14.5   14.5   61.1   13.5    7.1   10.1  821.50    1733     2162
2014-08-29 05:40:00    462606000  ***  ***    0.0    0.0    0.0   14.1   14.1   63.4   13.2    7.3   10.0  821.60    1731     2147
2014-08-29 06:00:00    462607200  ***  ***    0.0    0.0    0.0   14.3   14.3   61.8   13.3    7.1   10.0  821.80    1729     2152
2014-08-29 06:20:00    462608400  ***  ***    0.5    0.5    0.5   14.8   14.8   60.4   13.8    7.2   10.3  821.70    1729     2168
2014-08-29 06:40:00    462609600  ***  ***    0.4    0.4    0.4   14.5   14.5   63.3   13.6    7.7   10.4  822.10    1727     2157
2014-08-29 07:00:00    462610800  ***  ***    0.5    0.5    0.5   15.3   15.3   61.7   14.2    8.0   10.9  821.90    1729     2186
2014-08-29 07:20:00    462612000  ***  ***    0.0    0.0    0.0   16.3   16.3   60.2   15.2    8.6   11.6  822.20    1726     2219
2014-08-29 07:40:00    462613200  ***  ***    0.0    0.0    0.0   19.6   19.6   54.8   18.6   10.3   13.6  822.10    1727     2339
2014-08-29 08:00:00    462614400  ***  ***    0.0    0.0    0.0   21.4   21.4   49.0   20.9   10.3   14.2  822.10    1727     2401
2014-08-29 08:20:00    462615600  ***  ***    0.0    0.0    0.0   28.1   28.1   41.6   27.6   13.9   18.3  822.00    1727     2639
2014-08-29 08:40:00    462616800  ***  ***    0.6    0.6    0.6   29.1   29.1   33.8   28.0   11.6   17.4  822.00    1727     2660
2014-08-29 09:00:00    462618000  ***  ***    0.9    0.9    0.9   28.2   28.2   36.1   27.2   11.8   17.2  822.00    1727     2631
2014-08-29 09:20:00    462619200  ***  ***    0.3    0.3    0.3   26.7   26.7   40.0   25.8   12.0   16.8  822.20    1726     2581
2014-08-29 09:40:00    462620400  ***  ***    0.4    0.4    0.4   28.9   28.9   36.8   28.1   12.6   17.8  822.20    1725     2653
2014-08-29 10:00:00    462621600  ***  ***    0.4    0.4    0.4   29.3   29.3   33.6   28.3   11.6   17.4  822.20    1725     2661
2014-08-29 10:20:00    462622800  ***  ***    0.0    0.0    0.0   28.1   28.1   42.0   27.6   14.0   18.3  822.20    1725     2633
2014-08-29 10:40:00    462624000  ***  ***    0.0    0.0    0.0   29.0   29.0   33.0   27.9   11.1   17.1  822.10    1727     2654
2014-08-29 11:00:00    462625200  ***  ***    0.5    0.5    0.5   29.9   29.9   36.9   29.5   13.6   18.6  821.90    1729     2695
2014-08-29 11:20:00    462626400  ***  ***    1.2    1.2    1.2   26.9   26.9   33.4   25.4    9.5   15.7  822.00    1727     2581
2014-08-29 11:40:00    462627600  ***  ***    0.4    0.4    0.4   28.9   28.9   32.7   27.6   10.9   16.9  822.00    1727     2650
2014-08-29 12:00:00    462628800  ***  ***    1.3    1.3    1.3   27.6   27.6   36.0   26.4   11.2   16.7  821.70    1731     2612
2014-08-29 12:20:00    462630000  ***  ***    0.4    0.4    0.4   30.0   30.0   32.4   29.0   11.7   17.7  821.70    1731     2692
2014-08-29 12:40:00    462631200  ***  ***    1.0    1.0    1.0   29.5   29.5   32.6   28.4   11.4   17.4  821.50    1733     2679
2014-08-29 13:00:00    462632400  ***  ***    0.7    0.7    0.7   30.6   30.6   32.1   29.7   12.1   18.0  821.40    1733     2715
2014-08-29 13:20:00    462633600  ***  ***    0.6    0.6    0.6   30.6   30.6   30.6   29.5   11.4   17.7  821.30    1735     2714
2014-08-29 13:40:00    462634800  ***  ***    0.0    0.0    0.0   30.4   30.4   33.1   29.7   12.3   18.1  821.20    1735     2713
2014-08-29 14:00:00    462636000  ***  ***    1.4    1.4    1.4   28.8   28.8   36.2   28.0   12.4   17.7  821.10    1737     2664
2014-08-29 14:20:00    462637200  ***  ***    1.1    1.1    1.1   28.7   28.7   32.5   27.4   10.6   16.7  821.00    1738     2654
2014-08-29 14:40:00    462638400  ***  ***    0.0    0.0    0.0   29.8   29.8   32.8   28.8   11.7   17.6  820.50    1742     2701
2014-08-29 15:00:00    462639600  ***  ***    0.0    0.0    0.0   30.7   30.7   36.5   30.6   14.2   19.2  820.40    1744     2741
2014-08-29 15:20:00    462640800  ***  ***    0.0    0.0    0.0   33.3   33.3   25.5   32.4   10.9   18.2  820.20    1744     2810
2014-08-29 15:40:00    462642000  ***  ***    0.5    0.5    0.5   33.2   33.2   30.2   33.1   13.4   19.4  820.10    1746     2822
2014-08-29 16:00:00    462643200  ***  ***    0.0    0.0    0.0   31.5   31.5   29.7   30.5   11.6   18.1  820.20    1746     2758
2014-08-29 16:20:00    462644400  ***  ***    0.0    0.0    0.0   32.5   32.5   28.9   31.8   12.1   18.6  820.30    1744     2792
2014-08-29 16:40:00    462645600  ***  ***    0.0    0.0    0.0   33.7   33.7   26.6   33.1   11.9   18.8  820.20    1746     2833
2014-08-29 17:00:00    462646800  ***  ***    0.0    0.0    0.0   28.3   28.3   34.9   27.1   11.3   16.9  820.10    1746     2654
2014-08-29 17:20:00    462648000  ***  ***    0.0    0.0    0.0   27.5   27.5   36.0   26.3   11.1   16.6  820.10    1746     2627
2014-08-29 17:40:00    462649200  ***  ***    0.8    0.8    0.8   27.1   27.1   34.5   25.7   10.1   16.0  820.20    1746     2611
2014-08-29 18:00:00    462650400  ***  ***    0.4    0.4    0.4   28.1   28.1   34.5   26.8   11.0   16.7  820.20    1744     2644
2014-08-29 18:20:00    462651600  ***  ***    0.0    0.0    0.0   24.6   24.6   49.3   23.9   13.3   16.9  820.20    1746     2540
2014-08-29 18:40:00    462652800  ***  ***    0.0    0.0    0.0   20.8   20.8   59.3   20.5   12.6   15.3  820.50    1742     2409
2014-08-29 19:00:00    462654000  ***  ***    0.0    0.0    0.0   19.4   19.4   56.8   18.4   10.6   13.7  820.60    1740     2351
2014-08-29 19:20:00    462655200  ***  ***    0.0    0.0    0.0   19.0   19.0   55.0   17.8    9.8   13.2  820.90    1739     2331
2014-08-29 19:40:00    462656400  ***  ***    0.6    0.6    0.6   18.9   18.9   52.9   17.5    9.0   12.7  821.20    1735     2319
2014-08-29 20:00:00    462657600  ***  ***    0.6    0.6    0.6   18.4   18.4   53.8   16.8    8.9   12.5  821.20    1735     2303
2014-08-29 20:20:00    462658800  ***  ***    0.0    0.0    0.0   17.9   17.9   55.5   16.4    8.9   12.3  821.50    1733     2284
2014-08-29 20:40:00    462660000  ***  ***    0.0    0.0    0.0   17.7   17.7   56.1   16.2    8.8   12.2  821.80    1729     2272
2014-08-29 21:00:00    462661200  ***  ***    0.5    0.5    0.5   17.9   17.9   52.6   16.3    8.1   11.9  821.70    1729     2279
2014-08-29 21:20:00    462662400  ***  ***    0.5    0.5    0.5   17.5   17.5   53.7   15.9    8.0   11.7  821.80    1729     2262
2014-08-29 21:40:00    462663600  ***  ***    0.5    0.5    0.5   17.5   17.5   52.6   15.9    7.7   11.5  821.70    1731     2262
2014-08-29 22:00:00    462664800  ***  ***    0.8    0.8    0.8   17.6   17.6   51.3   15.9    7.5   11.5  821.60    1731     2268
2014-08-29 22:20:00    462666000  ***  ***    0.6    0.6    0.6   17.3   17.3   51.8   15.6    7.3   11.3  821.70    1729     2255
2014-08-29 22:40:00    462667200  ***  ***    1.0    1.0    1.0   17.4   17.4   50.2   15.6    7.0   11.2  821.70    1729     2256
2014-08-29 23:00:00    462668400  ***  ***    0.4    0.4    0.4   17.2   17.2   50.1   15.5    6.7   11.0  821.70    1729     2249
2014-08-29 23:20:00    462669600  ***  ***    0.6    0.6    0.6   17.2   17.2   49.7   15.5    6.6   11.0  821.80    1729     2249
2014-08-29 23:40:00    462670800  ***  ***    0.0    0.0    0.0   16.9   16.9   50.9   15.3    6.7   10.8  821.90    1729     2237
2014-08-30 00:00:00    462672000  ***  ***    0.3    0.3    0.3   17.3   17.3   49.5   15.5    6.7   11.0  821.90    1727     2250
2014-08-30 00:20:00    462673200  ***  ***    0.0    0.0    0.0   16.5   16.5   52.6   15.0    6.8   10.7  822.10    1726     2220
2014-08-30 00:40:00    462674400  ***  ***    0.0    0.0    0.0   16.6   16.6   52.3   15.0    6.7   10.7  822.20    1725     2221
2014-08-30 01:00:00    462675600  ***  ***    0.0    0.0    0.0   16.6   16.6   52.2   15.0    6.8   10.8  822.20    1726     2223
2014-08-30 01:20:00    462676800  ***  ***    0.0    0.0    0.0   16.5   16.5   53.1   15.0    7.0   10.8  822.10    1727     2223
2014-08-30 01:40:00    462678000  ***  ***    0.4    0.4    0.4   16.2   16.2   53.9   14.7    6.8   10.6  822.00    1727     2211
2014-08-30 02:00:00    462679200  ***  ***    0.0    0.0    0.0   16.5   16.5   52.0   14.9    6.6   10.7  822.00    1727     2223
2014-08-30 02:20:00    462680400  ***  ***    0.0    0.0    0.0   15.9   15.9   54.2   14.5    6.7   10.4  822.10    1727     2201
2014-08-30 02:40:00    462681600  ***  ***    0.4    0.4    0.4   16.1   16.1   54.3   14.6    6.9   10.7  822.00    1727     2209
2014-08-30 03:00:00    462682800  ***  ***    0.5    0.5    0.5   15.8   15.8   54.3   14.4    6.6   10.4  822.10    1727     2197
2014-08-30 03:20:00    462684000  ***  ***    0.7    0.7    0.7   16.1   16.1   52.6   14.6    6.4   10.4  822.00    1727     2207
2014-08-30 03:40:00    462685200  ***  ***    0.7    0.7    0.7   16.5   16.5   50.6   14.8    6.2   10.5  822.00    1727     2220
2014-08-30 04:00:00    462686400  ***  ***    0.5    0.5    0.5   16.7   16.7   49.4   15.0    6.1   10.5  822.00    1727     2227
2014-08-30 04:20:00    462687600  ***  ***    0.6    0.6    0.6   16.3   16.3   51.4   14.7    6.3   10.4  822.10    1727     2213
2014-08-30 04:40:00    462688800  ***  ***    0.4    0.4    0.4   16.1   16.1   52.1   14.6    6.3   10.4  822.20    1725     2204
2014-08-30 05:00:00    462690000  ***  ***    0.0    0.0    0.0   15.9   15.9   52.4   14.4    6.2   10.2  822.20    1725     2198
2014-08-30 05:20:00    462691200  ***  ***    0.5    0.5    0.5   15.9   15.9   52.3   14.4    6.1   10.2  822.30    1725     2196
2014-08-30 05:40:00    462692400  ***  ***    0.0    0.0    0.0   15.8   15.8   53.2   14.4    6.3   10.3  822.40    1724     2192
2014-08-30 06:00:00    462693600  ***  ***    0.4    0.4    0.4   15.8   15.8   54.9   14.5    6.7   10.4  822.60    1722     2190
2014-08-30 06:20:00    462694800  ***  ***    0.0    0.0    0.0   16.1   16.1   53.6   14.6    6.6   10.5  822.70    1721     2199
2014-08-30 06:40:00    462696000  ***  ***    0.0    0.0    0.0   16.0   16.0   54.6   14.6    6.9   10.6  822.70    1721     2198
2014-08-30 07:00:00    462697200  ***  ***    0.0    0.0    0.0   16.6   16.6   55.1   15.2    7.5   11.1  822.80    1720     2218
2014-08-30 07:20:00    462698400  ***  ***    0.0    0.0    0.0   18.1   18.1   55.4   16.6    9.0   12.5  822.80    1719     2272
2014-08-30 07:40:00    462699600  ***  ***    0.0    0.0    0.0   21.1   21.1   49.9   20.5   10.3   14.1  822.70    1720     2383
2014-08-30 08:00:00    462700800  ***  ***    0.5    0.5    0.5   22.6   22.6   46.3   21.9   10.5   14.8  822.60    1722     2435
2014-08-30 08:20:00    462702000  ***  ***    0.0    0.0    0.0   29.4   29.4   34.1   28.5   12.0   17.6  822.80    1720     2661
2014-08-30 08:40:00    462703200  ***  ***    0.0    0.0    0.0   27.9   27.9   39.3   27.1   12.8   17.6  822.70    1720     2617
2014-08-30 09:00:00    462704400  ***  ***    0.0    0.0    0.0   32.7   32.7   32.2   32.8   13.9   19.6  822.80    1720     2776
