FORMATTED DATE-TIME           DT   MG   TR     WS     CW     HW     TP     WC     RH     HI     DP     WB      BP      AL       DA
YYYY-MM-DD HH:MM:SS            s  Mag True    m/s    m/s    m/s     °C     °C      %     °C     °C     °C     hPa       m        m
----------------------------------------------------------------------------------------------------------------------------------
2014-08-30 09:20:00    462705600  ***  ***    0.0    0.0    0.0   30.0   30.0   29.0   28.5   10.1   16.9  822.80    1719     2672
2014-08-30 09:40:00    462706800  ***  ***    0.9    0.9    0.9   28.7   28.7   27.6   26.9    8.1   15.6  822.80    1720     2624
2014-08-30 10:00:00    462708000  ***  ***    0.0    0.0    0.0   28.2   28.2   35.6   27.1   11.6   17.1  822.90    1719     2622
2014-08-30 10:20:00    462709200  ***  ***    0.4    0.4    0.4   27.6   27.6   33.5   26.1   10.1   16.2  822.80    1720     2597
2014-08-30 10:40:00    462710400  ***  ***    0.0    0.0    0.0   28.5   28.5   31.9   27.0   10.2   16.4  822.80    1720     2626
2014-08-30 11:00:00    462711600  ***  ***    1.2    1.2    1.2   28.3   28.3   29.2   26.5    8.7   15.8  822.60    1722     2616
2014-08-30 11:20:00    462712800  ***  ***    0.0    0.0    0.0   30.3   30.3   36.5   30.1   13.8   18.9  822.60    1722     2700
2014-08-30 11:40:00    462714000  ***  ***    0.0    0.0    0.0   30.5   30.5   35.5   30.1   13.5   18.8  822.50    1723     2706
2014-08-30 12:00:00    462715200  ***  ***    1.1    1.1    1.1   29.7   29.7   31.3   28.5   11.0   17.2  822.40    1724     2671
2014-08-30 12:20:00    462716400  ***  ***    0.0    0.0    0.0   30.0   30.0   34.5   29.3   12.7   18.2  822.20    1725     2690
2014-08-30 12:40:00    462717600  ***  ***    0.4    0.4    0.4   31.3   31.3   30.3   30.3   11.8   18.1  822.20    1726     2727
2014-08-30 13:00:00    462718800  ***  ***    0.4    0.4    0.4   32.3   32.3   27.1   31.3   11.0   18.0  822.00    1727     2757
2014-08-30 13:20:00    462720000  ***  ***    0.0    0.0    0.0   32.1   32.1   36.3   32.7   15.3   20.2  821.70    1729     2775
2014-08-30 13:40:00    462721200  ***  ***    0.0    0.0    0.0   33.2   33.2   31.7   33.4   14.1   19.8  821.60    1731     2805
2014-08-30 14:00:00    462722400  ***  ***    0.0    0.0    0.0   34.7   34.7   31.0   35.5   15.1   20.7  821.40    1733     2860
2014-08-30 14:20:00    462723600  ***  ***    0.4    0.4    0.4   35.3   35.3   31.5   36.7   15.8   21.3  821.20    1735     2886
2014-08-30 14:40:00    462724800  ***  ***    0.7    0.7    0.7   35.3   35.3   30.0   36.3   15.1   20.9  821.00    1738     2884
2014-08-30 15:00:00    462726000  ***  ***    1.0    1.0    1.0   31.4   31.4   30.0   30.5   11.7   18.1  820.60    1742     2750
2014-08-30 15:20:00    462727200  ***  ***    0.9    0.9    0.9   32.7   32.7   28.3   32.0   12.0   18.6  820.70    1740     2792
2014-08-30 15:40:00    462728400  ***  ***    0.8    0.8    0.8   34.8   34.8   30.6   35.6   15.0   20.7  820.80    1740     2873
2014-08-30 16:00:00    462729600  ***  ***    0.0    0.0    0.0   32.1   32.1   29.4   31.4   12.1   18.4  820.60    1742     2775
2014-08-30 16:20:00    462730800  ***  ***    0.0    0.0    0.0   34.1   34.1   25.8   33.5   11.8   18.9  820.70    1740     2838
2014-08-30 16:40:00    462732000  ***  ***    0.0    0.0    0.0   32.3   32.3   30.8   31.9   12.9   18.9  820.60    1742     2783
2014-08-30 17:00:00    462733200  ***  ***    0.0    0.0    0.0   28.3   28.3   32.6   26.9   10.3   16.4  820.50    1742     2647
2014-08-30 17:20:00    462734400  ***  ***    0.0    0.0    0.0   27.1   27.1   30.7   25.3    8.4   15.1  820.60    1742     2599
2014-08-30 17:40:00    462735600  ***  ***    0.0    0.0    0.0   27.3   27.3   41.3   26.5   13.0   17.6  820.60    1742     2623
2014-08-30 18:00:00    462736800  ***  ***    0.0    0.0    0.0   25.9   25.9   47.9   25.4   14.0   17.7  820.50    1742     2582
2014-08-30 18:20:00    462738000  ***  ***    0.0    0.0    0.0   24.8   24.8   40.9   23.6   10.7   15.6  820.50    1742     2535
2014-08-30 18:40:00    462739200  ***  ***    0.0    0.0    0.0   21.9   21.9   51.1   21.5   11.3   15.0  820.70    1740     2436
2014-08-30 19:00:00    462740400  ***  ***    0.0    0.0    0.0   20.3   20.3   56.9   19.7   11.5   14.6  820.80    1740     2384
2014-08-30 19:20:00    462741600  ***  ***    0.0    0.0    0.0   20.4   20.4   54.7   19.7   11.0   14.3  821.20    1735     2380
2014-08-30 19:40:00    462742800  ***  ***    0.0    0.0    0.0   19.9   19.9   55.9   19.1   10.8   14.1  821.30    1735     2361
2014-08-30 20:00:00    462744000  ***  ***    0.9    0.9    0.9   20.0   20.0   53.8   19.1   10.4   13.8  821.40    1733     2362
2014-08-30 20:20:00    462745200  ***  ***    0.0    0.0    0.0   19.3   19.3   55.4   18.2   10.2   13.5  821.40    1733     2337
2014-08-30 20:40:00    462746400  ***  ***    0.0    0.0    0.0   19.3   19.3   53.5   18.1    9.7   13.2  821.60    1731     2332
2014-08-30 21:00:00    462747600  ***  ***    0.0    0.0    0.0   18.9   18.9   54.6   17.6    9.6   13.1  821.60    1731     2319
2014-08-30 21:20:00    462748800  ***  ***    0.0    0.0    0.0   19.2   19.2   51.2   17.8    8.9   12.8  821.60    1731     2325
2014-08-30 21:40:00    462750000  ***  ***    0.0    0.0    0.0   18.7   18.7   53.2   17.2    9.0   12.7  821.50    1731     2310
2014-08-30 22:00:00    462751200  ***  ***    0.4    0.4    0.4   18.9   18.9   52.8   17.5    9.0   12.7  821.70    1731     2315
2014-08-30 22:20:00    462752400  ***  ***    0.0    0.0    0.0   17.6   17.6   58.3   16.3    9.4   12.5  821.60    1731     2274
2014-08-30 22:40:00    462753600  ***  ***    0.0    0.0    0.0   17.5   17.5   60.6   16.3    9.9   12.7  821.70    1729     2271
2014-08-30 23:00:00    462754800  ***  ***    0.0    0.0    0.0   17.2   17.2   63.5   16.1   10.3   12.8  821.70    1729     2262
2014-08-30 23:20:00    462756000  ***  ***    0.0    0.0    0.0   16.9   16.9   65.8   16.0   10.5   12.8  821.80    1729     2250
2014-08-30 23:40:00    462757200  ***  ***    0.7    0.7    0.7   17.7   17.7   62.0   16.6   10.3   13.0  821.90    1729     2277
2014-08-31 00:00:00    462758400  ***  ***    0.4    0.4    0.4   17.1   17.1   64.3   16.1   10.3   12.8  821.80    1729     2257
2014-08-31 00:20:00    462759600  ***  ***    0.0    0.0    0.0   16.8   16.8   62.4   15.7    9.6   12.3  821.90    1727     2243
2014-08-31 00:40:00    462760800  ***  ***    0.0    0.0    0.0   16.8   16.8   60.0   15.6    9.0   12.0  822.00    1727     2240
2014-08-31 01:00:00    462762000  ***  ***    0.6    0.6    0.6   17.3   17.3   56.5   15.9    8.6   12.0  822.20    1726     2253
2014-08-31 01:20:00    462763200  ***  ***    0.5    0.5    0.5   17.3   17.3   55.1   15.8    8.2   11.8  822.10    1726     2253
2014-08-31 01:40:00    462764400  ***  ***    0.0    0.0    0.0   16.3   16.3   59.2   15.1    8.4   11.4  822.20    1726     2220
2014-08-31 02:00:00    462765600  ***  ***    0.4    0.4    0.4   16.3   16.3   58.9   15.1    8.2   11.4  822.20    1725     2216
2014-08-31 02:20:00    462766800  ***  ***    0.3    0.3    0.3   16.3   16.3   56.7   15.0    7.7   11.1  822.10    1727     2219
2014-08-31 02:40:00    462768000  ***  ***    0.0    0.0    0.0   16.4   16.4   56.9   15.1    7.9   11.3  822.30    1725     2220
2014-08-31 03:00:00    462769200  ***  ***    0.5    0.5    0.5   16.0   16.0   57.7   14.7    7.7   11.0  822.00    1727     2208
2014-08-31 03:20:00    462770400  ***  ***    0.0    0.0    0.0   15.4   15.4   61.2   14.3    8.0   10.9  822.20    1726     2186
2014-08-31 03:40:00    462771600  ***  ***    0.0    0.0    0.0   15.1   15.1   63.7   14.1    8.3   11.0  822.20    1726     2178
2014-08-31 04:00:00    462772800  ***  ***    0.0    0.0    0.0   15.9   15.9   57.5   14.6    7.6   10.9  822.20    1725     2203
2014-08-31 04:20:00    462774000  ***  ***    0.0    0.0    0.0   15.7   15.7   60.9   14.6    8.2   11.2  822.10    1727     2200
2014-08-31 04:40:00    462775200  ***  ***    0.4    0.4    0.3   16.1   16.1   57.1   14.8    7.6   11.0  822.20    1726     2210
2014-08-31 05:00:00    462776400  ***  ***    0.5    0.5    0.5   16.4   16.4   56.5   15.1    7.7   11.1  822.30    1724     2216
2014-08-31 05:20:00    462777600  ***  ***    0.7    0.7    0.7   16.4   16.4   56.6   15.1    7.7   11.1  822.40    1723     2216
2014-08-31 05:40:00    462778800  ***  ***    0.6    0.6    0.6   16.1   16.1   58.0   14.8    7.9   11.2  822.70    1721     2205
2014-08-31 06:00:00    462780000  ***  ***    0.0    0.0    0.0   16.0   16.0   57.7   14.7    7.7   11.0  822.70    1721     2202
2014-08-31 06:20:00    462781200  ***  ***    0.7    0.7    0.7   16.0   16.0   58.5   14.8    7.9   11.1  823.00    1718     2198
2014-08-31 06:40:00    462782400  ***  ***    0.0    0.0    0.0   16.0   16.0   58.9   14.8    8.0   11.1  823.20    1716     2197
2014-08-31 07:00:00    462783600  ***  ***    0.0    0.0    0.0   17.0   17.0   57.0   15.6    8.4   11.7  823.10    1717     2232
2014-08-31 07:20:00    462784800  ***  ***    0.0    0.0    0.0   18.8   18.8   54.2   17.4    9.4   12.9  823.00    1718     2298
2014-08-31 07:40:00    462786000  ***  ***    0.4    0.4    0.4   20.4   20.4   51.0   19.6    9.9   13.7  822.90    1719     2355
2014-08-31 08:00:00    462787200  ***  ***    0.0    0.0    0.0   23.3   23.3   51.6   22.8   12.8   16.3  822.90    1719     2465
2014-08-31 08:20:00    462788400  ***  ***    0.0    0.0    0.0   27.2   27.2   45.0   26.8   14.2   18.2  822.90    1719     2598
2014-08-31 08:40:00    462789600  ***  ***    0.0    0.0    0.0   26.4   26.4   46.5   25.9   14.0   17.9  823.10    1717     2568
2014-08-31 09:00:00    462790800  ***  ***    0.3    0.3    0.3   28.5   28.5   43.5   28.4   14.9   18.9  823.00    1718     2644
2014-08-31 09:20:00    462792000  ***  ***    0.7    0.7    0.7   25.8   25.8   35.8   24.4    9.5   15.3  823.20    1715     2527
2014-08-31 09:40:00    462793200  ***  ***    0.0    0.0    0.0   27.5   27.5   36.7   26.3   11.4   16.8  823.30    1715     2592
2014-08-31 10:00:00    462794400  ***  ***    0.7    0.7    0.7   27.0   27.0   33.9   25.5    9.8   15.8  823.20    1716     2570
2014-08-31 10:20:00    462795600  ***  ***    0.5    0.5    0.5   28.0   28.0   36.6   26.9   11.8   17.1  823.20    1715     2611
2014-08-31 10:40:00    462796800  ***  ***    0.0    0.0    0.0   28.3   28.3   39.5   27.6   13.2   18.0  823.10    1717     2627
2014-08-31 11:00:00    462798000  ***  ***    0.0    0.0    0.0   28.4   28.4   37.0   27.5   12.3   17.5  822.90    1718     2626
2014-08-31 11:20:00    462799200  ***  ***    0.6    0.6    0.5   29.9   29.9   39.8   29.9   14.7   19.2  822.80    1719     2688
2014-08-31 11:40:00    462800400  ***  ***    1.7    1.7    1.7   27.9   27.9   34.6   26.6   10.9   16.6  822.80    1720     2609
2014-08-31 12:00:00    462801600  ***  ***    0.5    0.5    0.5   31.0   31.0   42.9   32.1   16.9   20.8  822.60    1721     2739
2014-08-31 12:20:00    462802800  ***  ***    0.7    0.7    0.7   30.2   30.2   32.9   29.4   12.1   17.9  822.40    1724     2693
2014-08-31 12:40:00    462804000  ***  ***    1.1    1.1    1.1   32.0   32.0   33.1   31.9   13.8   19.3  822.30    1725     2759
2014-08-31 13:00:00    462805200  ***  ***    1.0    1.0    1.0   31.2   31.2   29.3   30.1   11.3   17.8  822.20    1725     2722
2014-08-31 13:20:00    462806400  ***  ***    0.0    0.0    0.0   33.2   33.2   27.7   32.6   12.0   18.7  821.90    1729     2793
2014-08-31 13:40:00    462807600  ***  ***    0.6    0.6    0.6   30.0   30.0   33.3   29.1   12.1   17.9  821.90    1727     2689
2014-08-31 14:00:00    462808800  ***  ***    0.0    0.0    0.0   31.7   31.7   34.4   31.7   14.1   19.4  821.80    1729     2757
2014-08-31 14:20:00    462810000  ***  ***    0.6    0.6    0.6   33.4   33.4   32.9   34.1   14.9   20.3  821.70    1731     2818
2014-08-31 14:40:00    462811200  ***  ***    0.0    0.0    0.0   31.1   31.1   38.2   31.5   15.2   19.9  821.50    1731     2744
2014-08-31 15:00:00    462812400  ***  ***    0.0    0.0    0.0   31.7   31.7   34.2   31.7   14.0   19.4  821.20    1735     2763
2014-08-31 15:20:00    462813600  ***  ***    0.5    0.5    0.5   31.2   31.2   29.7   30.1   11.4   17.9  820.90    1739     2739
2014-08-31 15:40:00    462814800  ***  ***    0.9    0.9    0.9   29.0   29.0   33.7   27.9   11.4   17.2  821.00    1738     2669
2014-08-31 16:00:00    462816000  ***  ***    0.0    0.0    0.0   30.0   30.0   33.1   29.1   12.1   17.9  820.90    1738     2703
2014-08-31 16:20:00    462817200  ***  ***    1.0    1.0    1.0   30.0   30.0   30.8   28.8   11.0   17.3  820.70    1740     2702
2014-08-31 16:40:00    462818400  ***  ***    0.9    0.9    0.9   28.9   28.9   31.1   27.5   10.1   16.6  820.60    1740     2662
2014-08-31 17:00:00    462819600  ***  ***    0.8    0.8    0.8   27.8   27.8   31.9   26.1    9.6   16.0  820.60    1740     2625
2014-08-31 17:20:00    462820800  ***  ***    0.0    0.0    0.0   26.8   26.8   28.8   24.9    7.2   14.6  820.50    1742     2588
2014-08-31 17:40:00    462822000  ***  ***    0.4    0.4    0.4   25.8   25.8   36.9   24.5    9.9   15.5  820.50    1742     2562
2014-08-31 18:00:00    462823200  ***  ***    0.6    0.6    0.6   26.4   26.4   35.4   25.0    9.9   15.7  820.50    1742     2583
2014-08-31 18:20:00    462824400  ***  ***    0.6    0.6    0.6   25.3   25.3   39.0   24.0   10.4   15.6  820.40    1742     2550
2014-08-31 18:40:00    462825600  ***  ***    0.0    0.0    0.0   23.5   23.5   39.7   22.3    9.0   14.3  820.70    1740     2480
2014-08-31 19:00:00    462826800  ***  ***    0.0    0.0    0.0   22.1   22.1   43.0   21.4    8.9   13.8  820.90    1738     2429
2014-08-31 19:20:00    462828000  ***  ***    0.0    0.0    0.0   19.8   19.8   50.1   18.7    9.1   13.1  821.20    1735     2351
2014-08-31 19:40:00    462829200  ***  ***    0.4    0.4    0.4   19.7   19.7   52.9   18.7    9.8   13.4  821.40    1733     2349
2014-08-31 20:00:00    462830400  ***  ***    0.0    0.0    0.0   19.0   19.0   54.1   17.7    9.5   13.0  821.60    1731     2322
2014-08-31 20:20:00    462831600  ***  ***    0.0    0.0    0.0   18.3   18.3   55.7   16.8    9.3   12.6  821.70    1729     2294
2014-08-31 20:40:00    462832800  ***  ***    0.0    0.0    0.0   17.6   17.6   57.5   16.2    9.1   12.3  822.10    1726     2265
2014-08-31 21:00:00    462834000  ***  ***    0.0    0.0    0.0   17.7   17.7   56.4   16.3    8.9   12.2  822.20    1726     2266
2014-08-31 21:20:00    462835200  ***  ***    0.0    0.0    0.0   17.3   17.3   56.2   15.8    8.5   11.9  822.30    1724     2249
2014-08-31 21:40:00    462836400  ***  ***    0.0    0.0    0.0   16.8   16.8   57.8   15.5    8.4   11.6  822.40    1724     2233
2014-08-31 22:00:00    462837600  ***  ***    0.0    0.0    0.0   16.7   16.7   56.8   15.4    8.0   11.4  822.60    1722     2225
2014-08-31 22:20:00    462838800  ***  ***    0.0    0.0    0.0   16.8   16.8   55.3   15.4    7.8   11.3  822.50    1722     2228
2014-08-31 22:40:00    462840000  ***  ***    0.5    0.5    0.5   16.6   16.6   56.7   15.3    8.0   11.3  822.50    1722     2225
2014-08-31 23:00:00    462841200  ***  ***    0.0    0.0    0.0   16.9   16.9   53.5   15.4    7.4   11.2  822.60    1722     2232
2014-08-31 23:20:00    462842400  ***  ***    0.0    0.0    0.0   16.7   16.7   54.6   15.3    7.5   11.2  822.50    1723     2227
2014-08-31 23:40:00    462843600  ***  ***    0.7    0.7    0.7   16.8   16.8   54.0   15.3    7.4   11.1  822.40    1724     2230
2014-09-01 00:00:00    462844800  ***  ***    0.6    0.6    0.6   16.5   16.5   54.1   15.0    7.2   11.0  822.50    1723     2219
2014-09-01 00:20:00    462846000  ***  ***    0.5    0.5    0.5   17.1   17.1   51.8   15.5    7.1   11.1  822.70    1720     2233
2014-09-01 00:40:00    462847200  ***  ***    0.0    0.0    0.0   15.9   15.9   56.4   14.6    7.3   10.7  822.60    1721     2196
2014-09-01 01:00:00    462848400  ***  ***    0.7    0.7    0.7   16.2   16.2   55.7   14.8    7.3   10.9  822.60    1722     2206
2014-09-01 01:20:00    462849600  ***  ***    0.0    0.0    0.0   15.8   15.8   56.6   14.5    7.2   10.7  822.70    1721     2192
2014-09-01 01:40:00    462850800  ***  ***    0.7    0.7    0.7   15.8   15.8   56.6   14.5    7.2   10.7  822.50    1723     2196
2014-09-01 02:00:00    462852000  ***  ***    0.0    0.0    0.0   15.2   15.2   58.8   14.1    7.2   10.5  822.60    1722     2171
2014-09-01 02:20:00    462853200  ***  ***    0.0    0.0    0.0   15.3   15.3   58.1   14.1    7.1   10.4  822.40    1724     2178
2014-09-01 02:40:00    462854400  ***  ***    0.5    0.5    0.5   15.1   15.1   58.0   13.9    6.9   10.3  822.10    1727     2176
2014-09-01 03:00:00    462855600  ***  ***    0.7    0.7    0.7   15.7   15.7   56.4   14.4    7.0   10.5  822.10    1726     2192
2014-09-01 03:20:00    462856800  ***  ***    0.4    0.4    0.4   14.9   14.9   59.6   13.8    7.1   10.3  822.10    1726     2168
2014-09-01 03:40:00    462858000  ***  ***    0.0    0.0    0.0   14.7   14.7   60.0   13.7    7.0   10.2  822.10    1727     2160
2014-09-01 04:00:00    462859200  ***  ***    0.4    0.4    0.4   15.0   15.0   59.5   13.9    7.1   10.3  822.10    1726     2169
2014-09-01 04:20:00    462860400  ***  ***    0.0    0.0    0.0   14.8   14.8   60.2   13.8    7.2   10.3  822.10    1727     2164
2014-09-01 04:40:00    462861600  ***  ***    0.0    0.0    0.0   14.3   14.3   62.4   13.4    7.2   10.2  822.30    1725     2145
2014-09-01 05:00:00    462862800  ***  ***    0.0    0.0    0.0   14.6   14.6   61.6   13.6    7.3   10.3  822.30    1725     2156
2014-09-01 05:20:00    462864000  ***  ***    0.0    0.0    0.0   14.3   14.3   63.4   13.4    7.4   10.2  822.30    1725     2144
2014-09-01 05:40:00    462865200  ***  ***    0.4    0.4    0.4   14.2   14.2   63.5   13.3    7.3   10.1  822.40    1724     2140
2014-09-01 06:00:00    462866400  ***  ***    0.0    0.0    0.0   14.0   14.0   64.5   13.2    7.4   10.1  822.70    1721     2129
2014-09-01 06:20:00    462867600  ***  ***    0.0    0.0    0.0   14.2   14.2   63.4   13.3    7.4   10.2  822.70    1720     2137
2014-09-01 06:40:00    462868800  ***  ***    0.0    0.0    0.0   14.6   14.6   63.3   13.7    7.7   10.5  822.90    1719     2151
2014-09-01 07:00:00    462870000  ***  ***    0.5    0.5    0.5   15.0   15.0   66.0   14.2    8.7   11.2  823.00    1718     2167
2014-09-01 07:20:00    462871200  ***  ***    0.0    0.0    0.0   16.2   16.2   63.5   15.2    9.3   11.9  823.10    1717     2209
2014-09-01 07:40:00    462872400  ***  ***    0.7    0.7    0.7   18.6   18.6   56.3   17.3    9.8   13.0  823.00    1718     2292
2014-09-01 08:00:00    462873600  ***  ***    0.0    0.0    0.0   21.2   21.2   57.6   21.0   12.6   15.5  823.00    1718     2393
2014-09-01 08:20:00    462874800  ***  ***    0.6    0.6    0.6   24.7   24.7   43.4   23.7   11.5   16.0  823.00    1718     2503
2014-09-01 08:40:00    462876000  ***  ***    0.0    0.0    0.0   24.5   24.5   48.0   23.7   12.8   16.6  822.90    1719     2502
2014-09-01 09:00:00    462877200  ***  ***    0.4    0.4    0.4   27.1   27.1   41.9   26.3   13.0   17.5  823.00    1717     2586
2014-09-01 09:20:00    462878400  ***  ***    0.0    0.0    0.0   26.6   26.6   34.6   25.1    9.7   15.6  822.90    1718     2560
2014-09-01 09:40:00    462879600  ***  ***    0.7    0.7    0.7   25.4   25.4   37.4   24.0    9.8   15.3  823.10    1716     2516
2014-09-01 10:00:00    462880800  ***  ***    0.0    0.0    0.0   28.2   28.2   43.9   27.9   14.8   18.8  823.10    1717     2633
2014-09-01 10:20:00    462882000  ***  ***    1.2    1.2    1.2   27.8   27.8   34.7   26.4   10.8   16.6  823.10    1716     2601
2014-09-01 10:40:00    462883200  ***  ***    0.7    0.7    0.7   27.7   27.7   36.9   26.5   11.7   17.0  822.90    1718     2602
2014-09-01 11:00:00    462884400  ***  ***    1.1    1.1    1.1   28.0   28.0   31.7   26.4    9.6   16.0  823.00    1718     2604
2014-09-01 11:20:00    462885600  ***  ***    0.0    0.0    0.0   28.3   28.3   30.9   26.7    9.5   16.1  822.90    1719     2614
2014-09-01 11:40:00    462886800  ***  ***    0.7    0.7    0.7   30.2   30.2   33.6   29.5   12.5   18.1  822.80    1720     2691
2014-09-01 12:00:00    462888000  ***  ***    0.5    0.5    0.5   30.2   30.2   38.8   30.3   14.6   19.2  822.70    1721     2700
2014-09-01 12:20:00    462889200  ***  ***    2.1    2.1    2.1   29.3   29.3   27.7   27.6    8.7   16.0  822.60    1721     2647
2014-09-01 12:40:00    462890400  ***  ***    0.0    0.0    0.0   32.0   32.0   26.0   30.8   10.1   17.5  822.40    1724     2740
2014-09-01 13:00:00    462891600  ***  ***    0.0    0.0    0.0   31.7   31.7   28.1   30.6   11.0   17.8  822.40    1723     2733
2014-09-01 13:20:00    462892800  ***  ***    0.4    0.4    0.4   32.1   32.1   24.2   30.6    9.1   17.1  822.10    1727     2744
2014-09-01 13:40:00    462894000  ***  ***    1.9    1.9    1.9   30.5   30.5   26.8   28.9    9.3   16.6  821.70    1731     2698
2014-09-01 14:00:00    462895200  ***  ***    2.1    2.1    2.1   29.6   29.6   26.5   27.8    8.4   15.9  821.40    1733     2669
2014-09-01 14:20:00    462896400  ***  ***    0.5    0.5    0.5   34.1   34.1   27.3   33.8   12.6   19.3  821.40    1733     2830
2014-09-01 14:40:00    462897600  ***  ***    0.0    0.0    0.0   33.4   33.4   25.1   32.5   10.7   18.2  821.40    1733     2800
2014-09-01 15:00:00    462898800  ***  ***    0.9    0.9    0.9   30.5   30.5   26.9   28.9    9.3   16.6  821.10    1735     2705
2014-09-01 15:20:00    462900000  ***  ***    0.6    0.6    0.6   33.7   33.7   26.5   33.1   11.8   18.7  821.10    1737     2817
2014-09-01 15:40:00    462901200  ***  ***    0.6    0.6    0.6   30.0   30.0   31.2   28.9   11.2   17.4  820.80    1739     2700
2014-09-01 16:00:00    462902400  ***  ***    0.7    0.7    0.7   29.4   29.4   28.5   27.8    9.2   16.3  820.90    1739     2671
2014-09-01 16:20:00    462903600  ***  ***    2.2    2.2    2.2   28.8   28.8   25.7   26.8    7.2   15.2  820.80    1740     2649
2014-09-01 16:40:00    462904800  ***  ***    0.0    0.0    0.0   29.9   29.9   37.7   29.7   14.0   18.8  820.80    1740     2712
2014-09-01 17:00:00    462906000  ***  ***    0.0    0.0    0.0   27.9   27.9   26.5   25.9    6.9   14.8  820.80    1739     2617
2014-09-01 17:20:00    462907200  ***  ***    0.0    0.0    0.0   27.7   27.7   25.1   25.6    6.0   14.4  820.70    1740     2610
2014-09-01 17:40:00    462908400  ***  ***    0.0    0.0    0.0   26.9   26.9   29.5   25.0    7.6   14.7  821.00    1738     2585
2014-09-01 18:00:00    462909600  ***  ***    0.0    0.0    0.0   24.3   24.3   46.2   23.4   12.0   16.1  820.70    1740     2517
2014-09-01 18:20:00    462910800  ***  ***    0.0    0.0    0.0   21.9   21.9   44.6   21.2    9.3   13.9  820.80    1740     2429
2014-09-01 18:40:00    462912000  ***  ***    0.0    0.0    0.0   20.3   20.3   46.9   19.2    8.5   12.9  821.00    1738     2369
2014-09-01 19:00:00    462913200  ***  ***    0.4    0.4    0.4   19.5   19.5   45.1   18.0    7.3   12.1  821.20    1735     2334
2014-09-01 19:20:00    462914400  ***  ***    0.0    0.0    0.0   19.2   19.2   43.8   17.5    6.6   11.6  821.30    1733     2323
2014-09-01 19:40:00    462915600  ***  ***    0.0    0.0    0.0   18.3   18.3   45.1   16.3    6.3   11.2  821.50    1733     2289
2014-09-01 20:00:00    462916800  ***  ***    0.5    0.5    0.5   18.5   18.5   44.6   16.4    6.3   11.3  821.60    1731     2294
2014-09-01 20:20:00    462918000  ***  ***    0.0    0.0    0.0   18.2   18.2   45.6   16.2    6.2   11.1  821.80    1729     2280
2014-09-01 20:40:00    462919200  ***  ***    0.6    0.6    0.6   18.6   18.6   42.9   16.6    5.7   11.0  821.70    1729     2292
2014-09-01 21:00:00    462920400  ***  ***    0.0    0.0    0.0   17.7   17.7   45.1   15.7    5.6   10.6  822.00    1727     2257
2014-09-01 21:20:00    462921600  ***  ***    0.5    0.5    0.5   18.0   18.0   44.1   15.9    5.6   10.7  822.10    1726     2267
2014-09-01 21:40:00    462922800  ***  ***    0.8    0.8    0.8   17.8   17.8   44.7   15.7    5.6   10.6  822.30    1725     2260
2014-09-01 22:00:00    462924000  ***  ***    0.8    0.8    0.8   17.8   17.8   43.9   15.7    5.3   10.5  822.30    1724     2258
2014-09-01 22:20:00    462925200  ***  ***    0.0    0.0    0.0   17.4   17.4   44.3   15.4    5.1   10.3  822.40    1724     2244
2014-09-01 22:40:00    462926400  ***  ***    0.4    0.4    0.4   17.5   17.5   43.9   15.4    5.1   10.3  822.20    1726     2250
2014-09-01 23:00:00    462927600  ***  ***    0.0    0.0    0.0   16.6   16.6   45.4   14.7    4.8    9.8  822.20    1726     2218
2014-09-01 23:20:00    462928800  ***  ***    0.0    0.0    0.0   16.6   16.6   47.0   14.8    5.3   10.0  822.30    1724     2217
2014-09-01 23:40:00    462930000  ***  ***    0.4    0.4    0.4   17.4   17.4   43.0   15.4    4.7   10.0  822.20    1726     2245
2014-09-02 00:00:00    462931200  ***  ***    0.4    0.4    0.4   16.8   16.8   44.9   14.8    4.8    9.9  822.20    1725     2225
2014-09-02 00:20:00    462932400  ***  ***    0.4    0.4    0.4   16.7   16.7   45.8   14.8    5.0    9.9  822.20    1726     2222
2014-09-02 00:40:00    462933600  ***  ***    0.0    0.0    0.0   16.7   16.7   45.3   14.8    4.8    9.9  822.10    1726     2221
2014-09-02 01:00:00    462934800  ***  ***    0.0    0.0    0.0   16.6   16.6   45.7   14.7    4.8    9.8  821.80    1729     2222
2014-09-02 01:20:00    462936000  ***  ***    0.0    0.0    0.0   16.3   16.3   47.4   14.6    5.1    9.9  821.90    1727     2212
2014-09-02 01:40:00    462937200  ***  ***    0.0    0.0    0.0   16.3   16.3   47.6   14.6    5.2    9.9  821.90    1727     2211
2014-09-02 02:00:00    462938400  ***  ***    0.6    0.6    0.6   16.3   16.3   47.8   14.6    5.2    9.9  821.90    1727     2211
2014-09-02 02:20:00    462939600  ***  ***    0.0    0.0    0.0   16.0   16.0   50.0   14.4    5.6   10.0  821.60    1731     2204
2014-09-02 02:40:00    462940800  ***  ***    0.9    0.9    0.9   16.6   16.6   47.3   14.8    5.4   10.1  821.90    1729     2224
2014-09-02 03:00:00    462942000  ***  ***    1.0    1.0    1.0   16.9   16.9   46.9   15.1    5.4   10.3  821.70    1731     2235
2014-09-02 03:20:00    462943200  ***  ***    0.0    0.0    0.0   16.2   16.2   49.5   14.6    5.6   10.0  821.70    1731     2212
2014-09-02 03:40:00    462944400  ***  ***    0.0    0.0    0.0   15.8   15.8   51.1   14.3    5.7   10.0  821.70    1731     2199
2014-09-02 04:00:00    462945600  ***  ***    0.0    0.0    0.0   16.0   16.0   50.8   14.5    5.8   10.0  821.70    1731     2207
2014-09-02 04:20:00    462946800  ***  ***    0.0    0.0    0.0   16.0   16.0   50.0   14.4    5.6   10.0  821.80    1729     2202
2014-09-02 04:40:00    462948000  ***  ***    0.0    0.0    0.0   15.7   15.7   52.4   14.2    6.0   10.1  821.90    1729     2195
2014-09-02 05:00:00    462949200  ***  ***    0.0    0.0    0.0   15.8   15.8   53.4   14.4    6.3   10.3  822.10    1727     2195
2014-09-02 05:20:00    462950400  ***  ***    0.0    0.0    0.0   15.5   15.5   55.2   14.2    6.6   10.3  822.20    1726     2187
2014-09-02 05:40:00    462951600  ***  ***    0.7    0.7    0.7   15.9   15.9   54.4   14.5    6.7   10.4  822.20    1725     2197
2014-09-02 06:00:00    462952800  ***  ***    0.9    0.9    0.9   16.1   16.1   52.5   14.6    6.4   10.4  822.40    1723     2203
2014-09-02 06:20:00    462954000  ***  ***    0.0    0.0    0.0   15.5   15.5   56.1   14.2    6.8   10.4  822.70    1721     2180
2014-09-02 06:40:00    462955200  ***  ***    0.0    0.0    0.0   16.3   16.3   56.1   14.9    7.5   11.0  822.50    1722     2211
2014-09-02 07:00:00    462956400  ***  ***    0.0    0.0    0.0   16.0   16.0   62.2   15.0    8.7   11.5  822.90    1719     2200
2014-09-02 07:20:00    462957600  ***  ***    0.0    0.0    0.0   18.2   18.2   54.6   16.7    9.0   12.5  822.80    1719     2279
2014-09-02 07:40:00    462958800  ***  ***    0.0    0.0    0.0   19.4   19.4   57.7   18.4   10.9   13.9  822.90    1719     2325
2014-09-02 08:00:00    462960000  ***  ***    0.0    0.0    0.0   21.9   21.9   51.9   21.5   11.6   15.1  823.00    1718     2410
2014-09-02 08:20:00    462961200  ***  ***    0.0    0.0    0.0   24.5   24.5   55.1   24.2   14.9   17.8  822.80    1719     2511
2014-09-02 08:40:00    462962400  ***  ***    0.0    0.0    0.0   25.8   25.8   48.6   25.4   14.2   17.8  822.90    1719     2553
2014-09-02 09:00:00    462963600  ***  ***    0.4    0.4    0.4   27.0   27.0   35.8   25.7   10.5   16.2  822.80    1720     2577
2014-09-02 09:20:00    462964800  ***  ***    0.0    0.0    0.0   28.0   28.0   34.8   26.7   11.0   16.7  823.00    1718     2610
2014-09-02 09:40:00    462966000  ***  ***    0.4    0.4    0.4   28.0   28.0   36.3   26.9   11.6   17.0  822.90    1719     2611
2014-09-02 10:00:00    462967200  ***  ***    0.4    0.4    0.4   28.8   28.8   34.7   27.8   11.7   17.3  823.10    1717     2638
2014-09-02 10:20:00    462968400  ***  ***    0.4    0.4    0.4   29.1   29.1   31.6   27.8   10.6   16.9  823.00    1717     2643
2014-09-02 10:40:00    462969600  ***  ***    0.5    0.5    0.5   30.2   30.2   39.1   30.3   14.8   19.4  822.90    1718     2696
2014-09-02 11:00:00    462970800  ***  ***    0.0    0.0    0.0   30.3   30.3   32.6   29.4   12.1   18.0  822.80    1720     2690
2014-09-02 11:20:00    462972000  ***  ***    0.0    0.0    0.0   30.3   30.3   29.0   28.9   10.3   17.0  822.60    1722     2685
2014-09-02 11:40:00    462973200  ***  ***    0.6    0.6    0.6   31.7   31.7   32.2   31.3   13.0   18.8  822.50    1722     2740
2014-09-02 12:00:00    462974400  ***  ***    0.0    0.0    0.0   31.5   31.5   26.8   30.2   10.1   17.3  822.40    1723     2724
2014-09-02 12:20:00    462975600  ***  ***    0.7    0.7    0.7   30.9   30.9   30.5   29.8   11.5   17.8  822.40    1723     2711
2014-09-02 12:40:00    462976800  ***  ***    0.0    0.0    0.0   32.9   32.9   26.4   32.0   11.1   18.2  822.10    1727     2779
2014-09-02 13:00:00    462978000  ***  ***    0.0    0.0    0.0   32.7   32.7   27.6   32.0   11.6   18.4  822.10    1727     2774
2014-09-02 13:20:00    462979200  ***  ***    0.4    0.4    0.4   34.0   34.0   27.4   33.6   12.6   19.2  821.80    1729     2822
2014-09-02 13:40:00    462980400  ***  ***    1.3    1.3    1.3   30.8   30.8   22.8   28.8    7.2   15.8  821.70    1729     2700
2014-09-02 14:00:00    462981600  ***  ***    1.1    1.1    1.1   32.3   32.3   23.3   30.7    8.8   16.9  821.40    1733     2758
2014-09-02 14:20:00    462982800  ***  ***    1.4    1.4    1.4   32.2   32.2   23.1   30.6    8.5   16.8  821.30    1733     2753
2014-09-02 14:40:00    462984000  ***  ***    1.0    1.0    1.0   35.9   35.9   22.4   35.3   11.1   19.0  820.90    1739     2886
2014-09-02 15:00:00    462985200  ***  ***    0.0    0.0    0.0   36.5   36.5   23.9   36.5   12.7   20.0  820.80    1739     2914
2014-09-02 15:20:00    462986400  ***  ***    0.6    0.6    0.6   36.8   36.8   24.4   37.1   13.1   20.3  820.60    1742     2926
2014-09-02 15:40:00    462987600  ***  ***    0.0    0.0    0.0   35.8   35.8   22.3   35.1   10.9   18.9  820.20    1744     2889
2014-09-02 16:00:00    462988800  ***  ***    0.0    0.0    0.0   35.7   35.7   21.6   34.8   10.4   18.7  820.10    1746     2888
2014-09-02 16:20:00    462990000  ***  ***    0.7    0.7    0.7   33.5   33.5   26.8   32.9   11.8   18.7  819.70    1750     2828
2014-09-02 16:40:00    462991200  ***  ***    0.5    0.5    0.5   31.0   31.0   29.0   29.7   10.8   17.5  819.70    1750     2743
2014-09-02 17:00:00    462992400  ***  ***    0.0    0.0    0.0   29.9   29.9   26.2   28.2    8.4   16.0  819.80    1750     2699
2014-09-02 17:20:00    462993600  ***  ***    0.0    0.0    0.0   28.8   28.8   27.2   26.9    8.1   15.6  819.50    1752     2666
2014-09-02 17:40:00    462994800  ***  ***    0.0    0.0    0.0   27.7   27.7   29.7   25.8    8.4   15.3  819.70    1750     2630
2014-09-02 18:00:00    462996000  ***  ***    0.0    0.0    0.0   25.5   25.5   36.5   24.1    9.5   15.2  819.70    1750     2559
2014-09-02 18:20:00    462997200  ***  ***    0.0    0.0    0.0   23.0   23.0   48.3   22.4   11.5   15.4  819.70    1750     2483
2014-09-02 18:40:00    462998400  ***  ***    0.0    0.0    0.0   21.1   21.1   44.6   20.3    8.6   13.3  820.10    1746     2409
2014-09-02 19:00:00    462999600  ***  ***    0.0    0.0    0.0   20.4   20.4   45.4   19.3    8.2   12.8  820.30    1744     2380
2014-09-02 19:20:00    463000800  ***  ***    0.0    0.0    0.0   19.7   19.7   45.9   18.3    7.7   12.3  820.70    1740     2349
2014-09-02 19:40:00    463002000  ***  ***    0.0    0.0    0.0   19.4   19.4   44.4   17.8    7.0   11.9  820.90    1739     2335
2014-09-02 20:00:00    463003200  ***  ***    0.0    0.0    0.0   19.2   19.2   43.7   17.5    6.6   11.6  820.80    1739     2329
2014-09-02 20:20:00    463004400  ***  ***    0.4    0.4    0.4   18.9   18.9   44.7   17.0    6.6   11.5  820.80    1739     2318
2014-09-02 20:40:00    463005600  ***  ***    0.0    0.0    0.0   18.7   18.7   43.8   16.7    6.2   11.3  820.90    1738     2309
2014-09-02 21:00:00    463006800  ***  ***    0.5    0.5    0.5   18.8   18.8   44.1   16.9    6.3   11.4  820.80    1740     2315
2014-09-02 21:20:00    463008000  ***  ***    0.0    0.0    0.0   18.3   18.3   44.1   16.2    5.9   11.0  820.80    1740     2295
2014-09-02 21:40:00    463009200  ***  ***    0.6    0.6    0.6   19.1   19.1   41.3   17.2    5.7   11.2  820.90    1739     2321
2014-09-02 22:00:00    463010400  ***  ***    0.6    0.6    0.6   18.8   18.8   42.2   16.8    5.7   11.1  820.90    1738     2310
2014-09-02 22:20:00    463011600  ***  ***    0.0    0.0    0.0   17.6   17.6   45.6   15.6    5.7   10.6  821.00    1738     2268
2014-09-02 22:40:00    463012800  ***  ***    1.1    1.1    1.1   18.1   18.1   43.5   16.0    5.5   10.7  821.00    1738     2287
2014-09-02 23:00:00    463014000  ***  ***    0.0    0.0    0.0   17.8   17.8   45.5   15.8    5.9   10.8  820.90    1739     2278
2014-09-02 23:20:00    463015200  ***  ***    0.0    0.0    0.0   17.2   17.2   46.4   15.3    5.6   10.4  820.80    1740     2257
2014-09-02 23:40:00    463016400  ***  ***    0.4    0.4    0.4   18.1   18.1   43.1   16.0    5.4   10.7  820.70    1740     2289
2014-09-03 00:00:00    463017600  ***  ***    0.0    0.0    0.0   17.6   17.6   44.6   15.5    5.4   10.5  820.80    1739     2271
2014-09-03 00:20:00    463018800  ***  ***    0.0    0.0    0.0   17.6   17.6   44.9   15.5    5.5   10.5  820.70    1740     2271
2014-09-03 00:40:00    463020000  ***  ***    0.4    0.4    0.4   17.7   17.7   44.5   15.6    5.4   10.5  820.60    1742     2274
2014-09-03 01:00:00    463021200  ***  ***    0.0    0.0    0.0   16.6   16.6   49.1   14.9    5.9   10.4  820.60    1742     2242
2014-09-03 01:20:00    463022400  ***  ***    0.5    0.5    0.5   16.8   16.8   48.3   15.0    5.9   10.4  820.60    1740     2247
2014-09-03 01:40:00    463023600  ***  ***    0.0    0.0    0.0   16.7   16.7   48.7   14.9    5.8   10.3  820.70    1740     2242
2014-09-03 02:00:00    463024800  ***  ***    0.0    0.0    0.0   16.3   16.3   49.7   14.6    5.8   10.2  820.40    1742     2232
2014-09-03 02:20:00    463026000  ***  ***    0.0    0.0    0.0   15.7   15.7   52.1   14.2    5.9   10.0  820.40    1744     2211
2014-09-03 02:40:00    463027200  ***  ***    0.6    0.6    0.6   15.0   15.0   56.3   13.8    6.4    9.9  820.50    1742     2189
2014-09-03 03:00:00    463028400  ***  ***    0.4    0.4    0.4   14.9   14.9   56.7   13.7    6.4    9.9  820.40    1744     2187
2014-09-03 03:20:00    463029600  ***  ***    0.8    0.8    0.8   15.8   15.8   52.1   14.3    6.0   10.1  820.50    1742     2214
2014-09-03 03:40:00    463030800  ***  ***    0.5    0.5    0.5   15.6   15.6   52.5   14.2    5.9   10.0  820.30    1744     2209
2014-09-03 04:00:00    463032000  ***  ***    0.0    0.0    0.0   15.4   15.4   53.5   14.0    6.0   10.0  820.40    1742     2201
2014-09-03 04:20:00    463033200  ***  ***    0.7    0.7    0.7   15.9   15.9   52.4   14.4    6.1   10.1  820.40    1742     2217
2014-09-03 04:40:00    463034400  ***  ***    0.4    0.4    0.4   15.1   15.1   55.8   13.8    6.3   10.0  820.40    1744     2192
2014-09-03 05:00:00    463035600  ***  ***    0.5    0.5    0.5   15.5   15.5   53.7   14.1    6.1   10.0  820.40    1744     2204
2014-09-03 05:20:00    463036800  ***  ***    0.0    0.0    0.0   15.1   15.1   55.2   13.8    6.2    9.9  820.30    1744     2192
2014-09-03 05:40:00    463038000  ***  ***    0.0    0.0    0.0   15.1   15.1   55.1   13.8    6.2    9.9  820.60    1742     2189
2014-09-03 06:00:00    463039200  ***  ***    0.0    0.0    0.0   15.5   15.5   53.7   14.1    6.1   10.0  820.80    1740     2200
2014-09-03 06:20:00    463040400  ***  ***    0.5    0.5    0.5   16.4   16.4   50.7   14.8    6.2   10.4  820.60    1740     2234
2014-09-03 06:40:00    463041600  ***  ***    0.0    0.0    0.0   15.9   15.9   54.6   14.5    6.8   10.5  820.70    1740     2217
2014-09-03 07:00:00    463042800  ***  ***    0.0    0.0    0.0   16.5   16.5   55.8   15.1    7.7   11.2  820.80    1740     2240
2014-09-03 07:20:00    463044000  ***  ***    0.0    0.0    0.0   18.6   18.6   51.4   17.0    8.4   12.3  820.60    1742     2316
2014-09-03 07:40:00    463045200  ***  ***    0.0    0.0    0.0   19.8   19.8   53.3   18.8   10.1   13.6  820.70    1740     2362
2014-09-03 08:00:00    463046400  ***  ***    0.0    0.0    0.0   23.2   23.2   45.1   22.4   10.6   15.0  820.40    1744     2480
2014-09-03 08:20:00    463047600  ***  ***    0.0    0.0    0.0   26.9   26.9   47.9   26.7   15.0   18.6  820.70    1740     2620
2014-09-03 08:40:00    463048800  ***  ***    0.0    0.0    0.0   25.6   25.6   47.6   25.0   13.6   17.4  820.70    1740     2569
2014-09-03 09:00:00    463050000  ***  ***    0.0    0.0    0.0   27.4   27.4   38.2   26.4   11.9   17.0  820.70    1740     2618
2014-09-03 09:20:00    463051200  ***  ***    1.7    1.7    1.7   28.0   28.0   34.5   26.7   10.9   16.6  820.80    1740     2635
2014-09-03 09:40:00    463052400  ***  ***    1.8    1.8    1.8   26.9   26.9   34.8   25.5   10.1   15.9  820.90    1739     2595
2014-09-03 10:00:00    463053600  ***  ***    0.8    0.8    0.8   29.1   29.1   36.4   28.4   12.7   17.9  820.80    1740     2678
2014-09-03 10:20:00    463054800  ***  ***    0.0    0.0    0.0   29.5   29.5   37.8   29.1   13.7   18.6  820.70    1740     2699
2014-09-03 10:40:00    463056000  ***  ***    0.4    0.4    0.4   29.0   29.0   31.6   27.6   10.5   16.8  820.50    1742     2670
2014-09-03 11:00:00    463057200  ***  ***    0.0    0.0    0.0   29.4   29.4   37.0   28.9   13.2   18.3  820.50    1742     2691
2014-09-03 11:20:00    463058400  ***  ***    0.4    0.4    0.4   30.9   30.9   35.2   30.7   13.8   19.0  820.30    1744     2747
2014-09-03 11:40:00    463059600  ***  ***    0.4    0.4    0.4   30.4   30.4   29.8   29.1   10.8   17.3  820.40    1744     2717
2014-09-03 12:00:00    463060800  ***  ***    0.0    0.0    0.0   30.8   30.8   34.6   30.4   13.4   18.8  820.10    1746     2745
2014-09-03 12:20:00    463062000  ***  ***    0.0    0.0    0.0   31.0   31.0   31.3   30.1   12.0   18.1  819.70    1750     2747
2014-09-03 12:40:00    463063200  ***  ***    0.9    0.9    0.9   32.1   32.1   29.6   31.4   12.1   18.4  819.60    1750     2786
2014-09-03 13:00:00    463064400  ***  ***    0.0    0.0    0.0   28.2   28.2   38.5   27.4   12.8   17.7  819.50    1752     2665
2014-09-03 13:20:00    463065600  ***  ***    0.0    0.0    0.0   30.0   30.0   26.1   28.3    8.4   16.1  819.40    1754     2706
2014-09-03 13:40:00    463066800  ***  ***    0.0    0.0    0.0   28.8   28.8   27.5   27.0    8.2   15.7  819.40    1752     2665
2014-09-03 14:00:00    463068000  ***  ***    0.0    0.0    0.0   33.0   33.0   25.0   31.9   10.3   17.8  819.20    1756     2812
2014-09-03 14:20:00    463069200  ***  ***    0.0    0.0    0.0   33.3   33.3   38.6   35.3   17.3   21.6  818.50    1761     2864
2014-09-03 14:40:00    463070400  ***  ***    0.7    0.7    0.7   27.4   27.4   30.6   25.6    8.6   15.4  818.50    1763     2637
2014-09-03 15:00:00    463071600  ***  ***    1.1    1.1    1.1   26.0   26.0   36.6   24.6   10.0   15.6  818.60    1760     2592
2014-09-03 15:20:00    463072800  ***  ***    0.7    0.7    0.7   22.9   22.9   48.0   22.3   11.3   15.3  818.90    1757     2492
2014-09-03 15:40:00    463074000  ***  ***    0.8    0.8    0.8   23.7   23.7   40.5   22.6    9.5   14.6  818.80    1758     2512
2014-09-03 16:00:00    463075200  ***  ***    0.0    0.0    0.0   25.8   25.8   49.1   25.4   14.3   17.8  818.40    1763     2607
2014-09-03 16:20:00    463076400  ***  ***    0.0    0.0    0.0   25.4   25.4   45.5   24.6   12.7   16.8  818.20    1765     2588
2014-09-03 16:40:00    463077600  ***  ***    0.0    0.0    0.0   27.5   27.5   38.1   26.5   11.9   17.0  818.00    1767     2655
2014-09-03 17:00:00    463078800  ***  ***    0.0    0.0    0.0   25.4   25.4   52.8   25.1   15.0   18.2  818.10    1765     2599
2014-09-03 17:20:00    463080000  ***  ***    0.0    0.0    0.0   24.6   24.6   46.8   23.8   12.5   16.4  818.20    1765     2561
2014-09-03 17:40:00    463081200  ***  ***    0.0    0.0    0.0   23.7   23.7   42.1   22.7   10.1   14.9  818.50    1761     2517
2014-09-03 18:00:00    463082400  ***  ***    0.0    0.0    0.0   19.1   19.1   77.6   19.0   15.1   16.4  818.60    1761     2388
2014-09-03 18:20:00    463083600  ***  ***    0.0    0.0    0.0   18.5   18.5   76.8   18.1   14.4   15.7  818.90    1758     2359
2014-09-03 18:40:00    463084800  ***  ***    0.0    0.0    0.0   18.1   18.1   77.5   17.8   14.1   15.4  818.50    1761     2347
2014-09-03 19:00:00    463086000  ***  ***    0.0    0.0    0.0   18.2   18.2   73.2   17.7   13.3   15.0  818.50    1761     2346
2014-09-03 19:20:00    463087200  ***  ***    0.6    0.6    0.6   19.7   19.7   60.7   19.0   11.9   14.6  818.70    1760     2389
2014-09-03 19:40:00    463088400  ***  ***    0.7    0.7    0.7   20.6   20.6   53.4   20.0   10.8   14.3  819.20    1754     2407
2014-09-03 20:00:00    463089600  ***  ***    0.0    0.0    0.0   19.4   19.4   62.6   18.7   12.1   14.6  819.20    1754     2375
2014-09-03 20:20:00    463090800  ***  ***    0.0    0.0    0.0   18.3   18.3   68.3   17.5   12.3   14.4  819.30    1754     2337
2014-09-03 20:40:00    463092000  ***  ***    0.0    0.0    0.0   17.5   17.5   72.4   16.9   12.5   14.2  819.30    1754     2310
2014-09-03 21:00:00    463093200  ***  ***    0.0    0.0    0.0   18.2   18.2   60.8   17.0   10.5   13.3  819.60    1752     2324
2014-09-03 21:20:00    463094400  ***  ***    0.5    0.5    0.5   19.2   19.2   57.5   18.1   10.7   13.7  819.70    1750     2356
2014-09-03 21:40:00    463095600  ***  ***    0.0    0.0    0.0   17.9   17.9   67.0   17.0   11.7   13.9  819.60    1752     2318
2014-09-03 22:00:00    463096800  ***  ***    0.0    0.0    0.0   17.9   17.9   67.8   17.1   11.9   14.0  819.70    1750     2317
2014-09-03 22:20:00    463098000  ***  ***    0.0    0.0    0.0   17.2   17.2   70.9   16.5   11.9   13.7  819.80    1750     2292
2014-09-03 22:40:00    463099200  ***  ***    0.0    0.0    0.0   17.3   17.3   70.2   16.6   11.8   13.7  819.50    1752     2298
2014-09-03 23:00:00    463100400  ***  ***    0.0    0.0    0.0   16.6   16.6   72.6   16.0   11.6   13.4  819.50    1752     2273
2014-09-03 23:20:00    463101600  ***  ***    0.3    0.3    0.3   16.9   16.9   70.6   16.2   11.5   13.4  819.80    1750     2280
2014-09-03 23:40:00    463102800  ***  ***    0.4    0.4    0.4   16.5   16.5   71.0   15.8   11.2   13.1  819.70    1750     2266
2014-09-04 00:00:00    463104000  ***  ***    0.0    0.0    0.0   16.6   16.6   67.0   15.7   10.4   12.7  819.50    1752     2266
2014-09-04 00:20:00    463105200  ***  ***    0.0    0.0    0.0   16.9   16.9   64.5   15.9   10.1   12.6  819.60    1752     2276
2014-09-04 00:40:00    463106400  ***  ***    0.0    0.0    0.0   16.7   16.7   63.3   15.6    9.7   12.3  819.20    1754     2272
2014-09-04 01:00:00    463107600  ***  ***    0.0    0.0    0.0   16.6   16.6   63.7   15.6    9.7   12.3  819.20    1756     2272
2014-09-04 01:20:00    463108800  ***  ***    0.0    0.0    0.0   16.8   16.8   62.6   15.7    9.6   12.3  818.90    1757     2279
2014-09-04 01:40:00    463110000  ***  ***    0.0    0.0    0.0   16.7   16.7   62.2   15.6    9.4   12.2  819.00    1757     2274
2014-09-04 02:00:00    463111200  ***  ***    0.4    0.4    0.4   17.0   17.0   60.5   15.8    9.3   12.2  819.00    1757     2284
2014-09-04 02:20:00    463112400  ***  ***    0.0    0.0    0.0   17.6   17.6   57.3   16.2    9.1   12.3  818.60    1761     2310
2014-09-04 02:40:00    463113600  ***  ***    0.0    0.0    0.0   17.5   17.5   58.5   16.2    9.3   12.4  818.70    1759     2305
2014-09-04 03:00:00    463114800  ***  ***    0.0    0.0    0.0   17.4   17.4   58.3   16.1    9.1   12.3  818.60    1761     2302
2014-09-04 03:20:00    463116000  ***  ***    0.0    0.0    0.0   17.8   17.8   56.5   16.4    9.1   12.4  818.50    1761     2318
2014-09-04 03:40:00    463117200  ***  ***    0.5    0.5    0.5   18.0   18.0   56.4   16.6    9.2   12.5  818.60    1761     2321
2014-09-04 04:00:00    463118400  ***  ***    0.4    0.4    0.4   17.6   17.6   57.3   16.2    9.1   12.3  818.30    1763     2312
2014-09-04 04:20:00    463119600  ***  ***    0.4    0.4    0.4   16.9   16.9   61.7   15.7    9.5   12.3  818.60    1761     2286
2014-09-04 04:40:00    463120800  ***  ***    0.4    0.4    0.4   16.4   16.4   65.3   15.5    9.9   12.3  818.80    1758     2268
2014-09-04 05:00:00    463122000  ***  ***    0.0    0.0    0.0   16.3   16.3   66.5   15.4   10.1   12.4  818.80    1759     2266
2014-09-04 05:20:00    463123200  ***  ***    0.4    0.4    0.4   16.8   16.8   64.8   15.8   10.1   12.6  819.10    1756     2280
2014-09-04 05:40:00    463124400  ***  ***    0.8    0.8    0.8   20.4   20.4   46.2   19.3    8.4   12.9  818.90    1758     2397
2014-09-04 06:00:00    463125600  ***  ***    0.7    0.7    0.7   20.5   20.5   45.1   19.5    8.2   12.9  818.90    1758     2401
2014-09-04 06:20:00    463126800  ***  ***    0.4    0.4    0.4   20.8   20.8   44.5   19.8    8.3   13.0  818.90    1758     2413
2014-09-04 06:40:00    463128000  ***  ***    0.0    0.0    0.0   18.7   18.7   55.9   17.3    9.7   13.0  818.90    1757     2343
2014-09-04 07:00:00    463129200  ***  ***    0.0    0.0    0.0   18.7   18.7   56.1   17.3    9.8   13.0  819.60    1752     2337
2014-09-04 07:20:00    463130400  ***  ***    0.0    0.0    0.0   18.2   18.2   62.1   17.1   10.8   13.5  819.70    1750     2323
2014-09-04 07:40:00    463131600  ***  ***    0.0    0.0    0.0   18.3   18.3   64.2   17.3   11.4   13.8  819.80    1750     2326
2014-09-04 08:00:00    463132800  ***  ***    0.0    0.0    0.0   19.3   19.3   70.2   18.9   13.8   15.6  819.60    1750     2374
2014-09-04 08:20:00    463134000  ***  ***    0.0    0.0    0.0   23.4   23.4   46.5   22.6   11.3   15.4  819.50    1752     2501
2014-09-04 08:40:00    463135200  ***  ***    0.0    0.0    0.0   22.3   22.3   57.8   22.2   13.6   16.4  819.60    1752     2473
2014-09-04 09:00:00    463136400  ***  ***    0.0    0.0    0.0   23.6   23.6   59.0   23.5   15.1   17.7  819.70    1750     2520
2014-09-04 09:20:00    463137600  ***  ***    0.0    0.0    0.0   25.5   25.5   61.0   25.9   17.4   19.7  819.70    1750     2597
2014-09-04 09:40:00    463138800  ***  ***    0.0    0.0    0.0   28.4   28.4   38.6   27.7   13.0   17.9  819.70    1750     2670
2014-09-04 10:00:00    463140000  ***  ***    0.0    0.0    0.0   31.3   31.3   35.8   31.4   14.4   19.4  819.90    1748     2769
2014-09-04 10:20:00    463141200  ***  ***    0.3    0.3    0.3   29.2   29.2   38.8   28.8   13.8   18.5  820.00    1748     2697
2014-09-04 10:40:00    463142400  ***  ***    0.6    0.6    0.6   29.9   29.9   41.6   30.3   15.4   19.6  820.10    1746     2725
2014-09-04 11:00:00    463143600  ***  ***    0.0    0.0    0.0   28.3   28.3   43.5   28.1   14.7   18.8  819.80    1748     2673
2014-09-04 11:20:00    463144800  ***  ***    0.0    0.0    0.0   28.5   28.5   37.4   27.7   12.6   17.7  819.90    1748     2668
2014-09-04 11:40:00    463146000  ***  ***    1.0    1.0    1.0   28.6   28.6   36.6   27.7   12.3   17.5  819.80    1750     2673
2014-09-04 12:00:00    463147200  ***  ***    0.4    0.4    0.4   30.0   30.0   34.7   29.4   12.7   18.2  819.60    1752     2722
2014-09-04 12:20:00    463148400  ***  ***    0.6    0.6    0.6   29.2   29.2   31.8   27.9   10.7   16.9  819.30    1754     2691
2014-09-04 12:40:00    463149600  ***  ***    0.7    0.7    0.7   28.4   28.4   34.8   27.2   11.4   17.0  819.20    1754     2668
2014-09-04 13:00:00    463150800  ***  ***    0.0    0.0    0.0   29.8   29.8   35.6   29.2   13.0   18.3  819.10    1756     2723
2014-09-04 13:20:00    463152000  ***  ***    0.0    0.0    0.0   29.0   29.0   33.3   27.9   11.3   17.2  819.20    1756     2689
2014-09-04 13:40:00    463153200  ***  ***    0.0    0.0    0.0   33.0   33.0   29.6   32.7   12.9   19.1  818.80    1759     2829
2014-09-04 14:00:00    463154400  ***  ***    0.5    0.5    0.5   33.7   33.7   35.5   35.2   16.3   21.1  818.50    1761     2871
2014-09-04 14:20:00    463155600  ***  ***    0.5    0.5    0.5   36.4   36.4   31.4   38.5   16.8   22.1  818.20    1765     2960
2014-09-04 14:40:00    463156800  ***  ***    0.0    0.0    0.0   32.2   32.2   29.3   31.5   12.1   18.5  818.00    1767     2809
2014-09-04 15:00:00    463158000  ***  ***    0.0    0.0    0.0   35.8   35.8   30.4   37.2   15.8   21.4  817.90    1767     2939
2014-09-04 15:20:00    463159200  ***  ***    0.5    0.5    0.5   36.7   36.7   26.0   37.5   14.1   20.7  817.70    1769     2962
2014-09-04 15:40:00    463160400  ***  ***    0.0    0.0    0.0   31.5   31.5   30.1   30.6   11.9   18.2  817.40    1773     2793
2014-09-04 16:00:00    463161600  ***  ***    0.4    0.4    0.4   34.6   34.6   32.8   35.9   15.8   21.1  817.60    1771     2905
2014-09-04 16:20:00    463162800  ***  ***    0.0    0.0    0.0   32.6   32.6   30.7   32.3   13.1   19.1  817.60    1771     2831
2014-09-04 16:40:00    463164000  ***  ***    0.8    0.8    0.8   28.6   28.6   33.1   27.3   10.8   16.8  817.20    1775     2697
2014-09-04 17:00:00    463165200  ***  ***    0.0    0.0    0.0   28.8   28.8   33.0   27.6   10.9   16.9  817.50    1773     2701
2014-09-04 17:20:00    463166400  ***  ***    0.0    0.0    0.0   28.2   28.2   33.7   26.8   10.7   16.6  817.60    1771     2679
2014-09-04 17:40:00    463167600  ***  ***    0.8    0.8    0.8   26.4   26.4   38.4   25.3   11.1   16.3  817.90    1769     2619
2014-09-04 18:00:00    463168800  ***  ***    1.0    1.0    1.0   24.5   24.5   38.5   23.2    9.5   14.9  817.90    1769     2551
2014-09-04 18:20:00    463170000  ***  ***    1.0    1.0    1.0   23.7   23.7   39.8   22.5    9.2   14.4  818.20    1765     2518
2014-09-04 18:40:00    463171200  ***  ***    0.0    0.0    0.0   22.8   22.8   46.2   22.1   10.6   14.9  818.70    1760     2488
2014-09-04 19:00:00    463172400  ***  ***    0.0    0.0    0.0   17.1   17.1   83.6   17.1   14.3   15.2  820.20    1746     2293
2014-09-04 19:20:00    463173600  ***  ***    0.0    0.0    0.0   16.7   16.7   98.2   17.4   16.4   16.5  820.30    1744     2290
2014-09-04 19:40:00    463174800  ***  ***    0.0    0.0    0.0   16.8   16.8  100.0   17.6   16.8   16.8  820.80    1740     2290
2014-09-04 20:00:00    463176000  ***  ***    0.3    0.3    0.3   16.4   16.4  100.0   17.2   16.4   16.4  821.10    1735     2269
2014-09-04 20:20:00    463177200  ***  ***    0.0    0.0    0.0   15.7   15.7  100.0   16.4   15.7   15.7  821.20    1735     2243
2014-09-04 20:40:00    463178400  ***  ***    0.0    0.0    0.0   15.7   15.7  100.0   16.4   15.7   15.7  821.20    1735     2243
2014-09-04 21:00:00    463179600  ***  ***    0.6    0.6    0.6   15.0   15.0   99.3   15.6   14.9   14.9  821.00    1738     2216
2014-09-04 21:20:00    463180800  ***  ***    0.0    0.0    0.0   15.3   15.3   95.5   15.8   14.6   14.8  821.10    1737     2224
2014-09-04 21:40:00    463182000  ***  ***    0.0    0.0    0.0   15.2   15.2  100.0   15.9   15.2   15.2  821.50    1733     2217
2014-09-04 22:00:00    463183200  ***  ***    0.0    0.0    0.0   15.2   15.2  100.0   15.9   15.2   15.2  821.90    1729     2214
2014-09-04 22:20:00    463184400  ***  ***    0.0    0.0    0.0   15.3   15.3  100.0   16.0   15.3   15.3  822.20    1725     2213
2014-09-04 22:40:00    463185600  ***  ***    0.0    0.0    0.0   15.4   15.4  100.0   16.1   15.4   15.4  822.30    1725     2216
2014-09-04 23:00:00    463186800  ***  ***    0.0    0.0    0.0   15.3   15.3  100.0   16.0   15.3   15.3  822.40    1724     2210
2014-09-04 23:20:00    463188000  ***  ***    0.0    0.0    0.0   15.4   15.4  100.0   16.1   15.4   15.4  822.30    1725     2216
2014-09-04 23:40:00    463189200  ***  ***    0.0    0.0    0.0   15.5   15.5  100.0   16.2   15.5   15.5  822.30    1725     2220
2014-09-05 00:00:00    463190400  ***  ***    0.0    0.0    0.0   15.5   15.5  100.0   16.2   15.5   15.5  822.40    1724     2220
2014-09-05 00:20:00    463191600  ***  ***    0.0    0.0    0.0   15.6   15.6  100.0   16.3   15.6   15.6  822.20    1726     2224
2014-09-05 00:40:00    463192800  ***  ***    0.0    0.0    0.0   15.7   15.7  100.0   16.4   15.7   15.7  822.40    1724     2227
2014-09-05 01:00:00    463194000  ***  ***    0.0    0.0    0.0   15.2   15.2  100.0   15.9   15.2   15.2  822.00    1727     2209
2014-09-05 01:20:00    463195200  ***  ***    0.0    0.0    0.0   15.2   15.2  100.0   15.9   15.2   15.2  822.00    1727     2211
2014-09-05 01:40:00    463196400  ***  ***    0.0    0.0    0.0   15.1   15.1  100.0   15.8   15.1   15.1  822.00    1727     2209
2014-09-05 02:00:00    463197600  ***  ***    0.0    0.0    0.0   15.2   15.2  100.0   15.9   15.2   15.2  821.70    1731     2215
2014-09-05 02:20:00    463198800  ***  ***    0.0    0.0    0.0   15.6   15.6   95.5   16.1   14.9   15.1  822.00    1727     2224
2014-09-05 02:40:00    463200000  ***  ***    0.7    0.7    0.7   15.6   15.6   93.8   16.1   14.6   14.9  821.80    1729     2225
2014-09-05 03:00:00    463201200  ***  ***    0.6    0.6    0.6   16.0   16.0   83.4   16.0   13.2   14.2  821.70    1731     2232
2014-09-05 03:20:00    463202400  ***  ***    0.0    0.0    0.0   15.6   15.6   95.7   16.1   14.9   15.1  821.50    1733     2229
2014-09-05 03:40:00    463203600  ***  ***    0.0    0.0    0.0   15.4   15.4   99.3   16.0   15.3   15.3  821.50    1733     2227
2014-09-05 04:00:00    463204800  ***  ***    0.0    0.0    0.0   15.7   15.7   90.0   16.0   14.1   14.6  821.50    1733     2231
2014-09-05 04:20:00    463206000  ***  ***    0.0    0.0    0.0   15.1   15.1   94.3   15.5   14.2   14.5  821.30    1735     2213
2014-09-05 04:40:00    463207200  ***  ***    0.0    0.0    0.0   15.3   15.3   92.1   15.7   14.0   14.4  821.40    1733     2216
2014-09-05 05:00:00    463208400  ***  ***    0.0    0.0    0.0   15.6   15.6   91.9   16.0   14.3   14.7  821.70    1731     2225
2014-09-05 05:20:00    463209600  ***  ***    0.0    0.0    0.0   15.3   15.3   95.3   15.8   14.6   14.8  821.70    1729     2216
2014-09-05 05:40:00    463210800  ***  ***    0.0    0.0    0.0   15.3   15.3   94.5   15.8   14.4   14.7  821.80    1729     2214
2014-09-05 06:00:00    463212000  ***  ***    0.0    0.0    0.0   15.5   15.5   91.9   15.9   14.2   14.6  822.00    1727     2216
2014-09-05 06:20:00    463213200  ***  ***    0.0    0.0    0.0   14.8   14.8   95.5   15.2   14.1   14.3  822.20    1726     2192
2014-09-05 06:40:00    463214400  ***  ***    0.0    0.0    0.0   15.0   15.0   94.9   15.4   14.2   14.5  822.30    1725     2198
2014-09-05 07:00:00    463215600  ***  ***    0.0    0.0    0.0   15.2   15.2   99.4   15.9   15.1   15.1  822.60    1722     2204
2014-09-05 07:20:00    463216800  ***  ***    0.0    0.0    0.0   15.8   15.8   95.9   16.4   15.1   15.3  822.50    1722     2224
2014-09-05 07:40:00    463218000  ***  ***    0.0    0.0    0.0   17.2   17.2   82.8   17.2   14.2   15.2  822.50    1723     2270
2014-09-05 08:00:00    463219200  ***  ***    0.0    0.0    0.0   19.1   19.1   75.4   18.9   14.6   16.0  822.70    1721     2333
2014-09-05 08:20:00    463220400  ***  ***    0.5    0.5    0.5   20.6   20.6   69.6   20.6   14.9   16.7  822.50    1722     2388
2014-09-05 08:40:00    463221600  ***  ***    0.6    0.6    0.6   22.1   22.1   66.3   22.4   15.5   17.5  822.80    1720     2438
2014-09-05 09:00:00    463222800  ***  ***    0.3    0.3    0.3   23.1   23.1   68.6   23.5   17.0   18.8  823.00    1718     2476
2014-09-05 09:20:00    463224000  ***  ***    0.0    0.0    0.0   23.0   23.0   64.1   23.2   15.8   18.0  823.00    1718     2465
2014-09-05 09:40:00    463225200  ***  ***    0.0    0.0    0.0   24.0   24.0   61.5   24.1   16.1   18.4  823.30    1715     2497
2014-09-05 10:00:00    463226400  ***  ***    0.6    0.6    0.6   24.1   24.1   62.5   24.2   16.6   18.8  823.30    1715     2505
2014-09-05 10:20:00    463227600  ***  ***    0.0    0.0    0.0   21.4   21.4   67.9   21.6   15.2   17.1  823.50    1713     2403
2014-09-05 10:40:00    463228800  ***  ***    0.0    0.0    0.0   21.6   21.6   67.9   21.9   15.4   17.3  823.50    1713     2412
2014-09-05 11:00:00    463230000  ***  ***    0.0    0.0    0.0   23.1   23.1   59.9   23.0   14.9   17.4  823.50    1713     2458
2014-09-05 11:20:00    463231200  ***  ***    0.0    0.0    0.0   23.2   23.2   61.7   23.3   15.5   17.8  823.30    1715     2468
2014-09-05 11:40:00    463232400  ***  ***    0.0    0.0    0.0   24.2   24.2   54.4   23.8   14.4   17.4  823.20    1716     2496
2014-09-05 12:00:00    463233600  ***  ***    0.7    0.7    0.7   24.7   24.7   56.9   24.5   15.6   18.3  823.10    1716     2521
2014-09-05 12:20:00    463234800  ***  ***    0.5    0.5    0.5   25.1   25.1   56.8   25.0   15.9   18.6  822.90    1719     2537
2014-09-05 12:40:00    463236000  ***  ***    0.0    0.0    0.0   23.4   23.4   61.0   23.4   15.4   17.8  822.80    1720     2480
2014-09-05 13:00:00    463237200  ***  ***    0.0    0.0    0.0   26.0   26.0   64.1   27.0   18.7   20.7  822.90    1719     2584
2014-09-05 13:20:00    463238400  ***  ***    0.0    0.0    0.0   29.4   29.4   56.1   31.8   19.7   22.2  822.90    1719     2700
2014-09-05 13:40:00    463239600  ***  ***    0.0    0.0    0.0   27.3   27.3   53.6   27.8   17.0   19.9  822.40    1724     2623
2014-09-05 14:00:00    463240800  ***  ***    0.0    0.0    0.0   28.3   28.3   46.7   28.5   15.8   19.4  822.20    1725     2651
2014-09-05 14:20:00    463242000  ***  ***    0.5    0.5    0.5   31.7   31.7   44.6   33.7   18.2   21.8  822.30    1725     2774
2014-09-05 14:40:00    463243200  ***  ***    0.0    0.0    0.0   30.6   30.6   49.6   32.8   18.8   21.9  821.80    1729     2748
2014-09-05 15:00:00    463244400  ***  ***    0.5    0.5    0.5   28.1   28.1   50.5   28.6   16.9   20.1  821.60    1731     2658
2014-09-05 15:20:00    463245600  ***  ***    0.6    0.6    0.6   32.3   32.3   43.0   34.5   18.2   21.9  821.50    1731     2801
2014-09-05 15:40:00    463246800  ***  ***    0.0    0.0    0.0   27.5   27.5   55.8   28.3   17.8   20.5  821.50    1733     2643
2014-09-05 16:00:00    463248000  ***  ***    0.0    0.0    0.0   26.0   26.0   63.0   26.9   18.4   20.5  821.40    1733     2601
2014-09-05 16:20:00    463249200  ***  ***    0.0    0.0    0.0   24.8   24.8   59.9   24.7   16.5   18.9  821.60    1731     2546
2014-09-05 16:40:00    463250400  ***  ***    0.0    0.0    0.0   25.2   25.2   54.0   24.9   15.3   18.3  821.30    1735     2558
2014-09-05 17:00:00    463251600  ***  ***    0.5    0.5    0.5   24.1   24.1   65.2   24.3   17.2   19.2  821.30    1735     2531
2014-09-05 17:20:00    463252800  ***  ***    0.0    0.0    0.0   24.1   24.1   57.0   23.9   15.0   17.8  821.20    1735     2519
2014-09-05 17:40:00    463254000  ***  ***    0.0    0.0    0.0   24.2   24.2   64.8   24.4   17.2   19.2  821.50    1731     2531
2014-09-05 18:00:00    463255200  ***  ***    0.0    0.0    0.0   21.4   21.4   72.8   21.8   16.3   17.8  821.60    1731     2432
2014-09-05 18:20:00    463256400  ***  ***    0.0    0.0    0.0   19.7   19.7   76.9   19.7   15.5   16.8  821.70    1731     2370
2014-09-05 18:40:00    463257600  ***  ***    0.0    0.0    0.0   18.6   18.6   78.0   18.3   14.7   15.9  821.90    1727     2326
2014-09-05 19:00:00    463258800  ***  ***    0.0    0.0    0.0   18.0   18.0   77.1   17.7   14.0   15.3  822.20    1726     2300
2014-09-05 19:20:00    463260000  ***  ***    0.0    0.0    0.0   17.3   17.3   81.4   17.2   14.1   15.1  822.40    1724     2273
2014-09-05 19:40:00    463261200  ***  ***    0.0    0.0    0.0   17.3   17.3   81.2   17.2   14.0   15.1  822.60    1722     2271
2014-09-05 20:00:00    463262400  ***  ***    0.0    0.0    0.0   17.4   17.4   77.1   17.1   13.3   14.7  822.80    1720     2268
2014-09-05 20:20:00    463263600  ***  ***    0.0    0.0    0.0   17.2   17.2   76.5   16.8   13.0   14.4  823.00    1718     2258
2014-09-05 20:40:00    463264800  ***  ***    0.5    0.5    0.5   17.1   17.1   76.6   16.7   13.0   14.4  823.20    1716     2252
2014-09-05 21:00:00    463266000  ***  ***    0.0    0.0    0.0   16.7   16.7   77.3   16.4   12.7   14.1  823.40    1713     2232
2014-09-05 21:20:00    463267200  ***  ***    0.5    0.5    0.5   16.3   16.3   77.9   16.0   12.4   13.7  823.30    1714     2220
2014-09-05 21:40:00    463268400  ***  ***    0.0    0.0    0.0   16.7   16.7   75.7   16.3   12.4   13.9  823.60    1711     2228
2014-09-05 22:00:00    463269600  ***  ***    0.0    0.0    0.0   16.9   16.9   75.9   16.5   12.6   14.1  823.60    1712     2239
2014-09-05 22:20:00    463270800  ***  ***    0.7    0.7    0.7   17.1   17.1   75.8   16.7   12.8   14.3  823.60    1712     2247
2014-09-05 22:40:00    463272000  ***  ***    0.0    0.0    0.0   17.6   17.6   72.2   17.0   12.5   14.3  823.60    1711     2260
2014-09-05 23:00:00    463273200  ***  ***    0.0    0.0    0.0   16.9   16.9   78.4   16.6   13.1   14.4  823.60    1711     2239
2014-09-05 23:20:00    463274400  ***  ***    0.0    0.0    0.0   16.6   16.6   79.3   16.4   13.0   14.2  823.70    1711     2231
2014-09-05 23:40:00    463275600  ***  ***    0.0    0.0    0.0   16.6   16.6   81.0   16.5   13.3   14.4  823.70    1711     2231
2014-09-06 00:00:00    463276800  ***  ***    0.0    0.0    0.0   16.7   16.7   80.0   16.5   13.3   14.5  823.70    1711     2235
2014-09-06 00:20:00    463278000  ***  ***    0.0    0.0    0.0   16.3   16.3   83.3   16.3   13.4   14.4  823.60    1711     2219
2014-09-06 00:40:00    463279200  ***  ***    0.0    0.0    0.0   15.6   15.6   89.9   15.8   14.0   14.5  823.60    1712     2202
2014-09-06 01:00:00    463280400  ***  ***    0.0    0.0    0.0   16.3   16.3   84.2   16.3   13.6   14.5  823.60    1711     2221
2014-09-06 01:20:00    463281600  ***  ***    0.0    0.0    0.0   15.1   15.1   92.5   15.5   13.9   14.3  823.60    1712     2184
2014-09-06 01:40:00    463282800  ***  ***    0.0    0.0    0.0   15.6   15.6   88.4   15.8   13.6   14.3  823.60    1712     2198
2014-09-06 02:00:00    463284000  ***  ***    0.0    0.0    0.0   15.5   15.5   88.0   15.6   13.5   14.2  823.40    1713     2196
2014-09-06 02:20:00    463285200  ***  ***    0.0    0.0    0.0   15.6   15.6   87.5   15.7   13.5   14.2  823.40    1713     2198
2014-09-06 02:40:00    463286400  ***  ***    0.0    0.0    0.0   15.7   15.7   87.0   15.8   13.5   14.3  823.40    1714     2204
2014-09-06 03:00:00    463287600  ***  ***    0.0    0.0    0.0   15.7   15.7   85.9   15.7   13.4   14.2  823.40    1714     2204
2014-09-06 03:20:00    463288800  ***  ***    0.0    0.0    0.0   15.6   15.6   86.1   15.6   13.3   14.1  823.20    1716     2202
2014-09-06 03:40:00    463290000  ***  ***    0.0    0.0    0.0   15.2   15.2   88.4   15.4   13.3   14.0  822.90    1718     2192
2014-09-06 04:00:00    463291200  ***  ***    0.0    0.0    0.0   15.6   15.6   87.5   15.7   13.5   14.2  823.30    1715     2201
2014-09-06 04:20:00    463292400  ***  ***    0.0    0.0    0.0   15.5   15.5   87.0   15.6   13.4   14.1  823.30    1715     2198
2014-09-06 04:40:00    463293600  ***  ***    0.0    0.0    0.0   15.5   15.5   87.1   15.6   13.3   14.1  823.40    1713     2194
2014-09-06 05:00:00    463294800  ***  ***    0.0    0.0    0.0   15.8   15.8   84.4   15.8   13.2   14.1  823.50    1713     2204
2014-09-06 05:20:00    463296000  ***  ***    0.5    0.5    0.5   15.5   15.5   86.1   15.5   13.2   14.0  823.40    1714     2196
2014-09-06 05:40:00    463297200  ***  ***    0.0    0.0    0.0   14.7   14.7   90.2   15.0   13.1   13.7  823.50    1713     2167
2014-09-06 06:00:00    463298400  ***  ***    0.0    0.0    0.0   14.6   14.6   91.5   14.9   13.3   13.7  823.60    1712     2164
2014-09-06 06:20:00    463299600  ***  ***    0.0    0.0    0.0   15.0   15.0   91.0   15.3   13.5   14.0  823.80    1710     2176
2014-09-06 06:40:00    463300800  ***  ***    0.0    0.0    0.0   15.7   15.7   90.4   16.0   14.1   14.6  823.90    1709     2199
2014-09-06 07:00:00    463302000  ***  ***    0.0    0.0    0.0   16.3   16.3   92.3   16.7   15.1   15.5  824.20    1705     2220
2014-09-06 07:20:00    463303200  ***  ***    0.0    0.0    0.0   17.7   17.7   88.8   17.9   15.8   16.4  824.20    1706     2274
2014-09-06 07:40:00    463304400  ***  ***    0.0    0.0    0.0   18.5   18.5   86.4   18.7   16.2   16.9  824.20    1705     2301
2014-09-06 08:00:00    463305600  ***  ***    0.0    0.0    0.0   20.3   20.3   73.6   20.4   15.4   16.9  824.20    1705     2359
2014-09-06 08:20:00    463306800  ***  ***    0.0    0.0    0.0   21.6   21.6   74.6   22.1   16.9   18.3  824.40    1704     2410
2014-09-06 08:40:00    463308000  ***  ***    0.0    0.0    0.0   22.7   22.7   72.9   23.3   17.6   19.0  824.40    1704     2449
2014-09-06 09:00:00    463309200  ***  ***    0.0    0.0    0.0   23.6   23.6   67.7   24.0   17.3   19.1  824.20    1705     2480
2014-09-06 09:20:00    463310400  ***  ***    0.0    0.0    0.0   22.8   22.8   73.4   23.4   17.8   19.2  824.30    1704     2453
2014-09-06 09:40:00    463311600  ***  ***    0.0    0.0    0.0   24.1   24.1   66.4   24.4   17.4   19.3  824.30    1705     2495
2014-09-06 10:00:00    463312800  ***  ***    0.0    0.0    0.0   24.8   24.8   56.6   24.5   15.5   18.3  824.30    1705     2508
2014-09-06 10:20:00    463314000  ***  ***    0.0    0.0    0.0   27.2   27.2   56.4   27.9   17.7   20.4  824.20    1706     2600
2014-09-06 10:40:00    463315200  ***  ***    0.0    0.0    0.0   26.4   26.4   56.1   26.8   16.9   19.6  824.20    1706     2571
2014-09-06 11:00:00    463316400  ***  ***    0.0    0.0    0.0   26.1   26.1   55.8   26.3   16.5   19.3  824.10    1706     2558
2014-09-06 11:20:00    463317600  ***  ***    0.6    0.6    0.6   28.6   28.6   53.9   29.9   18.4   21.2  823.90    1708     2654
2014-09-06 11:40:00    463318800  ***  ***    0.5    0.5    0.5   28.3   28.3   50.9   29.0   17.1   20.2  823.60    1712     2640
2014-09-06 12:00:00    463320000  ***  ***    0.0    0.0    0.0   30.2   30.2   44.9   31.1   17.0   20.7  823.60    1712     2703
2014-09-06 12:20:00    463321200  ***  ***    0.0    0.0    0.0   26.7   26.7   56.4   27.2   17.3   20.0  823.20    1715     2591
2014-09-06 12:40:00    463322400  ***  ***    0.0    0.0    0.0   23.2   23.2   65.0   23.4   16.2   18.3  823.40    1713     2468
2014-09-06 13:00:00    463323600  ***  ***    0.0    0.0    0.0   22.0   22.0   70.6   22.4   16.4   18.1  823.60    1712     2429
2014-09-06 13:20:00    463324800  ***  ***    0.4    0.4    0.4   20.9   20.9   72.5   21.1   15.7   17.3  823.70    1710     2385
2014-09-06 13:40:00    463326000  ***  ***    0.0    0.0    0.0   20.6   20.6   75.3   20.9   16.1   17.5  823.70    1710     2380
2014-09-06 14:00:00    463327200  ***  ***    0.0    0.0    0.0   20.7   20.7   76.3   21.0   16.4   17.7  823.70    1711     2384
2014-09-06 14:20:00    463328400  ***  ***    0.0    0.0    0.0   20.5   20.5   81.2   20.9   17.2   18.1  823.30    1715     2388
2014-09-06 14:40:00    463329600  ***  ***    0.0    0.0    0.0   21.4   21.4   82.4   22.0   18.2   19.1  823.00    1718     2426
2014-09-06 15:00:00    463330800  ***  ***    0.0    0.0    0.0   22.6   22.6   75.9   23.3   18.2   19.4  822.70    1720     2470
2014-09-06 15:20:00    463332000  ***  ***    0.0    0.0    0.0   22.4   22.4   71.3   22.8   17.0   18.6  822.70    1721     2457
2014-09-06 15:40:00    463333200  ***  ***    0.0    0.0    0.0   22.5   22.5   71.2   22.9   17.1   18.7  822.60    1722     2463
2014-09-06 16:00:00    463334400  ***  ***    0.0    0.0    0.0   22.4   22.4   71.1   22.8   16.9   18.5  822.40    1724     2461
2014-09-06 16:20:00    463335600  ***  ***    0.0    0.0    0.0   21.8   21.8   75.5   22.4   17.3   18.6  822.30    1724     2443
2014-09-06 16:40:00    463336800  ***  ***    0.0    0.0    0.0   21.8   21.8   75.9   22.4   17.4   18.7  822.40    1724     2442
2014-09-06 17:00:00    463338000  ***  ***    0.0    0.0    0.0   21.8   21.8   78.8   22.5   18.0   19.1  822.30    1724     2447
2014-09-06 17:20:00    463339200  ***  ***    0.0    0.0    0.0   21.7   21.7   80.1   22.4   18.2   19.2  822.40    1724     2445
2014-09-06 17:40:00    463340400  ***  ***    0.3    0.3    0.3   20.4   20.4   80.7   20.8   16.9   18.0  822.10    1726     2394
2014-09-06 18:00:00    463341600  ***  ***    0.0    0.0    0.0   19.4   19.4   85.8   19.7   17.0   17.7  822.20    1726     2363
2014-09-06 18:20:00    463342800  ***  ***    0.0    0.0    0.0   18.6   18.6   91.2   19.0   17.1   17.5  822.20    1725     2334
2014-09-06 18:40:00    463344000  ***  ***    0.0    0.0    0.0   18.0   18.0   92.8   18.4   16.8   17.2  822.40    1724     2312
2014-09-06 19:00:00    463345200  ***  ***    0.0    0.0    0.0   17.6   17.6   95.4   18.1   16.8   17.0  822.60    1722     2293
2014-09-06 19:20:00    463346400  ***  ***    0.0    0.0    0.0   17.4   17.4   96.6   18.0   16.8   16.9  822.80    1720     2286
2014-09-06 19:40:00    463347600  ***  ***    0.0    0.0    0.0   18.0   18.0   93.4   18.4   16.9   17.2  823.20    1715     2299
2014-09-06 20:00:00    463348800  ***  ***    0.0    0.0    0.0   17.5   17.5   95.7   18.1   16.8   17.0  823.30    1714     2282
2014-09-06 20:20:00    463350000  ***  ***    0.0    0.0    0.0   17.4   17.4   96.3   18.0   16.8   16.9  823.70    1710     2275
2014-09-06 20:40:00    463351200  ***  ***    0.0    0.0    0.0   17.0   17.0   97.5   17.7   16.6   16.7  823.70    1710     2260
2014-09-06 21:00:00    463352400  ***  ***    0.0    0.0    0.0   16.6   16.6   98.9   17.3   16.5   16.5  823.80    1710     2246
2014-09-06 21:20:00    463353600  ***  ***    0.0    0.0    0.0   16.5   16.5   99.5   17.3   16.4   16.4  823.70    1710     2240
2014-09-06 21:40:00    463354800  ***  ***    0.0    0.0    0.0   16.1   16.1  100.0   16.8   16.1   16.1  823.80    1710     2227
2014-09-06 22:00:00    463356000  ***  ***    0.0    0.0    0.0   16.3   16.3  100.0   17.1   16.3   16.3  823.70    1710     2232
2014-09-06 22:20:00    463357200  ***  ***    0.0    0.0    0.0   15.9   15.9  100.0   16.6   15.9   15.9  823.90    1709     2216
2014-09-06 22:40:00    463358400  ***  ***    0.0    0.0    0.0   15.7   15.7  100.0   16.4   15.7   15.7  823.90    1708     2208
2014-09-06 23:00:00    463359600  ***  ***    0.0    0.0    0.0   15.4   15.4  100.0   16.1   15.4   15.4  823.80    1710     2198
2014-09-06 23:20:00    463360800  ***  ***    0.0    0.0    0.0   15.6   15.6  100.0   16.3   15.6   15.6  823.70    1710     2204
2014-09-06 23:40:00    463362000  ***  ***    0.0    0.0    0.0   15.9   15.9  100.0   16.6   15.9   15.9  823.50    1713     2221
2014-09-07 00:00:00    463363200  ***  ***    0.0    0.0    0.0   16.5   16.5   99.7   17.3   16.5   16.5  823.50    1712     2244
2014-09-07 00:20:00    463364400  ***  ***    0.0    0.0    0.0   16.8   16.8   91.1   17.1   15.3   15.8  823.40    1714     2250
2014-09-07 00:40:00    463365600  ***  ***    0.0    0.0    0.0   16.4   16.4   89.1   16.6   14.6   15.2  823.10    1716     2237
2014-09-07 01:00:00    463366800  ***  ***    0.6    0.6    0.6   17.0   17.0   84.5   17.0   14.4   15.2  823.10    1717     2255
2014-09-07 01:20:00    463368000  ***  ***    0.0    0.0    0.0   17.8   17.8   79.8   17.6   14.2   15.4  822.80    1720     2285
2014-09-07 01:40:00    463369200  ***  ***    0.0    0.0    0.0   17.0   17.0   90.1   17.3   15.4   15.9  822.90    1719     2264
2014-09-07 02:00:00    463370400  ***  ***    0.0    0.0    0.0   16.9   16.9   90.4   17.2   15.3   15.8  822.70    1720     2261
2014-09-07 02:20:00    463371600  ***  ***    0.0    0.0    0.0   16.2   16.2   96.3   16.8   15.6   15.8  822.90    1718     2234
2014-09-07 02:40:00    463372800  ***  ***    0.0    0.0    0.0   15.8   15.8   98.1   16.4   15.5   15.6  822.70    1720     2225
2014-09-07 03:00:00    463374000  ***  ***    0.0    0.0    0.0   16.4   16.4   96.4   17.0   15.8   16.0  822.70    1720     2247
2014-09-07 03:20:00    463375200  ***  ***    0.0    0.0    0.0   16.0   16.0   97.4   16.6   15.6   15.7  822.60    1722     2235
2014-09-07 03:40:00    463376400  ***  ***    0.0    0.0    0.0   15.7   15.7   98.6   16.3   15.4   15.5  822.20    1725     2227
2014-09-07 04:00:00    463377600  ***  ***    0.0    0.0    0.0   15.1   15.1  100.0   15.8   15.1   15.1  822.40    1724     2204
2014-09-07 04:20:00    463378800  ***  ***    0.0    0.0    0.0   15.4   15.4  100.0   16.1   15.4   15.4  822.50    1722     2214
2014-09-07 04:40:00    463380000  ***  ***    0.0    0.0    0.0   15.6   15.6  100.0   16.3   15.6   15.6  822.30    1724     2224
2014-09-07 05:00:00    463381200  ***  ***    0.8    0.8    0.8   15.4   15.4  100.0   16.1   15.4   15.4  822.20    1726     2220
2014-09-07 05:20:00    463382400  ***  ***    0.0    0.0    0.0   15.4   15.4  100.0   16.1   15.4   15.4  822.20    1725     2218
2014-09-07 05:40:00    463383600  ***  ***    0.0    0.0    0.0   15.3   15.3  100.0   16.0   15.3   15.3  822.40    1724     2210
2014-09-07 06:00:00    463384800  ***  ***    0.0    0.0    0.0   15.2   15.2  100.0   15.9   15.2   15.2  822.30    1724     2208
2014-09-07 06:20:00    463386000  ***  ***    0.0    0.0    0.0   15.4   15.4  100.0   16.1   15.4   15.4  822.40    1723     2216
2014-09-07 06:40:00    463387200  ***  ***    1.0    1.0    1.0   16.5   16.5   99.0   17.2   16.3   16.3  822.90    1719     2251
2014-09-07 07:00:00    463388400  ***  ***    0.0    0.0    0.0   17.2   17.2   91.0   17.5   15.7   16.2  822.90    1718     2272
2014-09-07 07:20:00    463389600  ***  ***    0.0    0.0    0.0   18.0   18.0   87.4   18.1   15.9   16.6  823.10    1716     2297
2014-09-07 07:40:00    463390800  ***  ***    0.0    0.0    0.0   20.5   20.5   76.6   20.7   16.2   17.5  823.20    1716     2383
2014-09-07 08:00:00    463392000  ***  ***    0.0    0.0    0.0   20.4   20.4   78.1   20.6   16.4   17.6  823.30    1715     2379
2014-09-07 08:20:00    463393200  ***  ***    0.0    0.0    0.0   18.8   18.8   79.9   18.7   15.3   16.4  823.50    1713     2318
2014-09-07 08:40:00    463394400  ***  ***    0.0    0.0    0.0   20.5   20.5   74.8   20.6   15.9   17.3  823.60    1712     2376
2014-09-07 09:00:00    463395600  ***  ***    0.0    0.0    0.0   22.7   22.7   71.1   23.2   17.2   18.8  823.70    1710     2454
2014-09-07 09:20:00    463396800  ***  ***    0.0    0.0    0.0   22.8   22.8   67.6   23.1   16.5   18.4  823.90    1709     2453
2014-09-07 09:40:00    463398000  ***  ***    0.0    0.0    0.0   21.7   21.7   68.6   22.0   15.7   17.5  823.90    1709     2413
2014-09-07 10:00:00    463399200  ***  ***    0.0    0.0    0.0   21.1   21.1   69.7   21.3   15.4   17.2  824.00    1708     2389
2014-09-07 10:20:00    463400400  ***  ***    0.0    0.0    0.0   24.0   24.0   64.3   24.2   16.8   18.9  823.80    1710     2494
2014-09-07 10:40:00    463401600  ***  ***    0.4    0.4    0.4   23.3   23.3   63.7   23.5   16.0   18.2  824.00    1708     2465
2014-09-07 11:00:00    463402800  ***  ***    0.6    0.6    0.6   23.4   23.4   66.6   23.7   16.8   18.7  823.70    1710     2474
2014-09-07 11:20:00    463404000  ***  ***    0.5    0.5    0.5   23.0   23.0   63.1   23.2   15.6   17.8  823.50    1712     2459
2014-09-07 11:40:00    463405200  ***  ***    0.0    0.0    0.0   25.1   25.1   58.1   25.0   16.3   18.9  823.60    1712     2532
2014-09-07 12:00:00    463406400  ***  ***    0.6    0.6    0.6   23.1   23.1   61.2   23.1   15.2   17.6  823.30    1715     2463
2014-09-07 12:20:00    463407600  ***  ***    0.0    0.0    0.0   24.6   24.6   61.6   24.7   16.7   19.0  823.20    1716     2522
2014-09-07 12:40:00    463408800  ***  ***    0.6    0.6    0.6   30.1   30.1   53.6   32.6   19.6   22.3  822.80    1720     2723
2014-09-07 13:00:00    463410000  ***  ***    0.0    0.0    0.0   28.0   28.0   49.0   28.2   16.3   19.6  822.40    1723     2640
2014-09-07 13:20:00    463411200  ***  ***    0.0    0.0    0.0   27.0   27.0   52.5   27.3   16.5   19.5  822.40    1724     2609
2014-09-07 13:40:00    463412400  ***  ***    0.8    0.8    0.8   24.0   24.0   58.9   23.9   15.5   18.1  822.00    1727     2510
2014-09-07 14:00:00    463413600  ***  ***    0.3    0.3    0.3   24.8   24.8   59.8   24.7   16.5   18.9  821.70    1731     2545
2014-09-07 14:20:00    463414800  ***  ***    0.7    0.7    0.7   29.9   29.9   52.7   32.1   19.1   21.9  821.70    1731     2727
2014-09-07 14:40:00    463416000  ***  ***    0.7    0.7    0.7   32.9   32.9   46.3   36.5   19.9   23.1  821.20    1735     2836
2014-09-07 15:00:00    463417200  ***  ***    0.0    0.0    0.0   29.1   29.1   48.4   30.0   17.1   20.4  821.00    1737     2695
2014-09-07 15:20:00    463418400  ***  ***    0.0    0.0    0.0   26.5   26.5   52.9   26.6   16.1   19.1  820.70    1740     2611
2014-09-07 15:40:00    463419600  ***  ***    0.7    0.7    0.7   23.7   23.7   60.6   23.7   15.6   18.0  820.60    1742     2518
2014-09-07 16:00:00    463420800  ***  ***    0.0    0.0    0.0   22.3   22.3   63.3   22.5   15.0   17.3  820.50    1742     2467
2014-09-07 16:20:00    463422000  ***  ***    0.0    0.0    0.0   23.3   23.3   60.8   23.3   15.3   17.7  820.50    1742     2503
2014-09-07 16:40:00    463423200  ***  ***    0.0    0.0    0.0   23.5   23.5   60.9   23.5   15.5   17.9  820.40    1744     2514
2014-09-07 17:00:00    463424400  ***  ***    0.0    0.0    0.0   22.7   22.7   64.7   22.9   15.7   17.8  820.50    1742     2484
2014-09-07 17:20:00    463425600  ***  ***    0.0    0.0    0.0   22.0   22.0   65.0   22.2   15.1   17.3  820.70    1740     2456
2014-09-07 17:40:00    463426800  ***  ***    0.0    0.0    0.0   20.9   20.9   67.7   20.9   14.7   16.6  820.90    1739     2416
2014-09-07 18:00:00    463428000  ***  ***    0.0    0.0    0.0   20.1   20.1   75.1   20.2   15.6   17.0  820.80    1739     2394
2014-09-07 18:20:00    463429200  ***  ***    0.0    0.0    0.0   19.1   19.1   78.4   19.0   15.2   16.4  820.90    1738     2356
2014-09-07 18:40:00    463430400  ***  ***    0.0    0.0    0.0   18.6   18.6   73.2   18.1   13.8   15.4  821.00    1737     2333
2014-09-07 19:00:00    463431600  ***  ***    0.0    0.0    0.0   18.6   18.6   71.3   18.0   13.3   15.1  821.20    1735     2329
2014-09-07 19:20:00    463432800  ***  ***    0.0    0.0    0.0   17.8   17.8   75.5   17.4   13.5   15.0  821.30    1733     2302
2014-09-07 19:40:00    463434000  ***  ***    0.0    0.0    0.0   17.7   17.7   74.6   17.2   13.1   14.7  821.50    1733     2292
2014-09-07 20:00:00    463435200  ***  ***    0.0    0.0    0.0   16.8   16.8   82.3   16.7   13.8   14.8  821.70    1731     2263
2014-09-07 20:20:00    463436400  ***  ***    0.5    0.5    0.5   16.6   16.6   79.6   16.4   13.1   14.3  822.00    1727     2250
2014-09-07 20:40:00    463437600  ***  ***    0.5    0.5    0.5   16.6   16.6   79.7   16.4   13.1   14.3  822.00    1727     2249
2014-09-07 21:00:00    463438800  ***  ***    0.0    0.0    0.0   16.9   16.9   77.6   16.6   12.9   14.3  822.10    1726     2256
2014-09-07 21:20:00    463440000  ***  ***    0.0    0.0    0.0   16.3   16.3   80.1   16.1   12.8   14.0  822.30    1725     2233
2014-09-07 21:40:00    463441200  ***  ***    0.0    0.0    0.0   16.5   16.5   79.0   16.3   12.8   14.1  822.30    1725     2242
2014-09-07 22:00:00    463442400  ***  ***    0.0    0.0    0.0   16.8   16.8   77.5   16.5   12.8   14.2  822.50    1722     2247
2014-09-07 22:20:00    463443600  ***  ***    1.0    1.0    1.0   17.2   17.2   75.2   16.8   12.8   14.3  822.60    1722     2261
2014-09-07 22:40:00    463444800  ***  ***    0.0    0.0    0.0   16.7   16.7   78.5   16.4   13.0   14.3  822.50    1722     2247
2014-09-07 23:00:00    463446000  ***  ***    0.0    0.0    0.0   16.9   16.9   78.5   16.6   13.1   14.4  822.50    1723     2255
2014-09-07 23:20:00    463447200  ***  ***    0.0    0.0    0.0   17.0   17.0   79.1   16.8   13.3   14.6  822.40    1723     2257
2014-09-07 23:40:00    463448400  ***  ***    0.0    0.0    0.0   17.1   17.1   80.6   16.9   13.7   14.9  822.40    1724     2264
2014-09-08 00:00:00    463449600  ***  ***    0.0    0.0    0.0   17.3   17.3   80.7   17.2   14.0   15.1  822.40    1724     2273
2014-09-08 00:20:00    463450800  ***  ***    0.0    0.0    0.0   17.1   17.1   81.2   17.0   13.8   14.9  822.20    1726     2267
2014-09-08 00:40:00    463452000  ***  ***    0.0    0.0    0.0   17.3   17.3   81.2   17.2   14.1   15.1  822.10    1726     2276
2014-09-08 01:00:00    463453200  ***  ***    0.0    0.0    0.0   17.0   17.0   82.1   16.9   13.9   14.9  822.00    1727     2266
2014-09-08 01:20:00    463454400  ***  ***    0.0    0.0    0.0   16.4   16.4   85.8   16.4   14.0   14.8  821.90    1729     2248
2014-09-08 01:40:00    463455600  ***  ***    0.0    0.0    0.0   15.4   15.4   90.2   15.7   13.8   14.3  821.80    1729     2215
2014-09-08 02:00:00    463456800  ***  ***    0.0    0.0    0.0   15.0   15.0   92.2   15.4   13.8   14.2  821.70    1729     2202
2014-09-08 02:20:00    463458000  ***  ***    0.0    0.0    0.0   14.9   14.9   92.6   15.3   13.7   14.1  821.80    1729     2196
2014-09-08 02:40:00    463459200  ***  ***    0.0    0.0    0.0   14.2   14.2   94.6   14.6   13.4   13.7  821.50    1733     2176
2014-09-08 03:00:00    463460400  ***  ***    0.0    0.0    0.0   14.0   14.0   95.3   14.4   13.3   13.5  821.50    1733     2167
2014-09-08 03:20:00    463461600  ***  ***    0.0    0.0    0.0   13.9   13.9   95.4   14.3   13.2   13.4  821.30    1735     2166
2014-09-08 03:40:00    463462800  ***  ***    0.0    0.0    0.0   13.7   13.7   96.8   14.2   13.2   13.4  821.20    1735     2159
2014-09-08 04:00:00    463464000  ***  ***    0.0    0.0    0.0   13.6   13.6   97.0   14.1   13.1   13.3  821.20    1735     2156
2014-09-08 04:20:00    463465200  ***  ***    0.0    0.0    0.0   13.6   13.6   97.1   14.1   13.2   13.3  821.40    1733     2155
2014-09-08 04:40:00    463466400  ***  ***    0.0    0.0    0.0   14.1   14.1   94.8   14.5   13.3   13.6  821.40    1733     2173
2014-09-08 05:00:00    463467600  ***  ***    0.0    0.0    0.0   14.5   14.5   93.1   14.8   13.4   13.8  821.50    1731     2185
2014-09-08 05:20:00    463468800  ***  ***    0.0    0.0    0.0   15.0   15.0   91.1   15.3   13.6   14.1  821.60    1731     2204
2014-09-08 05:40:00    463470000  ***  ***    0.0    0.0    0.0   14.2   14.2   94.4   14.6   13.4   13.7  821.80    1729     2172
2014-09-08 06:00:00    463471200  ***  ***    0.0    0.0    0.0   13.9   13.9   96.3   14.4   13.4   13.6  822.00    1727     2160
2014-09-08 06:20:00    463472400  ***  ***    0.5    0.5    0.5   13.8   13.8   97.6   14.4   13.5   13.6  822.00    1727     2156
2014-09-08 06:40:00    463473600  ***  ***    0.0    0.0    0.0   14.0   14.0   97.4   14.5   13.6   13.7  822.20    1726     2161
2014-09-08 07:00:00    463474800  ***  ***    0.0    0.0    0.0   14.6   14.6   94.3   15.0   13.7   14.0  822.10    1726     2181
2014-09-08 07:20:00    463476000  ***  ***    0.0    0.0    0.0   15.9   15.9   90.6   16.2   14.4   14.9  822.10    1727     2232
2014-09-08 07:40:00    463477200  ***  ***    0.0    0.0    0.0   21.5   21.5   69.6   21.9   15.7   17.4  822.00    1727     2429
2014-09-08 08:00:00    463478400  ***  ***    0.0    0.0    0.0   21.8   21.8   66.4   22.1   15.3   17.3  822.20    1726     2434
2014-09-08 08:20:00    463479600  ***  ***    1.2    1.2    1.2   20.4   20.4   68.8   20.3   14.5   16.4  822.20    1725     2383
2014-09-08 08:40:00    463480800  ***  ***    0.7    0.7    0.7   22.8   22.8   63.6   23.0   15.5   17.7  822.20    1725     2466
2014-09-08 09:00:00    463482000  ***  ***    0.0    0.0    0.0   22.7   22.7   65.5   22.9   15.9   18.0  822.50    1723     2465
2014-09-08 09:20:00    463483200  ***  ***    0.0    0.0    0.0   22.1   22.1   66.6   22.4   15.6   17.6  822.60    1722     2441
2014-09-08 09:40:00    463484400  ***  ***    0.4    0.4    0.4   22.2   22.2   66.4   22.5   15.6   17.6  822.70    1720     2441
2014-09-08 10:00:00    463485600  ***  ***    0.0    0.0    0.0   23.0   23.0   69.0   23.4   17.0   18.7  822.70    1720     2474
2014-09-08 10:20:00    463486800  ***  ***    0.0    0.0    0.0   22.1   22.1   65.8   22.3   15.4   17.4  822.70    1720     2437
2014-09-08 10:40:00    463488000  ***  ***    0.0    0.0    0.0   20.8   20.8   79.7   21.3   17.1   18.2  822.70    1720     2402
2014-09-08 11:00:00    463489200  ***  ***    0.0    0.0    0.0   21.2   21.2   82.2   21.8   18.0   18.9  822.90    1719     2420
2014-09-08 11:20:00    463490400  ***  ***    0.0    0.0    0.0   23.6   23.6   69.8   24.1   17.8   19.4  822.60    1722     2504
2014-09-08 11:40:00    463491600  ***  ***    0.0    0.0    0.0   22.3   22.3   73.0   22.8   17.2   18.7  822.30    1724     2457
2014-09-08 12:00:00    463492800  ***  ***    0.6    0.6    0.6   23.8   23.8   70.0   24.3   18.0   19.6  822.20    1726     2515
2014-09-08 12:20:00    463494000  ***  ***    0.0    0.0    0.0   24.2   24.2   67.3   24.5   17.7   19.6  822.00    1727     2526
2014-09-08 12:40:00    463495200  ***  ***    0.0    0.0    0.0   23.9   23.9   64.4   24.1   16.8   18.9  821.80    1729     2515
2014-09-08 13:00:00    463496400  ***  ***    0.0    0.0    0.0   25.8   25.8   61.6   26.4   17.8   20.0  821.50    1731     2588
2014-09-08 13:20:00    463497600  ***  ***    1.1    1.1    1.1   19.6   19.6   82.3   19.8   16.5   17.4  822.10    1727     2368
2014-09-08 13:40:00    463498800  ***  ***    0.0    0.0    0.0   17.0   17.0  100.0   17.8   17.0   17.0  822.30    1724     2278
2014-09-08 14:00:00    463500000  ***  ***    0.0    0.0    0.0   16.8   16.8  100.0   17.6   16.8   16.8  822.30    1724     2269
2014-09-08 14:20:00    463501200  ***  ***    0.0    0.0    0.0   17.2   17.2  100.0   18.0   17.2   17.2  822.30    1724     2285
2014-09-08 14:40:00    463502400  ***  ***    0.0    0.0    0.0   17.6   17.6  100.0   18.4   17.6   17.6  822.20    1725     2303
2014-09-08 15:00:00    463503600  ***  ***    0.0    0.0    0.0   17.4   17.4  100.0   18.2   17.4   17.4  822.10    1726     2298
2014-09-08 15:20:00    463504800  ***  ***    0.0    0.0    0.0   17.8   17.8  100.0   18.6   17.8   17.8  822.10    1727     2312
2014-09-08 15:40:00    463506000  ***  ***    0.0    0.0    0.0   17.7   17.7  100.0   18.5   17.7   17.7  822.00    1727     2312
2014-09-08 16:00:00    463507200  ***  ***    0.0    0.0    0.0   18.0   18.0  100.0   18.8   18.0   18.0  822.00    1727     2320
2014-09-08 16:20:00    463508400  ***  ***    0.0    0.0    0.0   18.1   18.1  100.0   18.9   18.1   18.1  822.00    1727     2327
2014-09-08 16:40:00    463509600  ***  ***    0.0    0.0    0.0   18.1   18.1  100.0   18.9   18.1   18.1  821.90    1729     2329
2014-09-08 17:00:00    463510800  ***  ***    0.0    0.0    0.0   18.2   18.2  100.0   19.0   18.2   18.2  821.70    1731     2337
2014-09-08 17:20:00    463512000  ***  ***    0.0    0.0    0.0   17.4   17.4  100.0   18.2   17.4   17.4  821.50    1731     2303
2014-09-08 17:40:00    463513200  ***  ***    0.0    0.0    0.0   16.6   16.6  100.0   17.4   16.6   16.6  821.70    1729     2271
2014-09-08 18:00:00    463514400  ***  ***    0.0    0.0    0.0   16.9   16.9  100.0   17.7   16.9   16.9  821.60    1731     2282
2014-09-08 18:20:00    463515600  ***  ***    0.0    0.0    0.0   16.8   16.8  100.0   17.6   16.8   16.8  821.60    1731     2278
2014-09-08 18:40:00    463516800  ***  ***    0.0    0.0    0.0   16.8   16.8  100.0   17.6   16.8   16.8  821.70    1729     2277
2014-09-08 19:00:00    463518000  ***  ***    0.0    0.0    0.0   16.6   16.6  100.0   17.4   16.6   16.6  821.90    1729     2270
2014-09-08 19:20:00    463519200  ***  ***    0.0    0.0    0.0   16.6   16.6  100.0   17.4   16.6   16.6  822.30    1725     2263
2014-09-08 19:40:00    463520400  ***  ***    0.0    0.0    0.0   16.1   16.1  100.0   16.8   16.1   16.1  822.30    1725     2245
2014-09-08 20:00:00    463521600  ***  ***    0.0    0.0    0.0   16.0   16.0  100.0   16.7   16.0   16.0  822.60    1722     2236
2014-09-08 20:20:00    463522800  ***  ***    0.0    0.0    0.0   15.8   15.8  100.0   16.5   15.8   15.8  822.70    1721     2227
2014-09-08 20:40:00    463524000  ***  ***    0.0    0.0    0.0   15.9   15.9  100.0   16.6   15.9   15.9  823.10    1717     2227
2014-09-08 21:00:00    463525200  ***  ***    0.0    0.0    0.0   15.7   15.7  100.0   16.4   15.7   15.7  823.20    1715     2216
2014-09-08 21:20:00    463526400  ***  ***    0.0    0.0    0.0   15.5   15.5  100.0   16.2   15.5   15.5  823.20    1716     2210
2014-09-08 21:40:00    463527600  ***  ***    0.0    0.0    0.0   15.5   15.5  100.0   16.2   15.5   15.5  823.30    1714     2206
2014-09-08 22:00:00    463528800  ***  ***    0.0    0.0    0.0   15.5   15.5  100.0   16.2   15.5   15.5  823.20    1715     2209
2014-09-08 22:20:00    463530000  ***  ***    0.0    0.0    0.0   15.4   15.4  100.0   16.1   15.4   15.4  823.30    1714     2203
2014-09-08 22:40:00    463531200  ***  ***    0.0    0.0    0.0   15.4   15.4  100.0   16.1   15.4   15.4  823.20    1715     2204
2014-09-08 23:00:00    463532400  ***  ***    0.0    0.0    0.0   15.4   15.4  100.0   16.1   15.4   15.4  823.20    1715     2204
2014-09-08 23:20:00    463533600  ***  ***    0.0    0.0    0.0   15.3   15.3  100.0   16.0   15.3   15.3  823.30    1715     2200
2014-09-08 23:40:00    463534800  ***  ***    0.0    0.0    0.0   15.3   15.3  100.0   16.0   15.3   15.3  823.20    1715     2200
2014-09-09 00:00:00    463536000  ***  ***    0.0    0.0    0.0   15.2   15.2  100.0   15.9   15.2   15.2  823.30    1715     2198
2014-09-09 00:20:00    463537200  ***  ***    0.0    0.0    0.0   15.2   15.2  100.0   15.9   15.2   15.2  823.10    1717     2199
2014-09-09 00:40:00    463538400  ***  ***    0.0    0.0    0.0   15.2   15.2  100.0   15.9   15.2   15.2  823.10    1716     2197
2014-09-09 01:00:00    463539600  ***  ***    0.0    0.0    0.0   14.9   14.9  100.0   15.6   14.9   14.9  823.00    1718     2190
2014-09-09 01:20:00    463540800  ***  ***    0.0    0.0    0.0   14.9   14.9  100.0   15.6   14.9   14.9  823.00    1717     2188
2014-09-09 01:40:00    463542000  ***  ***    0.0    0.0    0.0   14.8   14.8  100.0   15.5   14.8   14.8  822.70    1720     2188
2014-09-09 02:00:00    463543200  ***  ***    0.0    0.0    0.0   14.8   14.8  100.0   15.5   14.8   14.8  822.70    1721     2190
2014-09-09 02:20:00    463544400  ***  ***    0.0    0.0    0.0   14.9   14.9  100.0   15.6   14.9   14.9  822.60    1721     2192
2014-09-09 02:40:00    463545600  ***  ***    0.0    0.0    0.0   14.9   14.9  100.0   15.6   14.9   14.9  822.80    1720     2190
2014-09-09 03:00:00    463546800  ***  ***    0.0    0.0    0.0   15.1   15.1  100.0   15.8   15.1   15.1  822.70    1720     2198
2014-09-09 03:20:00    463548000  ***  ***    0.0    0.0    0.0   15.0   15.0  100.0   15.7   15.0   15.0  822.70    1721     2196
2014-09-09 03:40:00    463549200  ***  ***    0.0    0.0    0.0   15.1   15.1  100.0   15.8   15.1   15.1  822.60    1721     2201
2014-09-09 04:00:00    463550400  ***  ***    0.0    0.0    0.0   15.2   15.2  100.0   15.9   15.2   15.2  822.60    1722     2204
2014-09-09 04:20:00    463551600  ***  ***    0.0    0.0    0.0   15.3   15.3  100.0   16.0   15.3   15.3  822.70    1721     2209
2014-09-09 04:40:00    463552800  ***  ***    0.0    0.0    0.0   15.2   15.2  100.0   15.9   15.2   15.2  822.70    1720     2204
2014-09-09 05:00:00    463554000  ***  ***    0.0    0.0    0.0   15.4   15.4  100.0   16.1   15.4   15.4  822.80    1720     2210
2014-09-09 05:20:00    463555200  ***  ***    0.0    0.0    0.0   15.2   15.2  100.0   15.9   15.2   15.2  822.80    1720     2203
2014-09-09 05:40:00    463556400  ***  ***    0.0    0.0    0.0   15.2   15.2  100.0   15.9   15.2   15.2  822.70    1721     2204
2014-09-09 06:00:00    463557600  ***  ***    0.0    0.0    0.0   15.4   15.4  100.0   16.1   15.4   15.4  822.90    1718     2209
2014-09-09 06:20:00    463558800  ***  ***    0.0    0.0    0.0   15.6   15.6  100.0   16.3   15.6   15.6  823.00    1717     2216
2014-09-09 06:40:00    463560000  ***  ***    0.0    0.0    0.0   16.1   16.1  100.0   16.8   16.1   16.1  823.10    1717     2235
2014-09-09 07:00:00    463561200  ***  ***    0.0    0.0    0.0   16.6   16.6  100.0   17.4   16.6   16.6  823.30    1714     2250
2014-09-09 07:20:00    463562400  ***  ***    0.0    0.0    0.0   17.3   17.3  100.0   18.1   17.3   17.3  823.30    1714     2278
2014-09-09 07:40:00    463563600  ***  ***    0.0    0.0    0.0   17.6   17.6  100.0   18.4   17.6   17.6  823.40    1714     2290
2014-09-09 08:00:00    463564800  ***  ***    0.0    0.0    0.0   19.0   19.0  100.0   19.9   19.0   19.0  823.30    1715     2346
2014-09-09 08:20:00    463566000  ***  ***    0.8    0.8    0.8   20.5   20.5   86.5   21.1   18.1   18.8  823.30    1715     2391
2014-09-09 08:40:00    463567200  ***  ***    0.0    0.0    0.0   21.0   21.0   85.7   21.6   18.6   19.2  823.50    1713     2411
2014-09-09 09:00:00    463568400  ***  ***    0.7    0.7    0.7   23.1   23.1   79.6   24.1   19.4   20.4  823.30    1714     2485
2014-09-09 09:20:00    463569600  ***  ***    0.4    0.4    0.4   21.4   21.4   75.1   21.9   16.8   18.1  823.70    1710     2410
2014-09-09 09:40:00    463570800  ***  ***    0.4    0.4    0.4   21.5   21.5   71.0   21.9   16.0   17.7  823.80    1710     2408
2014-09-09 10:00:00    463572000  ***  ***    0.5    0.5    0.5   22.1   22.1   68.1   22.4   15.9   17.8  823.80    1709     2426
2014-09-09 10:20:00    463573200  ***  ***    0.5    0.5    0.5   22.3   22.3   64.8   22.5   15.4   17.5  823.50    1713     2436
