FORMATTED DATE-TIME           DT   MG   TR     WS     CW     HW     TP     WC     RH     HI     DP     WB      BP      AL       DA
YYYY-MM-DD HH:MM:SS            s  Mag True    m/s    m/s    m/s     °C     °C      %     °C     °C     °C     hPa       m        m
----------------------------------------------------------------------------------------------------------------------------------
2014-09-04 08:00:00    463132800  ***  ***    0.0    0.0    0.0   14.9   14.9   59.8   13.8    7.2   10.2  734.00    2636     3282
2014-09-04 08:20:00    463134000  ***  ***    0.0    0.0    0.0   15.2   15.2   63.1   14.2    8.2   10.8  734.20    2633     3290
2014-09-04 08:40:00    463135200  ***  ***    0.0    0.0    0.0   15.8   15.8   59.0   14.6    7.8   10.8  734.30    2632     3308
2014-09-04 09:00:00    463136400  ***  ***    0.8    0.8    0.8   16.2   16.2   54.7   14.8    7.1   10.5  734.40    2632     3318
2014-09-04 09:20:00    463137600  ***  ***    0.9    0.9    0.9   17.3   17.3   54.0   15.7    7.9   11.4  734.60    2629     3354
2014-09-04 09:40:00    463138800  ***  ***    0.0    0.0    0.0   19.5   19.5   49.3   18.2    8.6   12.5  734.50    2631     3432
2014-09-04 10:00:00    463140000  ***  ***    1.1    1.1    1.1   17.9   17.9   47.7   16.0    6.7   10.9  734.70    2629     3370
2014-09-04 10:20:00    463141200  ***  ***    1.9    1.9    1.9   17.7   17.7   48.1   15.8    6.6   10.9  734.60    2629     3363
2014-09-04 10:40:00    463142400  ***  ***    0.6    0.6    0.6   18.0   18.0   46.2   16.0    6.3   10.8  734.60    2629     3372
2014-09-04 11:00:00    463143600  ***  ***    0.7    0.7    0.7   17.6   17.6   53.9   16.0    8.2   11.6  734.80    2627     3364
2014-09-04 11:20:00    463144800  ***  ***    1.8    1.8    1.8   16.7   16.7   51.1   15.1    6.6   10.5  734.60    2629     3332
2014-09-04 11:40:00    463146000  ***  ***    0.0    0.0    0.0   16.8   16.8   55.4   15.4    7.8   11.1  734.30    2632     3342
2014-09-04 12:00:00    463147200  ***  ***    1.1    1.1    1.1   16.6   16.6   58.4   15.4    8.4   11.3  734.50    2630     3334
2014-09-04 12:20:00    463148400  ***  ***    0.0    0.0    0.0   17.2   17.2   56.7   15.8    8.6   11.7  734.40    2631     3358
2014-09-04 12:40:00    463149600  ***  ***    0.7    0.7    0.7   16.4   16.4   56.2   15.0    7.7   10.9  734.60    2629     3324
2014-09-04 13:00:00    463150800  ***  ***    0.0    0.0    0.0   16.7   16.7   59.7   15.5    8.8   11.6  734.20    2633     3342
2014-09-04 13:20:00    463152000  ***  ***    0.0    0.0    0.0   15.2   15.2   71.8   14.7   10.2   11.9  734.20    2634     3299
2014-09-04 13:40:00    463153200  ***  ***    0.0    0.0    0.0   14.9   14.9   75.5   14.5   10.6   12.1  734.00    2636     3292
2014-09-04 14:00:00    463154400  ***  ***    0.0    0.0    0.0   16.7   16.7   58.8   15.5    8.6   11.5  733.90    2637     3347
2014-09-04 14:20:00    463155600  ***  ***    0.7    0.7    0.7   17.0   17.0   60.7   15.8    9.4   12.1  733.40    2642     3367
2014-09-04 14:40:00    463156800  ***  ***    0.0    0.0    0.0   17.7   17.7   56.2   16.2    8.8   12.0  733.50    2642     3385
2014-09-04 15:00:00    463158000  ***  ***    0.0    0.0    0.0   17.5   17.5   55.9   16.0    8.6   11.8  733.40    2642     3378
2014-09-04 15:20:00    463159200  ***  ***    0.3    0.3    0.3   18.0   18.0   50.9   16.3    7.7   11.5  733.20    2645     3397
2014-09-04 15:40:00    463160400  ***  ***    0.0    0.0    0.0   18.0   18.0   52.6   16.4    8.2   11.8  733.00    2647     3401
2014-09-04 16:00:00    463161600  ***  ***    0.7    0.7    0.7   18.0   18.0   52.8   16.4    8.3   11.9  733.20    2644     3399
2014-09-04 16:20:00    463162800  ***  ***    0.0    0.0    0.0   18.0   18.0   50.2   16.2    7.5   11.4  732.90    2648     3400
2014-09-04 16:40:00    463164000  ***  ***    0.6    0.6    0.6   16.9   16.9   59.3   15.6    8.9   11.8  733.00    2647     3366
2014-09-04 17:00:00    463165200  ***  ***    0.0    0.0    0.0   16.7   16.7   59.9   15.5    8.9   11.7  733.20    2645     3357
2014-09-04 17:20:00    463166400  ***  ***    0.0    0.0    0.0   15.8   15.8   64.2   14.9    9.0   11.4  733.20    2644     3327
2014-09-04 17:40:00    463167600  ***  ***    0.0    0.0    0.0   15.0   15.0   68.4   14.3    9.3   11.3  733.20    2644     3302
2014-09-04 18:00:00    463168800  ***  ***    0.0    0.0    0.0   10.0   10.0   89.9   10.1    8.4    9.0  733.70    2639     3123
2014-09-04 18:20:00    463170000  ***  ***    0.0    0.0    0.0   11.1   11.1   96.7   11.5   10.6   10.8  733.60    2641     3169
2014-09-04 18:40:00    463171200  ***  ***    0.0    0.0    0.0   10.5   10.5   95.5   10.8    9.8   10.0  733.50    2641     3148
2014-09-04 19:00:00    463172400  ***  ***    0.3    0.3    0.3   10.6   10.6   93.3   10.8    9.5    9.9  733.90    2637     3144
2014-09-04 19:20:00    463173600  ***  ***    0.0    0.0    0.0   10.2   10.2   96.8   10.5    9.7    9.9  734.10    2634     3128
2014-09-04 19:40:00    463174800  ***  ***    0.0    0.0    0.0   10.3   10.3   96.4   10.6    9.7    9.9  734.60    2630     3125
2014-09-04 20:00:00    463176000  ***  ***    0.0    0.0    0.0   10.4   10.4   95.1   10.7    9.6    9.9  734.80    2628     3127
2014-09-04 20:20:00    463177200  ***  ***    0.0    0.0    0.0   10.4   10.4   96.6   10.7    9.9   10.1  735.10    2624     3124
2014-09-04 20:40:00    463178400  ***  ***    0.0    0.0    0.0   10.3   10.3   96.9   10.6    9.8   10.0  735.10    2623     3119
2014-09-04 21:00:00    463179600  ***  ***    0.0    0.0    0.0    9.9    9.9   98.8   10.3    9.7    9.8  735.10    2624     3106
2014-09-04 21:20:00    463180800  ***  ***    0.0    0.0    0.0   10.0   10.0   98.2   10.4    9.7    9.8  735.00    2625     3109
2014-09-04 21:40:00    463182000  ***  ***    0.0    0.0    0.0   10.4   10.4   98.7   10.8   10.2   10.3  735.20    2623     3123
2014-09-04 22:00:00    463183200  ***  ***    0.0    0.0    0.0   10.2   10.2   97.9   10.6    9.9   10.0  735.30    2622     3115
2014-09-04 22:20:00    463184400  ***  ***    0.0    0.0    0.0   10.3   10.3   98.3   10.7   10.1   10.2  735.40    2621     3118
2014-09-04 22:40:00    463185600  ***  ***    0.0    0.0    0.0   10.2   10.2   99.2   10.6   10.1   10.1  735.40    2620     3114
2014-09-04 23:00:00    463186800  ***  ***    0.0    0.0    0.0   10.2   10.2   98.3   10.6   10.0   10.1  735.70    2618     3110
2014-09-04 23:20:00    463188000  ***  ***    0.0    0.0    0.0   10.2   10.2   99.8   10.7   10.2   10.2  735.60    2619     3113
2014-09-04 23:40:00    463189200  ***  ***    0.0    0.0    0.0   10.3   10.3   98.3   10.7   10.0   10.1  735.70    2617     3112
2014-09-05 00:00:00    463190400  ***  ***    0.0    0.0    0.0   10.5   10.5   98.1   10.9   10.2   10.3  735.70    2617     3119
2014-09-05 00:20:00    463191600  ***  ***    0.0    0.0    0.0   10.3   10.3   98.7   10.7   10.1   10.2  735.60    2619     3115
2014-09-05 00:40:00    463192800  ***  ***    0.0    0.0    0.0   10.2   10.2  100.0   10.7   10.2   10.2  735.50    2620     3113
2014-09-05 01:00:00    463194000  ***  ***    0.0    0.0    0.0    9.7    9.7  100.0   10.1    9.7    9.7  735.10    2623     3101
2014-09-05 01:20:00    463195200  ***  ***    0.0    0.0    0.0    9.9    9.9   98.1   10.3    9.6    9.8  735.20    2622     3104
2014-09-05 01:40:00    463196400  ***  ***    0.0    0.0    0.0    9.9    9.9   98.7   10.3    9.7    9.8  735.40    2621     3104
2014-09-05 02:00:00    463197600  ***  ***    0.0    0.0    0.0   10.0   10.0   99.0   10.4    9.9    9.9  735.10    2623     3112
2014-09-05 02:20:00    463198800  ***  ***    0.0    0.0    0.0    9.7    9.7  100.0   10.1    9.7    9.7  735.60    2619     3094
2014-09-05 02:40:00    463200000  ***  ***    0.0    0.0    0.0   10.1   10.1   98.5   10.5    9.9   10.0  735.10    2624     3115
2014-09-05 03:00:00    463201200  ***  ***    0.0    0.0    0.0   10.1   10.1  100.0   10.5   10.1   10.1  735.30    2621     3111
2014-09-05 03:20:00    463202400  ***  ***    0.0    0.0    0.0   10.1   10.1  100.0   10.5   10.1   10.1  735.40    2620     3113
2014-09-05 03:40:00    463203600  ***  ***    0.0    0.0    0.0   10.0   10.0  100.0   10.4   10.0   10.0  735.20    2622     3110
2014-09-05 04:00:00    463204800  ***  ***    0.0    0.0    0.0   10.1   10.1   99.9   10.5   10.0   10.0  735.10    2624     3114
2014-09-05 04:20:00    463206000  ***  ***    0.0    0.0    0.0    9.8    9.8   98.1   10.2    9.5    9.6  735.10    2624     3103
2014-09-05 04:40:00    463207200  ***  ***    0.0    0.0    0.0    9.7    9.7   97.9   10.1    9.4    9.5  735.10    2624     3099
2014-09-05 05:00:00    463208400  ***  ***    0.0    0.0    0.0    9.8    9.8   99.8   10.2    9.8    9.8  735.30    2622     3101
2014-09-05 05:20:00    463209600  ***  ***    0.0    0.0    0.0   10.1   10.1   97.6   10.5    9.7    9.8  735.30    2622     3110
2014-09-05 05:40:00    463210800  ***  ***    0.0    0.0    0.0    9.8    9.8   98.9   10.2    9.7    9.7  735.40    2621     3100
2014-09-05 06:00:00    463212000  ***  ***    0.0    0.0    0.0   10.1   10.1   96.8   10.4    9.6    9.8  735.40    2620     3108
2014-09-05 06:20:00    463213200  ***  ***    0.0    0.0    0.0    9.7    9.7   98.4   10.1    9.5    9.6  735.60    2618     3093
2014-09-05 06:40:00    463214400  ***  ***    0.0    0.0    0.0   10.5   10.5   95.4   10.8    9.8   10.0  735.70    2617     3119
2014-09-05 07:00:00    463215600  ***  ***    0.0    0.0    0.0   11.1   11.1   95.9   11.5   10.5   10.7  736.00    2614     3138
2014-09-05 07:20:00    463216800  ***  ***    0.0    0.0    0.0   11.4   11.4   93.4   11.7   10.4   10.7  735.70    2617     3153
2014-09-05 07:40:00    463218000  ***  ***    0.0    0.0    0.0   11.7   11.7   93.8   12.0   10.7   11.1  736.00    2614     3158
2014-09-05 08:00:00    463219200  ***  ***    0.0    0.0    0.0   12.7   12.7   84.2   12.7   10.1   11.1  736.30    2611     3187
2014-09-05 08:20:00    463220400  ***  ***    0.0    0.0    0.0   13.2   13.2   83.2   13.2   10.4   11.4  736.20    2612     3206
2014-09-05 08:40:00    463221600  ***  ***    0.0    0.0    0.0   17.0   17.0   62.6   15.9    9.8   12.3  736.20    2612     3331
2014-09-05 09:00:00    463222800  ***  ***    0.0    0.0    0.0   14.6   14.6   72.8   14.1    9.8   11.5  736.30    2610     3251
2014-09-05 09:20:00    463224000  ***  ***    0.8    0.8    0.8   16.1   16.1   68.3   15.3   10.2   12.2  736.40    2610     3299
2014-09-05 09:40:00    463225200  ***  ***    1.5    1.5    1.5   15.8   15.8   71.9   15.2   10.7   12.5  736.30    2611     3294
2014-09-05 10:00:00    463226400  ***  ***    0.6    0.6    0.6   14.9   14.9   82.6   14.9   12.0   12.9  736.70    2607     3264
2014-09-05 10:20:00    463227600  ***  ***    0.7    0.7    0.7   14.2   14.2   86.0   14.2   11.9   12.6  736.60    2608     3243
2014-09-05 10:40:00    463228800  ***  ***    0.3    0.3    0.3   14.5   14.5   86.0   14.5   12.2   12.9  736.80    2605     3250
2014-09-05 11:00:00    463230000  ***  ***    0.0    0.0    0.0   13.2   13.2   88.8   13.4   11.4   12.0  736.70    2607     3202
2014-09-05 11:20:00    463231200  ***  ***    0.0    0.0    0.0   13.2   13.2   88.9   13.4   11.4   12.0  736.90    2604     3202
2014-09-05 11:40:00    463232400  ***  ***    0.0    0.0    0.0   13.2   13.2   90.7   13.4   11.7   12.2  736.70    2606     3205
2014-09-05 12:00:00    463233600  ***  ***    0.6    0.6    0.6   12.7   12.7   93.5   13.0   11.7   12.1  736.60    2608     3190
2014-09-05 12:20:00    463234800  ***  ***    0.0    0.0    0.0   12.9   12.9   92.6   13.2   11.7   12.1  736.70    2606     3196
2014-09-05 12:40:00    463236000  ***  ***    0.6    0.6    0.6   12.5   12.5   94.1   12.9   11.6   12.0  736.70    2607     3182
2014-09-05 13:00:00    463237200  ***  ***    0.0    0.0    0.0   12.5   12.5   93.6   12.8   11.5   11.9  736.50    2609     3184
2014-09-05 13:20:00    463238400  ***  ***    0.0    0.0    0.0   13.4   13.4   92.4   13.7   12.2   12.6  736.80    2606     3214
2014-09-05 13:40:00    463239600  ***  ***    0.0    0.0    0.0   13.5   13.5   92.7   13.8   12.4   12.8  736.40    2610     3224
2014-09-05 14:00:00    463240800  ***  ***    0.9    0.9    0.9   14.2   14.2   88.2   14.4   12.3   12.9  736.20    2611     3249
2014-09-05 14:20:00    463242000  ***  ***    0.0    0.0    0.0   14.1   14.1   88.5   14.3   12.2   12.8  735.80    2616     3251
2014-09-05 14:40:00    463243200  ***  ***    0.6    0.6    0.6   14.8   14.8   85.0   14.8   12.3   13.1  735.90    2615     3272
2014-09-05 15:00:00    463244400  ***  ***    0.5    0.5    0.5   14.3   14.3   83.8   14.3   11.6   12.5  735.90    2615     3253
2014-09-05 15:20:00    463245600  ***  ***    0.9    0.9    0.9   14.5   14.5   83.1   14.5   11.7   12.7  735.90    2615     3260
2014-09-05 15:40:00    463246800  ***  ***    0.6    0.6    0.6   14.6   14.6   84.1   14.6   12.0   12.8  735.90    2615     3266
2014-09-05 16:00:00    463248000  ***  ***    0.9    0.9    0.9   15.8   15.8   77.5   15.5   11.9   13.1  735.80    2616     3307
2014-09-05 16:20:00    463249200  ***  ***    1.2    1.2    1.2   15.4   15.4   78.0   15.1   11.6   12.9  735.80    2616     3292
2014-09-05 16:40:00    463250400  ***  ***    0.6    0.6    0.6   15.8   15.8   77.5   15.5   11.8   13.1  735.80    2616     3305
2014-09-05 17:00:00    463251600  ***  ***    0.0    0.0    0.0   15.1   15.1   75.9   14.7   10.9   12.3  735.70    2617     3279
2014-09-05 17:20:00    463252800  ***  ***    0.0    0.0    0.0   14.4   14.4   78.5   14.1   10.7   12.0  735.80    2617     3256
2014-09-05 17:40:00    463254000  ***  ***    0.0    0.0    0.0   13.7   13.7   84.5   13.7   11.2   12.1  736.00    2614     3231
2014-09-05 18:00:00    463255200  ***  ***    0.0    0.0    0.0   13.1   13.1   89.1   13.3   11.3   11.9  736.30    2611     3205
2014-09-05 18:20:00    463256400  ***  ***    0.0    0.0    0.0   12.5   12.5   92.1   12.8   11.2   11.6  736.30    2610     3185
2014-09-05 18:40:00    463257600  ***  ***    0.0    0.0    0.0   12.1   12.1   92.5   12.4   10.9   11.3  736.70    2607     3165
2014-09-05 19:00:00    463258800  ***  ***    0.0    0.0    0.0   11.8   11.8   92.8   12.1   10.6   11.0  736.70    2607     3152
2014-09-05 19:20:00    463260000  ***  ***    0.0    0.0    0.0   11.5   11.5   87.5   11.6    9.5   10.3  736.80    2605     3139
2014-09-05 19:40:00    463261200  ***  ***    0.0    0.0    0.0   11.2   11.2   88.6   11.3    9.4   10.0  737.00    2603     3125
2014-09-05 20:00:00    463262400  ***  ***    0.0    0.0    0.0   11.3   11.3   90.3   11.5    9.8   10.3  737.10    2602     3129
2014-09-05 20:20:00    463263600  ***  ***    0.0    0.0    0.0   11.0   11.0   89.5   11.1    9.3    9.9  737.30    2600     3113
2014-09-05 20:40:00    463264800  ***  ***    0.0    0.0    0.0   10.9   10.9   89.1   11.0    9.2    9.8  737.40    2599     3108
2014-09-05 21:00:00    463266000  ***  ***    0.0    0.0    0.0   11.5   11.5   89.6   11.6    9.9   10.5  737.70    2595     3129
2014-09-05 21:20:00    463267200  ***  ***    0.0    0.0    0.0   11.4   11.4   91.9   11.7   10.1   10.6  737.70    2596     3124
2014-09-05 21:40:00    463268400  ***  ***    0.4    0.4    0.4   12.1   12.1   90.5   12.3   10.6   11.1  737.80    2594     3150
2014-09-05 22:00:00    463269600  ***  ***    0.7    0.7    0.7   12.2   12.2   90.5   12.4   10.7   11.2  737.70    2596     3154
2014-09-05 22:20:00    463270800  ***  ***    0.0    0.0    0.0   11.9   11.9   89.2   12.0   10.2   10.7  737.70    2596     3140
2014-09-05 22:40:00    463272000  ***  ***    0.0    0.0    0.0   11.6   11.6   91.8   11.8   10.3   10.7  737.70    2595     3134
2014-09-05 23:00:00    463273200  ***  ***    0.0    0.0    0.0   11.6   11.6   94.2   11.9   10.7   11.1  737.80    2594     3132
2014-09-05 23:20:00    463274400  ***  ***    0.0    0.0    0.0   12.2   12.2   94.0   12.6   11.2   11.5  737.60    2597     3156
2014-09-05 23:40:00    463275600  ***  ***    0.0    0.0    0.0   12.0   12.0   95.9   12.4   11.4   11.6  737.70    2596     3150
2014-09-06 00:00:00    463276800  ***  ***    0.0    0.0    0.0   12.4   12.4   93.9   12.8   11.5   11.9  737.40    2599     3168
2014-09-06 00:20:00    463278000  ***  ***    0.0    0.0    0.0   11.9   11.9   93.7   12.2   10.9   11.2  737.60    2596     3145
2014-09-06 00:40:00    463279200  ***  ***    0.0    0.0    0.0   11.3   11.3   93.8   11.6   10.4   10.7  737.40    2599     3127
2014-09-06 01:00:00    463280400  ***  ***    0.5    0.5    0.5   11.4   11.4   93.7   11.7   10.4   10.7  737.30    2600     3132
2014-09-06 01:20:00    463281600  ***  ***    0.0    0.0    0.0   11.4   11.4   92.4   11.7   10.2   10.6  737.30    2599     3129
2014-09-06 01:40:00    463282800  ***  ***    0.0    0.0    0.0   11.3   11.3   92.3   11.6   10.1   10.5  737.20    2601     3127
2014-09-06 02:00:00    463284000  ***  ***    0.0    0.0    0.0   11.0   11.0   94.3   11.3   10.2   10.5  737.00    2603     3121
2014-09-06 02:20:00    463285200  ***  ***    0.0    0.0    0.0   11.2   11.2   94.4   11.5   10.3   10.6  737.20    2601     3124
2014-09-06 02:40:00    463286400  ***  ***    0.0    0.0    0.0   11.2   11.2   95.1   11.5   10.5   10.7  737.00    2603     3129
2014-09-06 03:00:00    463287600  ***  ***    0.0    0.0    0.0   11.5   11.5   93.8   11.8   10.5   10.9  736.80    2605     3140
2014-09-06 03:20:00    463288800  ***  ***    0.0    0.0    0.0   11.3   11.3   95.1   11.6   10.6   10.8  736.70    2607     3137
2014-09-06 03:40:00    463290000  ***  ***    0.0    0.0    0.0   11.1   11.1   95.3   11.4   10.4   10.6  736.90    2604     3126
2014-09-06 04:00:00    463291200  ***  ***    0.0    0.0    0.0   11.2   11.2   96.9   11.6   10.7   10.9  736.80    2606     3134
2014-09-06 04:20:00    463292400  ***  ***    0.0    0.0    0.0   11.6   11.6   96.9   12.0   11.2   11.3  736.90    2604     3148
2014-09-06 04:40:00    463293600  ***  ***    0.0    0.0    0.0   12.0   12.0   99.1   12.5   11.9   11.9  736.90    2604     3163
2014-09-06 05:00:00    463294800  ***  ***    0.0    0.0    0.0   12.1   12.1   99.2   12.6   11.9   12.0  736.80    2605     3167
2014-09-06 05:20:00    463296000  ***  ***    0.5    0.5    0.5   12.0   12.0  100.0   12.5   12.0   12.0  736.80    2605     3165
2014-09-06 05:40:00    463297200  ***  ***    0.6    0.6    0.6   12.3   12.3   98.5   12.8   12.0   12.1  737.10    2602     3170
2014-09-06 06:00:00    463298400  ***  ***    0.5    0.5    0.5   12.3   12.3   99.0   12.8   12.2   12.2  737.10    2602     3173
2014-09-06 06:20:00    463299600  ***  ***    0.0    0.0    0.0   12.3   12.3   99.4   12.9   12.2   12.2  737.00    2603     3173
2014-09-06 06:40:00    463300800  ***  ***    0.0    0.0    0.0   12.4   12.4   99.0   12.9   12.2   12.3  737.30    2599     3173
2014-09-06 07:00:00    463302000  ***  ***    0.0    0.0    0.0   12.4   12.4  100.0   13.0   12.4   12.4  737.20    2601     3175
2014-09-06 07:20:00    463303200  ***  ***    0.4    0.4    0.4   12.4   12.4  100.0   13.0   12.4   12.4  737.20    2601     3177
2014-09-06 07:40:00    463304400  ***  ***    0.5    0.5    0.5   12.6   12.6  100.0   13.2   12.6   12.6  737.40    2599     3180
2014-09-06 08:00:00    463305600  ***  ***    0.0    0.0    0.0   12.7   12.7  100.0   13.3   12.7   12.7  737.40    2599     3184
2014-09-06 08:20:00    463306800  ***  ***    0.0    0.0    0.0   12.9   12.9   98.4   13.4   12.7   12.8  737.50    2597     3190
2014-09-06 08:40:00    463308000  ***  ***    0.0    0.0    0.0   12.9   12.9   98.8   13.4   12.7   12.8  737.90    2593     3185
2014-09-06 09:00:00    463309200  ***  ***    2.0    2.0    2.0   12.6   11.6   98.3   13.1   12.3   12.4  737.60    2597     3175
2014-09-06 09:20:00    463310400  ***  ***    0.6    0.6    0.6   12.9   12.9   99.2   13.4   12.7   12.8  738.00    2592     3182
2014-09-06 09:40:00    463311600  ***  ***    0.6    0.6    0.6   13.2   13.2   98.8   13.7   13.0   13.1  738.10    2591     3192
2014-09-06 10:00:00    463312800  ***  ***    1.5    1.5    1.5   13.0   12.6   99.7   13.6   12.9   12.9  738.10    2591     3186
2014-09-06 10:20:00    463314000  ***  ***    0.3    0.3    0.3   13.1   13.1   98.8   13.6   12.9   13.0  738.10    2591     3191
2014-09-06 10:40:00    463315200  ***  ***    0.0    0.0    0.0   14.3   14.3   93.8   14.7   13.4   13.7  738.00    2592     3235
2014-09-06 11:00:00    463316400  ***  ***    1.2    1.2    1.2   13.5   13.4   97.4   14.0   13.1   13.2  737.90    2593     3206
2014-09-06 11:20:00    463317600  ***  ***    0.0    0.0    0.0   14.3   14.3   94.7   14.7   13.5   13.8  737.80    2595     3239
2014-09-06 11:40:00    463318800  ***  ***    0.0    0.0    0.0   13.3   13.3   96.9   13.8   12.8   13.0  737.60    2597     3202
2014-09-06 12:00:00    463320000  ***  ***    0.0    0.0    0.0   13.1   13.1   98.1   13.6   12.8   12.9  737.50    2597     3197
2014-09-06 12:20:00    463321200  ***  ***    0.7    0.7    0.7   12.9   12.9   99.7   13.5   12.9   12.9  737.10    2602     3196
2014-09-06 12:40:00    463322400  ***  ***    0.0    0.0    0.0   12.4   12.4   99.9   13.0   12.4   12.4  737.20    2601     3174
2014-09-06 13:00:00    463323600  ***  ***    0.0    0.0    0.0   12.5   12.5  100.0   13.1   12.5   12.5  737.30    2600     3179
2014-09-06 13:20:00    463324800  ***  ***    0.0    0.0    0.0   12.7   12.7   99.9   13.3   12.7   12.7  737.20    2601     3188
2014-09-06 13:40:00    463326000  ***  ***    0.0    0.0    0.0   12.9   12.9   99.9   13.5   12.9   12.9  737.00    2603     3198
2014-09-06 14:00:00    463327200  ***  ***    0.0    0.0    0.0   12.8   12.8   99.8   13.4   12.8   12.8  737.00    2603     3194
2014-09-06 14:20:00    463328400  ***  ***    0.0    0.0    0.0   12.8   12.8   99.5   13.4   12.7   12.7  736.80    2606     3195
2014-09-06 14:40:00    463329600  ***  ***    0.0    0.0    0.0   12.7   12.7  100.0   13.3   12.7   12.7  736.60    2607     3195
2014-09-06 15:00:00    463330800  ***  ***    0.4    0.4    0.4   12.7   12.7  100.0   13.3   12.7   12.7  736.20    2611     3199
2014-09-06 15:20:00    463332000  ***  ***    1.6    1.6    1.6   12.7   12.1   98.0   13.2   12.4   12.5  736.20    2611     3199
2014-09-06 15:40:00    463333200  ***  ***    0.0    0.0    0.0   13.0   13.0   98.5   13.5   12.7   12.8  736.20    2612     3208
2014-09-06 16:00:00    463334400  ***  ***    0.0    0.0    0.0   13.1   13.1   96.7   13.6   12.6   12.8  736.20    2612     3214
2014-09-06 16:20:00    463335600  ***  ***    0.0    0.0    0.0   12.7   12.7   95.2   13.1   12.0   12.2  735.90    2615     3200
2014-09-06 16:40:00    463336800  ***  ***    0.0    0.0    0.0   13.0   13.0   93.7   13.3   12.0   12.3  736.10    2613     3207
2014-09-06 17:00:00    463338000  ***  ***    0.4    0.4    0.4   12.6   12.6   94.7   13.0   11.8   12.1  736.20    2612     3193
2014-09-06 17:20:00    463339200  ***  ***    0.0    0.0    0.0   12.8   12.8   94.5   13.2   11.9   12.2  736.30    2611     3198
2014-09-06 17:40:00    463340400  ***  ***    0.0    0.0    0.0   12.5   12.5   95.3   12.9   11.7   12.0  735.90    2615     3192
2014-09-06 18:00:00    463341600  ***  ***    0.4    0.4    0.4   12.4   12.4   95.5   12.8   11.7   12.0  736.00    2614     3188
2014-09-06 18:20:00    463342800  ***  ***    0.0    0.0    0.0   12.4   12.4   96.4   12.8   11.9   12.1  736.00    2614     3189
2014-09-06 18:40:00    463344000  ***  ***    0.5    0.5    0.5   12.5   12.5   95.1   12.9   11.8   12.0  736.30    2611     3189
2014-09-06 19:00:00    463345200  ***  ***    0.4    0.4    0.4   12.6   12.6   94.3   13.0   11.7   12.1  736.30    2611     3192
2014-09-06 19:20:00    463346400  ***  ***    0.0    0.0    0.0   12.6   12.6   96.2   13.0   12.0   12.2  736.60    2607     3189
2014-09-06 19:40:00    463347600  ***  ***    0.4    0.4    0.4   12.5   12.5   97.5   13.0   12.1   12.2  736.50    2609     3184
2014-09-06 20:00:00    463348800  ***  ***    0.0    0.0    0.0   12.6   12.6   95.9   13.0   12.0   12.2  737.10    2602     3182
2014-09-06 20:20:00    463350000  ***  ***    0.0    0.0    0.0   12.5   12.5   97.2   12.9   12.0   12.2  737.20    2601     3176
2014-09-06 20:40:00    463351200  ***  ***    0.0    0.0    0.0   12.3   12.3   97.6   12.8   12.0   12.1  737.30    2600     3170
2014-09-06 21:00:00    463352400  ***  ***    0.0    0.0    0.0   12.3   12.3   97.2   12.7   11.9   12.0  737.20    2600     3168
2014-09-06 21:20:00    463353600  ***  ***    0.4    0.4    0.4   12.3   12.3   98.6   12.8   12.1   12.2  737.20    2601     3169
2014-09-06 21:40:00    463354800  ***  ***    0.0    0.0    0.0   12.2   12.2   98.7   12.7   12.0   12.1  737.40    2599     3162
2014-09-06 22:00:00    463356000  ***  ***    0.0    0.0    0.0   12.1   12.1   98.8   12.6   11.9   12.0  737.10    2602     3163
2014-09-06 22:20:00    463357200  ***  ***    0.0    0.0    0.0   12.1   12.1   98.7   12.6   11.9   12.0  737.30    2600     3160
2014-09-06 22:40:00    463358400  ***  ***    0.0    0.0    0.0   12.1   12.1   98.0   12.6   11.8   11.9  737.30    2600     3163
2014-09-06 23:00:00    463359600  ***  ***    0.0    0.0    0.0   11.9   11.9   99.9   12.4   11.9   11.9  736.90    2604     3158
2014-09-06 23:20:00    463360800  ***  ***    0.0    0.0    0.0   11.8   11.8   99.8   12.3   11.8   11.8  736.70    2607     3159
2014-09-06 23:40:00    463362000  ***  ***    0.0    0.0    0.0   11.8   11.8   98.9   12.3   11.6   11.7  736.70    2607     3156
2014-09-07 00:00:00    463363200  ***  ***    0.4    0.4    0.4   11.6   11.6   99.7   12.1   11.5   11.5  736.40    2610     3154
2014-09-07 00:20:00    463364400  ***  ***    0.0    0.0    0.0   11.6   11.6   99.2   12.1   11.5   11.5  736.60    2607     3152
2014-09-07 00:40:00    463365600  ***  ***    0.0    0.0    0.0   11.3   11.3  100.0   11.8   11.3   11.3  736.50    2609     3141
2014-09-07 01:00:00    463366800  ***  ***    0.0    0.0    0.0   11.2   11.2  100.0   11.7   11.2   11.2  736.20    2611     3143
2014-09-07 01:20:00    463368000  ***  ***    0.0    0.0    0.0   11.1   11.1   99.9   11.6   11.1   11.1  735.80    2616     3145
2014-09-07 01:40:00    463369200  ***  ***    0.5    0.5    0.5   11.1   11.1  100.0   11.6   11.1   11.1  736.00    2614     3143
2014-09-07 02:00:00    463370400  ***  ***    0.0    0.0    0.0   11.0   11.0  100.0   11.5   11.0   11.0  736.00    2614     3135
2014-09-07 02:20:00    463371600  ***  ***    0.0    0.0    0.0   10.9   10.9   99.2   11.3   10.8   10.8  736.00    2614     3134
2014-09-07 02:40:00    463372800  ***  ***    0.5    0.5    0.5   10.7   10.7   99.5   11.2   10.6   10.6  735.60    2618     3130
2014-09-07 03:00:00    463374000  ***  ***    0.0    0.0    0.0   10.8   10.8  100.0   11.3   10.8   10.8  735.60    2618     3136
2014-09-07 03:20:00    463375200  ***  ***    0.3    0.3    0.3   10.8   10.8   99.0   11.2   10.7   10.7  735.60    2618     3135
2014-09-07 03:40:00    463376400  ***  ***    0.0    0.0    0.0   10.9   10.9   97.8   11.3   10.6   10.7  735.70    2618     3136
2014-09-07 04:00:00    463377600  ***  ***    0.0    0.0    0.0   11.1   11.1   97.5   11.5   10.7   10.8  735.60    2619     3143
2014-09-07 04:20:00    463378800  ***  ***    0.3    0.3    0.3   11.0   11.0   98.1   11.4   10.7   10.8  735.40    2621     3142
2014-09-07 04:40:00    463380000  ***  ***    0.5    0.5    0.5   10.9   10.9   98.2   11.3   10.7   10.8  735.60    2618     3138
2014-09-07 05:00:00    463381200  ***  ***    0.4    0.4    0.4   10.8   10.8   98.4   11.2   10.6   10.7  735.50    2620     3136
2014-09-07 05:20:00    463382400  ***  ***    0.0    0.0    0.0   10.8   10.8   98.5   11.2   10.6   10.7  735.80    2616     3131
2014-09-07 05:40:00    463383600  ***  ***    0.3    0.3    0.3   10.8   10.8   98.5   11.2   10.6   10.7  735.80    2616     3131
2014-09-07 06:00:00    463384800  ***  ***    0.6    0.6    0.6   10.8   10.8   99.0   11.2   10.7   10.7  735.70    2618     3133
2014-09-07 06:20:00    463386000  ***  ***    1.5    1.5    1.5   10.8   10.0  100.0   11.3   10.8   10.8  735.80    2616     3133
2014-09-07 06:40:00    463387200  ***  ***    0.4    0.4    0.4   10.8   10.8  100.0   11.3   10.8   10.8  736.10    2613     3129
2014-09-07 07:00:00    463388400  ***  ***    0.0    0.0    0.0   11.0   11.0  100.0   11.5   11.0   11.0  736.30    2610     3132
2014-09-07 07:20:00    463389600  ***  ***    0.0    0.0    0.0   11.0   11.0  100.0   11.5   11.0   11.0  736.40    2610     3133
2014-09-07 07:40:00    463390800  ***  ***    0.0    0.0    0.0   11.3   11.3   99.7   11.8   11.2   11.2  736.40    2610     3143
2014-09-07 08:00:00    463392000  ***  ***    0.0    0.0    0.0   12.1   12.1   97.9   12.6   11.7   11.9  736.60    2607     3168
2014-09-07 08:20:00    463393200  ***  ***    0.6    0.6    0.6   11.6   11.6   96.6   12.0   11.0   11.2  736.60    2607     3149
2014-09-07 08:40:00    463394400  ***  ***    1.2    1.2    1.2   11.8   11.5   97.1   12.2   11.4   11.5  736.60    2608     3158
2014-09-07 09:00:00    463395600  ***  ***    0.5    0.5    0.5   11.5   11.5   98.7   12.0   11.3   11.4  736.80    2605     3144
2014-09-07 09:20:00    463396800  ***  ***    1.7    1.7    1.7   11.5   10.6   98.4   12.0   11.3   11.4  736.80    2605     3145
2014-09-07 09:40:00    463398000  ***  ***    0.0    0.0    0.0   11.9   11.9   97.1   12.3   11.5   11.6  737.10    2602     3155
2014-09-07 10:00:00    463399200  ***  ***    1.0    1.0    1.0   11.7   11.6   97.7   12.2   11.3   11.4  737.30    2599     3145
2014-09-07 10:20:00    463400400  ***  ***    0.4    0.4    0.4   12.0   12.0   98.2   12.5   11.8   11.9  737.20    2601     3159
2014-09-07 10:40:00    463401600  ***  ***    0.0    0.0    0.0   12.3   12.3   97.4   12.7   11.9   12.0  737.10    2602     3172
2014-09-07 11:00:00    463402800  ***  ***    0.0    0.0    0.0   12.4   12.4   97.9   12.9   12.1   12.2  737.10    2602     3174
2014-09-07 11:20:00    463404000  ***  ***    1.3    1.3    1.3   11.7   11.3  100.0   12.2   11.7   11.7  737.20    2601     3149
2014-09-07 11:40:00    463405200  ***  ***    0.0    0.0    0.0   12.1   12.1   99.1   12.6   12.0   12.0  737.10    2602     3165
2014-09-07 12:00:00    463406400  ***  ***    0.0    0.0    0.0   12.1   12.1   99.2   12.6   12.0   12.0  737.00    2603     3165
2014-09-07 12:20:00    463407600  ***  ***    0.5    0.5    0.5   12.0   12.0   98.7   12.5   11.8   11.9  736.70    2606     3166
2014-09-07 12:40:00    463408800  ***  ***    0.0    0.0    0.0   12.4   12.4   99.0   12.9   12.2   12.3  736.70    2607     3180
2014-09-07 13:00:00    463410000  ***  ***    0.0    0.0    0.0   13.0   13.0   97.7   13.5   12.6   12.7  736.50    2608     3206
2014-09-07 13:20:00    463411200  ***  ***    0.0    0.0    0.0   12.8   12.8   97.7   13.3   12.5   12.6  736.20    2612     3203
2014-09-07 13:40:00    463412400  ***  ***    0.7    0.7    0.7   13.8   13.8   93.7   14.1   12.8   13.1  735.90    2615     3241
2014-09-07 14:00:00    463413600  ***  ***    1.2    1.2    1.2   12.9   12.8   96.3   13.3   12.4   12.6  735.80    2616     3211
2014-09-07 14:20:00    463414800  ***  ***    0.4    0.4    0.4   13.2   13.2   95.5   13.6   12.5   12.7  735.40    2620     3225
2014-09-07 14:40:00    463416000  ***  ***    0.0    0.0    0.0   12.6   12.6   95.9   13.0   12.0   12.2  735.50    2620     3203
2014-09-07 15:00:00    463417200  ***  ***    0.4    0.4    0.4   13.0   13.0   96.5   13.4   12.5   12.7  735.30    2622     3221
2014-09-07 15:20:00    463418400  ***  ***    0.7    0.7    0.7   13.4   13.4   93.3   13.7   12.3   12.7  735.40    2620     3232
2014-09-07 15:40:00    463419600  ***  ***    0.7    0.7    0.7   13.3   13.3   93.0   13.6   12.1   12.5  735.10    2624     3231
2014-09-07 16:00:00    463420800  ***  ***    0.0    0.0    0.0   13.7   13.7   92.2   14.0   12.4   12.8  734.70    2628     3251
2014-09-07 16:20:00    463422000  ***  ***    0.0    0.0    0.0   12.8   12.8   96.7   13.2   12.3   12.5  735.20    2623     3215
2014-09-07 16:40:00    463423200  ***  ***    0.0    0.0    0.0   12.9   12.9   97.8   13.4   12.5   12.6  734.90    2626     3222
2014-09-07 17:00:00    463424400  ***  ***    0.0    0.0    0.0   13.6   13.6   94.0   14.0   12.6   12.9  734.90    2626     3246
2014-09-07 17:20:00    463425600  ***  ***    0.0    0.0    0.0   13.7   13.7   93.2   14.0   12.6   13.0  734.90    2626     3251
2014-09-07 17:40:00    463426800  ***  ***    0.0    0.0    0.0   13.2   13.2   94.4   13.6   12.3   12.6  735.00    2625     3231
2014-09-07 18:00:00    463428000  ***  ***    0.0    0.0    0.0   12.3   12.3   95.8   12.7   11.6   11.9  735.20    2623     3193
2014-09-07 18:20:00    463429200  ***  ***    0.0    0.0    0.0   12.2   12.2   96.4   12.6   11.6   11.9  735.40    2621     3188
2014-09-07 18:40:00    463430400  ***  ***    0.0    0.0    0.0   11.9   11.9   96.8   12.3   11.4   11.6  735.30    2621     3179
2014-09-07 19:00:00    463431600  ***  ***    0.0    0.0    0.0   11.6   11.6   98.2   12.1   11.3   11.4  735.30    2622     3167
2014-09-07 19:20:00    463432800  ***  ***    0.0    0.0    0.0   11.2   11.2   99.1   11.6   11.1   11.1  735.40    2620     3152
2014-09-07 19:40:00    463434000  ***  ***    0.0    0.0    0.0   10.9   10.9   98.1   11.3   10.6   10.7  735.70    2617     3135
2014-09-07 20:00:00    463435200  ***  ***    0.0    0.0    0.0   10.6   10.6  100.0   11.1   10.6   10.6  736.00    2614     3122
2014-09-07 20:20:00    463436400  ***  ***    0.0    0.0    0.0   10.3   10.3   99.9   10.8   10.3   10.3  735.90    2615     3112
2014-09-07 20:40:00    463437600  ***  ***    0.0    0.0    0.0   10.5   10.5   98.6   10.9   10.3   10.4  735.80    2616     3121
2014-09-07 21:00:00    463438800  ***  ***    0.0    0.0    0.0   11.2   11.2   99.7   11.7   11.2   11.2  736.30    2611     3141
2014-09-07 21:20:00    463440000  ***  ***    0.0    0.0    0.0   11.0   11.0   98.9   11.4   10.8   10.9  736.10    2613     3134
2014-09-07 21:40:00    463441200  ***  ***    0.0    0.0    0.0   10.4   10.4  100.0   10.9   10.4   10.4  736.50    2609     3109
2014-09-07 22:00:00    463442400  ***  ***    0.0    0.0    0.0   10.8   10.8   98.2   11.2   10.5   10.6  736.40    2609     3122
2014-09-07 22:20:00    463443600  ***  ***    0.0    0.0    0.0   10.9   10.9   98.3   11.3   10.6   10.7  736.50    2608     3124
2014-09-07 22:40:00    463444800  ***  ***    0.8    0.8    0.8   11.3   11.3   97.7   11.7   11.0   11.1  736.60    2608     3141
2014-09-07 23:00:00    463446000  ***  ***    0.0    0.0    0.0   11.1   11.1   98.3   11.5   10.8   11.0  736.40    2610     3134
2014-09-07 23:20:00    463447200  ***  ***    0.0    0.0    0.0   10.9   10.9   99.3   11.3   10.8   10.8  736.30    2611     3127
2014-09-07 23:40:00    463448400  ***  ***    0.0    0.0    0.0   11.2   11.2   96.8   11.6   10.7   10.9  736.10    2613     3140
2014-09-08 00:00:00    463449600  ***  ***    0.0    0.0    0.0   11.1   11.1   99.1   11.5   10.9   11.0  736.30    2611     3136
2014-09-08 00:20:00    463450800  ***  ***    0.0    0.0    0.0   11.2   11.2  100.0   11.7   11.2   11.2  736.20    2611     3144
2014-09-08 00:40:00    463452000  ***  ***    0.0    0.0    0.0   11.3   11.3  100.0   11.8   11.3   11.3  736.00    2614     3149
2014-09-08 01:00:00    463453200  ***  ***    0.0    0.0    0.0   11.2   11.2  100.0   11.7   11.2   11.2  735.80    2616     3146
2014-09-08 01:20:00    463454400  ***  ***    0.0    0.0    0.0   10.8   10.8  100.0   11.3   10.8   10.8  735.70    2617     3135
2014-09-08 01:40:00    463455600  ***  ***    0.0    0.0    0.0   10.5   10.5   99.6   11.0   10.5   10.5  735.70    2618     3123
2014-09-08 02:00:00    463456800  ***  ***    0.0    0.0    0.0   10.3   10.3   98.9   10.7   10.1   10.2  735.50    2619     3116
2014-09-08 02:20:00    463458000  ***  ***    0.0    0.0    0.0    9.7    9.7  100.0   10.1    9.7    9.7  735.20    2623     3099
2014-09-08 02:40:00    463459200  ***  ***    0.0    0.0    0.0    9.9    9.9   99.1   10.3    9.8    9.8  735.10    2623     3106
2014-09-08 03:00:00    463460400  ***  ***    0.0    0.0    0.0    9.9    9.9  100.0   10.3    9.9    9.9  734.80    2627     3109
2014-09-08 03:20:00    463461600  ***  ***    0.0    0.0    0.0   10.2   10.2  100.0   10.7   10.2   10.2  734.70    2628     3124
2014-09-08 03:40:00    463462800  ***  ***    0.0    0.0    0.0   10.0   10.0  100.0   10.4   10.0   10.0  734.70    2628     3116
2014-09-08 04:00:00    463464000  ***  ***    0.0    0.0    0.0    9.9    9.9  100.0   10.3    9.9    9.9  734.50    2630     3116
2014-09-08 04:20:00    463465200  ***  ***    0.0    0.0    0.0   10.2   10.2  100.0   10.7   10.2   10.2  734.80    2628     3123
2014-09-08 04:40:00    463466400  ***  ***    0.0    0.0    0.0   10.7   10.7  100.0   11.2   10.7   10.7  734.70    2628     3143
2014-09-08 05:00:00    463467600  ***  ***    0.0    0.0    0.0   10.4   10.4  100.0   10.9   10.4   10.4  735.10    2624     3126
2014-09-08 05:20:00    463468800  ***  ***    0.0    0.0    0.0   10.9   10.9   99.4   11.4   10.8   10.8  734.90    2626     3145
2014-09-08 05:40:00    463470000  ***  ***    0.0    0.0    0.0   10.6   10.6  100.0   11.1   10.6   10.6  735.10    2624     3133
2014-09-08 06:00:00    463471200  ***  ***    0.0    0.0    0.0   10.2   10.2  100.0   10.7   10.2   10.2  735.20    2623     3117
2014-09-08 06:20:00    463472400  ***  ***    0.0    0.0    0.0   10.2   10.2  100.0   10.7   10.2   10.2  735.00    2625     3120
2014-09-08 06:40:00    463473600  ***  ***    0.0    0.0    0.0   10.3   10.3  100.0   10.8   10.3   10.3  735.30    2622     3118
2014-09-08 07:00:00    463474800  ***  ***    0.0    0.0    0.0   10.6   10.6  100.0   11.1   10.6   10.6  735.30    2622     3132
2014-09-08 07:20:00    463476000  ***  ***    0.0    0.0    0.0   10.9   10.9  100.0   11.4   10.9   10.9  735.30    2622     3143
2014-09-08 07:40:00    463477200  ***  ***    0.0    0.0    0.0   11.6   11.6  100.0   12.1   11.6   11.6  735.50    2619     3166
2014-09-08 08:00:00    463478400  ***  ***    0.9    0.9    0.9   14.0   14.0   96.9   14.5   13.5   13.7  735.60    2619     3255
2014-09-08 08:20:00    463479600  ***  ***    0.3    0.3    0.3   13.8   13.8   92.8   14.1   12.7   13.1  735.50    2620     3247
2014-09-08 08:40:00    463480800  ***  ***    0.5    0.5    0.5   13.6   13.6   93.4   13.9   12.6   12.9  735.60    2618     3239
2014-09-08 09:00:00    463482000  ***  ***    0.0    0.0    0.0   12.8   12.8   95.4   13.2   12.1   12.3  735.80    2616     3206
2014-09-08 09:20:00    463483200  ***  ***    0.4    0.4    0.4   13.2   13.2   93.8   13.6   12.2   12.5  736.00    2614     3216
2014-09-08 09:40:00    463484400  ***  ***    1.0    1.0    1.0   13.5   13.5   97.9   14.0   13.2   13.3  736.30    2611     3230
2014-09-08 10:00:00    463485600  ***  ***    0.4    0.4    0.4   12.6   12.6   98.4   13.1   12.4   12.5  736.30    2611     3194
2014-09-08 10:20:00    463486800  ***  ***    0.9    0.9    0.9   12.6   12.6   98.5   13.1   12.4   12.5  736.30    2610     3195
2014-09-08 10:40:00    463488000  ***  ***    0.0    0.0    0.0   13.1   13.1   99.1   13.6   13.0   13.0  736.30    2611     3215
2014-09-08 11:00:00    463489200  ***  ***    0.3    0.3    0.3   15.3   15.3   92.9   15.7   14.2   14.5  736.10    2613     3295
2014-09-08 11:20:00    463490400  ***  ***    0.5    0.5    0.5   13.4   13.4   94.6   13.8   12.6   12.9  736.20    2611     3224
2014-09-08 11:40:00    463491600  ***  ***    0.0    0.0    0.0   13.1   13.1   97.2   13.6   12.7   12.8  735.90    2615     3218
2014-09-08 12:00:00    463492800  ***  ***    0.9    0.9    0.9   13.5   13.5   94.9   13.9   12.7   13.0  735.70    2618     3232
2014-09-08 12:20:00    463494000  ***  ***    0.0    0.0    0.0   13.5   13.5   94.4   13.9   12.7   13.0  735.80    2616     3233
2014-09-08 12:40:00    463495200  ***  ***    0.0    0.0    0.0   16.8   16.8   85.4   16.8   14.3   15.0  735.70    2617     3350
2014-09-08 13:00:00    463496400  ***  ***    0.0    0.0    0.0   14.7   14.7   91.9   15.1   13.4   13.8  735.60    2618     3279
2014-09-08 13:20:00    463497600  ***  ***    0.0    0.0    0.0   13.7   13.7   96.3   14.2   13.1   13.3  735.20    2623     3249
2014-09-08 13:40:00    463498800  ***  ***    0.0    0.0    0.0   13.5   13.5   98.5   14.0   13.2   13.3  735.50    2619     3238
2014-09-08 14:00:00    463500000  ***  ***    1.2    1.2    1.2   12.8   12.6   99.4   13.4   12.7   12.7  735.30    2622     3215
2014-09-08 14:20:00    463501200  ***  ***    0.0    0.0    0.0   12.6   12.6   99.0   13.1   12.4   12.5  735.60    2619     3202
2014-09-08 14:40:00    463502400  ***  ***    0.0    0.0    0.0   12.3   12.3  100.0   12.9   12.3   12.3  735.30    2622     3198
2014-09-08 15:00:00    463503600  ***  ***    0.0    0.0    0.0   12.3   12.3  100.0   12.9   12.3   12.3  735.30    2622     3196
2014-09-08 15:20:00    463504800  ***  ***    0.0    0.0    0.0   12.7   12.7  100.0   13.3   12.7   12.7  735.30    2622     3212
2014-09-08 15:40:00    463506000  ***  ***    0.0    0.0    0.0   12.9   12.9  100.0   13.5   12.9   12.9  735.10    2624     3222
2014-09-08 16:00:00    463507200  ***  ***    0.0    0.0    0.0   12.7   12.7  100.0   13.3   12.7   12.7  735.20    2623     3214
2014-09-08 16:20:00    463508400  ***  ***    0.0    0.0    0.0   12.8   12.8  100.0   13.4   12.8   12.8  735.20    2623     3216
2014-09-08 16:40:00    463509600  ***  ***    0.0    0.0    0.0   13.1   13.1  100.0   13.7   13.1   13.1  735.20    2623     3229
2014-09-08 17:00:00    463510800  ***  ***    0.0    0.0    0.0   12.6   12.6  100.0   13.2   12.6   12.6  734.80    2628     3216
2014-09-08 17:20:00    463512000  ***  ***    0.0    0.0    0.0   12.6   12.6  100.0   13.2   12.6   12.6  734.70    2629     3215
2014-09-08 17:40:00    463513200  ***  ***    0.0    0.0    0.0   12.6   12.6  100.0   13.2   12.6   12.6  734.60    2629     3216
2014-09-08 18:00:00    463514400  ***  ***    0.0    0.0    0.0   12.4   12.4  100.0   13.0   12.4   12.4  734.80    2627     3206
2014-09-08 18:20:00    463515600  ***  ***    0.0    0.0    0.0   12.1   12.1  100.0   12.6   12.1   12.1  734.80    2628     3195
2014-09-08 18:40:00    463516800  ***  ***    0.0    0.0    0.0   11.9   11.9  100.0   12.4   11.9   11.9  735.00    2625     3183
2014-09-08 19:00:00    463518000  ***  ***    0.0    0.0    0.0   12.1   12.1  100.0   12.6   12.1   12.1  735.20    2622     3189
2014-09-08 19:20:00    463519200  ***  ***    0.0    0.0    0.0   12.0   12.0   99.9   12.5   12.0   12.0  735.40    2620     3182
2014-09-08 19:40:00    463520400  ***  ***    0.0    0.0    0.0   11.9   11.9  100.0   12.4   11.9   11.9  735.40    2620     3179
2014-09-08 20:00:00    463521600  ***  ***    0.0    0.0    0.0   11.6   11.6  100.0   12.1   11.6   11.6  735.90    2615     3161
2014-09-08 20:20:00    463522800  ***  ***    0.0    0.0    0.0   11.4   11.4   99.9   11.9   11.4   11.4  736.20    2612     3151
2014-09-08 20:40:00    463524000  ***  ***    0.0    0.0    0.0   11.3   11.3  100.0   11.8   11.3   11.3  736.30    2611     3146
2014-09-08 21:00:00    463525200  ***  ***    0.0    0.0    0.0   11.3   11.3  100.0   11.8   11.3   11.3  736.30    2610     3145
2014-09-08 21:20:00    463526400  ***  ***    0.0    0.0    0.0   11.2   11.2  100.0   11.7   11.2   11.2  736.10    2613     3142
2014-09-08 21:40:00    463527600  ***  ***    0.0    0.0    0.0   11.1   11.1  100.0   11.6   11.1   11.1  736.40    2609     3136
2014-09-08 22:00:00    463528800  ***  ***    0.0    0.0    0.0   11.3   11.3  100.0   11.8   11.3   11.3  736.50    2608     3141
2014-09-08 22:20:00    463530000  ***  ***    0.3    0.3    0.3   11.2   11.2  100.0   11.7   11.2   11.2  736.50    2609     3139
2014-09-08 22:40:00    463531200  ***  ***    0.0    0.0    0.0   11.1   11.1   99.1   11.5   11.0   11.0  736.40    2610     3136
2014-09-08 23:00:00    463532400  ***  ***    0.0    0.0    0.0   11.0   11.0   98.1   11.4   10.7   10.8  736.50    2609     3128
2014-09-08 23:20:00    463533600  ***  ***    0.0    0.0    0.0   11.1   11.1   95.1   11.4   10.4   10.6  736.30    2611     3135
2014-09-08 23:40:00    463534800  ***  ***    0.0    0.0    0.0   11.2   11.2   94.3   11.5   10.3   10.6  736.30    2611     3137
2014-09-09 00:00:00    463536000  ***  ***    0.0    0.0    0.0   11.2   11.2   97.2   11.6   10.8   11.0  736.30    2611     3140
2014-09-09 00:20:00    463537200  ***  ***    0.0    0.0    0.0   11.2   11.2   99.1   11.6   11.1   11.1  736.10    2613     3143
2014-09-09 00:40:00    463538400  ***  ***    0.0    0.0    0.0   11.0   11.0   97.4   11.4   10.6   10.7  736.30    2611     3131
2014-09-09 01:00:00    463539600  ***  ***    0.6    0.6    0.6   10.9   10.9   93.8   11.2    9.9   10.3  736.10    2613     3128
2014-09-09 01:20:00    463540800  ***  ***    0.9    0.9    0.9   11.0   10.9   95.0   11.3   10.2   10.5  735.90    2615     3134
2014-09-09 01:40:00    463542000  ***  ***    1.9    1.9    1.9   11.0    9.8   95.5   11.3   10.3   10.5  736.00    2614     3135
2014-09-09 02:00:00    463543200  ***  ***    1.2    1.2    1.2   10.9   10.4   98.1   11.3   10.6   10.7  736.00    2614     3132
2014-09-09 02:20:00    463544400  ***  ***    1.1    1.1    1.1   11.1   10.8   98.4   11.5   10.9   11.0  735.50    2619     3147
2014-09-09 02:40:00    463545600  ***  ***    1.0    1.0    1.0   11.2   11.0   99.8   11.7   11.2   11.2  735.90    2615     3145
2014-09-09 03:00:00    463546800  ***  ***    1.6    1.6    1.6   11.2   10.4  100.0   11.7   11.2   11.2  735.50    2619     3149
2014-09-09 03:20:00    463548000  ***  ***    0.6    0.6    0.6   11.1   11.1  100.0   11.6   11.1   11.1  735.60    2619     3147
2014-09-09 03:40:00    463549200  ***  ***    1.7    1.7    1.7   11.2   10.3  100.0   11.7   11.2   11.2  735.30    2622     3154
2014-09-09 04:00:00    463550400  ***  ***    1.8    1.8    1.8   11.2   10.2  100.0   11.7   11.2   11.2  735.80    2616     3148
2014-09-09 04:20:00    463551600  ***  ***    0.6    0.6    0.6   11.3   11.3  100.0   11.8   11.3   11.3  735.70    2617     3152
2014-09-09 04:40:00    463552800  ***  ***    1.6    1.6    1.6   11.3   10.5  100.0   11.8   11.3   11.3  735.60    2618     3154
2014-09-09 05:00:00    463554000  ***  ***    0.5    0.5    0.5   11.2   11.2  100.0   11.7   11.2   11.2  735.80    2616     3146
2014-09-09 05:20:00    463555200  ***  ***    2.8    2.8    2.8   11.2    9.5   99.9   11.7   11.2   11.2  735.60    2619     3152
2014-09-09 05:40:00    463556400  ***  ***    0.7    0.7    0.7   11.2   11.2  100.0   11.7   11.2   11.2  735.70    2617     3147
2014-09-09 06:00:00    463557600  ***  ***    1.5    1.5    1.5   11.1   10.4  100.0   11.6   11.1   11.1  735.70    2618     3145
2014-09-09 06:20:00    463558800  ***  ***    0.6    0.6    0.6   11.4   11.4  100.0   11.9   11.4   11.4  735.90    2615     3153
2014-09-09 06:40:00    463560000  ***  ***    1.2    1.2    1.2   11.2   10.8   98.4   11.6   10.9   11.0  735.90    2615     3144
2014-09-09 07:00:00    463561200  ***  ***    0.0    0.0    0.0   11.1   11.1   98.5   11.5   10.9   11.0  735.90    2615     3140
2014-09-09 07:20:00    463562400  ***  ***    1.0    1.0    1.0   11.2   11.0   95.7   11.6   10.5   10.7  736.10    2613     3141
2014-09-09 07:40:00    463563600  ***  ***    0.6    0.6    0.6   11.8   11.8   92.8   12.1   10.7   11.1  736.00    2614     3164
2014-09-09 08:00:00    463564800  ***  ***    2.0    2.0    2.0   11.9   10.8   91.3   12.1   10.6   11.1  736.10    2613     3164
2014-09-09 08:20:00    463566000  ***  ***    0.8    0.8    0.8   12.4   12.4   91.3   12.6   11.0   11.4  736.10    2613     3184
2014-09-09 08:40:00    463567200  ***  ***    0.8    0.8    0.8   15.7   15.7   75.1   15.3   11.3   12.8  736.30    2611     3295
2014-09-09 09:00:00    463568400  ***  ***    2.3    2.3    2.3   12.8   11.7   86.1   12.8   10.6   11.4  736.20    2612     3194
2014-09-09 09:20:00    463569600  ***  ***    1.3    1.3    1.3   12.7   12.4   88.1   12.8   10.8   11.5  736.50    2609     3188
2014-09-09 09:40:00    463570800  ***  ***    0.4    0.4    0.4   13.3   13.3   87.8   13.4   11.3   12.0  736.50    2608     3210
2014-09-09 10:00:00    463572000  ***  ***    0.8    0.8    0.8   12.9   12.9   88.3   13.1   11.0   11.6  736.50    2608     3193
2014-09-09 10:20:00    463573200  ***  ***    0.4    0.4    0.4   14.1   14.1   80.7   14.0   10.8   12.0  736.40    2610     3236
2014-09-09 10:40:00    463574400  ***  ***    1.6    1.6    1.6   13.7   13.3   82.1   13.6   10.7   11.8  736.30    2611     3224
2014-09-09 11:00:00    463575600  ***  ***    1.0    1.0    1.0   14.4   14.4   76.9   14.1   10.4   11.8  736.20    2612     3248
2014-09-09 11:20:00    463576800  ***  ***    1.1    1.1    1.1   15.0   15.0   76.6   14.6   10.9   12.3  736.10    2613     3270
2014-09-09 11:40:00    463578000  ***  ***    1.8    1.8    1.8   14.8   14.4   73.0   14.3   10.1   11.8  735.80    2617     3267
2014-09-09 12:00:00    463579200  ***  ***    2.1    2.1    2.1   15.5   15.1   74.7   15.0   11.0   12.5  735.80    2616     3291
2014-09-09 12:20:00    463580400  ***  ***    3.8    3.8    3.8   15.0   13.7   72.4   14.5   10.1   11.9  735.50    2619     3274
2014-09-09 12:40:00    463581600  ***  ***    0.0    0.0    0.0   15.2   15.2   76.1   14.8   11.0   12.4  735.50    2620     3286
2014-09-09 13:00:00    463582800  ***  ***    2.1    2.1    2.1   13.8   13.0   83.6   13.8   11.1   12.0  735.50    2620     3240
2014-09-09 13:20:00    463584000  ***  ***    1.9    1.9    1.9   14.8   14.3   76.7   14.4   10.8   12.2  735.20    2623     3276
2014-09-09 13:40:00    463585200  ***  ***    1.0    1.0    1.0   14.6   14.6   75.6   14.2   10.3   11.8  735.20    2623     3267
2014-09-09 14:00:00    463586400  ***  ***    2.3    2.3    2.3   14.3   13.5   77.0   14.0   10.3   11.6  735.00    2625     3259
2014-09-09 14:20:00    463587600  ***  ***    1.2    1.2    1.2   14.2   14.2   70.9   13.6    9.0   10.9  734.80    2627     3252
2014-09-09 14:40:00    463588800  ***  ***    3.0    3.0    3.0   15.1   14.2   61.9   14.1    7.9   10.6  734.50    2630     3284
2014-09-09 15:00:00    463590000  ***  ***    3.7    3.7    3.7   14.9   13.6   63.8   14.0    8.1   10.6  734.30    2633     3279
2014-09-09 15:20:00    463591200  ***  ***    2.1    2.1    2.1   15.3   14.8   65.2   14.4    8.8   11.1  734.50    2631     3293
2014-09-09 15:40:00    463592400  ***  ***    2.1    2.1    2.1   15.1   14.6   62.7   14.1    8.0   10.6  734.60    2630     3283
2014-09-09 16:00:00    463593600  ***  ***    1.2    1.2    1.2   15.0   15.0   64.4   14.1    8.3   10.8  734.60    2629     3280
2014-09-09 16:20:00    463594800  ***  ***    1.8    1.8    1.8   14.9   14.6   63.8   14.0    8.1   10.6  734.70    2628     3276
2014-09-09 16:40:00    463596000  ***  ***    1.6    1.6    1.6   14.8   14.6   65.6   13.9    8.4   10.7  734.60    2630     3274
2014-09-09 17:00:00    463597200  ***  ***    2.7    2.7    2.7   14.7   13.8   57.9   13.5    6.5    9.7  734.60    2629     3264
2014-09-09 17:20:00    463598400  ***  ***    3.2    3.2    3.2   14.6   13.4   57.8   13.4    6.4    9.6  734.80    2628     3257
2014-09-09 17:40:00    463599600  ***  ***    2.6    2.6    2.6   14.0   13.0   61.1   13.0    6.7    9.5  734.70    2628     3241
2014-09-09 18:00:00    463600800  ***  ***    1.4    1.4    1.4   13.5   13.3   67.6   12.9    7.6    9.8  734.50    2630     3230
2014-09-09 18:20:00    463602000  ***  ***    2.7    2.7    2.7   13.1   11.8   74.3   12.7    8.7   10.4  734.30    2632     3222
2014-09-09 18:40:00    463603200  ***  ***    1.4    1.4    1.4   12.7   12.3   79.7   12.5    9.3   10.5  734.60    2629     3207
2014-09-09 19:00:00    463604400  ***  ***    0.7    0.7    0.7   12.5   12.5   84.0   12.5    9.8   10.7  734.60    2629     3200
2014-09-09 19:20:00    463605600  ***  ***    1.6    1.6    1.6   12.3   11.7   85.2   12.3    9.9   10.7  734.90    2626     3192
2014-09-09 19:40:00    463606800  ***  ***    1.6    1.6    1.6   12.0   11.3   80.8   11.9    8.8   10.0  735.10    2623     3176
2014-09-09 20:00:00    463608000  ***  ***    2.2    2.2    2.2   11.9   10.7   78.8   11.7    8.3    9.7  735.20    2623     3167
2014-09-09 20:20:00    463609200  ***  ***    1.5    1.5    1.5   11.6   10.9   83.3   11.6    8.8    9.8  735.30    2622     3156
2014-09-09 20:40:00    463610400  ***  ***    2.7    2.7    2.7   11.4    9.8   85.2   11.4    9.0    9.9  735.40    2620     3151
2014-09-09 21:00:00    463611600  ***  ***    2.6    2.6    2.6   11.2    9.6   88.0   11.3    9.3   10.0  735.30    2621     3145
2014-09-09 21:20:00    463612800  ***  ***    1.4    1.4    1.4   11.0   10.3   89.6   11.1    9.4   10.0  735.30    2622     3140
2014-09-09 21:40:00    463614000  ***  ***    1.3    1.3    1.3   11.0   10.5   91.3   11.2    9.7   10.2  735.30    2622     3141
2014-09-09 22:00:00    463615200  ***  ***    1.8    1.8    1.8   10.8    9.7   95.1   11.1   10.0   10.3  735.00    2625     3139
2014-09-09 22:20:00    463616400  ***  ***    0.0    0.0    0.0   10.7   10.7   96.6   11.1   10.2   10.4  735.20    2622     3134
2014-09-09 22:40:00    463617600  ***  ***    1.7    1.7    1.7   10.7    9.7   98.1   11.1   10.4   10.5  735.30    2622     3135
2014-09-09 23:00:00    463618800  ***  ***    1.5    1.5    1.5   10.7    9.9   98.8   11.1   10.6   10.6  735.10    2624     3138
2014-09-09 23:20:00    463620000  ***  ***    0.4    0.4    0.4   10.7   10.7   97.9   11.1   10.4   10.5  735.30    2622     3135
2014-09-09 23:40:00    463621200  ***  ***    1.3    1.3    1.3   10.6   10.0   97.2   11.0   10.2   10.3  735.10    2623     3132
2014-09-10 00:00:00    463622400  ***  ***    0.6    0.6    0.6   10.6   10.6   97.9   11.0   10.2   10.3  735.30    2622     3130
2014-09-10 00:20:00    463623600  ***  ***    2.0    2.0    2.0   10.4    9.0   96.0   10.7    9.7    9.9  734.80    2626     3125
2014-09-10 00:40:00    463624800  ***  ***    1.3    1.3    1.3   10.2    9.5   94.0   10.5    9.3    9.6  735.00    2625     3117
2014-09-10 01:00:00    463626000  ***  ***    2.0    2.0    2.0   10.1    8.6   92.9   10.3    9.0    9.4  735.00    2625     3113
2014-09-10 01:20:00    463627200  ***  ***    2.8    2.8    2.8   10.0    8.0   90.8   10.2    8.5    9.1  735.00    2625     3106
2014-09-10 01:40:00    463628400  ***  ***    1.6    1.6    1.6   10.2    9.2   85.3   10.2    7.8    8.7  735.10    2624     3107
2014-09-10 02:00:00    463629600  ***  ***    2.4    2.4    2.4   10.1    8.4   80.3    9.9    6.8    8.1  734.90    2626     3104
2014-09-10 02:20:00    463630800  ***  ***    2.1    2.1    2.1   10.2    8.7   78.6   10.0    6.6    8.1  734.70    2628     3110
2014-09-10 02:40:00    463632000  ***  ***    1.5    1.5    1.5   10.1    9.2   80.3    9.9    6.9    8.2  734.70    2628     3107
2014-09-10 03:00:00    463633200  ***  ***    1.2    1.2    1.2   10.1    9.5   85.1   10.1    7.7    8.6  734.60    2629     3111
2014-09-10 03:20:00    463634400  ***  ***    1.9    1.9    1.9   10.0    8.6   86.3   10.1    7.9    8.7  734.40    2631     3113
2014-09-10 03:40:00    463635600  ***  ***    0.7    0.7    0.7    9.7    9.7   86.7    9.8    7.6    8.4  734.40    2632     3100
2014-09-10 04:00:00    463636800  ***  ***    2.3    2.3    2.3   10.3    8.7   74.2   10.0    5.9    7.7  734.50    2630     3115
2014-09-10 04:20:00    463638000  ***  ***    1.9    1.9    1.9   10.2    8.8   74.2    9.9    5.8    7.6  734.30    2632     3114
2014-09-10 04:40:00    463639200  ***  ***    2.2    2.2    2.2   10.0    8.4   81.1    9.9    6.9    8.2  734.80    2627     3103
2014-09-10 05:00:00    463640400  ***  ***    1.9    1.9    1.9    9.6    8.1   89.4    9.7    8.0    8.6  734.90    2626     3093
2014-09-10 05:20:00    463641600  ***  ***    2.1    2.1    2.1    9.7    8.1   85.4    9.7    7.4    8.3  734.90    2626     3094
2014-09-10 05:40:00    463642800  ***  ***    1.6    1.6    1.6    9.5    8.4   85.2    9.5    7.1    8.1  734.80    2628     3088
2014-09-10 06:00:00    463644000  ***  ***    1.5    1.5    1.5    9.5    8.5   81.8    9.4    6.6    7.8  734.40    2631     3091
2014-09-10 06:20:00    463645200  ***  ***    1.5    1.5    1.5    9.6    8.6   80.3    9.4    6.4    7.7  735.20    2622     3082
2014-09-10 06:40:00    463646400  ***  ***    1.9    1.9    1.9    9.8    8.4   73.7    9.5    5.3    7.2  734.90    2626     3090
2014-09-10 07:00:00    463647600  ***  ***    2.0    2.0    2.0    9.8    8.3   68.5    9.3    4.3    6.7  734.90    2626     3087
2014-09-10 07:20:00    463648800  ***  ***    1.2    1.2    1.2    9.8    9.2   66.2    9.3    3.8    6.4  735.30    2622     3081
2014-09-10 07:40:00    463650000  ***  ***    0.5    0.5    0.5   10.3   10.3   65.8    9.7    4.2    6.8  735.40    2621     3096
2014-09-10 08:00:00    463651200  ***  ***    1.8    1.8    1.8   10.8    9.7   58.4   10.0    3.0    6.4  735.30    2622     3112
2014-09-10 08:20:00    463652400  ***  ***    1.1    1.1    1.1   11.5   11.2   54.6   10.5    2.7    6.5  735.80    2616     3128
2014-09-10 08:40:00    463653600  ***  ***    2.8    2.8    2.8   12.0   10.4   54.4   11.0    3.1    6.9  735.70    2617     3148
2014-09-10 09:00:00    463654800  ***  ***    2.4    2.4    2.4   12.7   11.5   55.9   11.6    4.2    7.8  735.80    2616     3174
2014-09-10 09:20:00    463656000  ***  ***    2.2    2.2    2.2   13.0   12.0   55.1   11.9    4.2    7.9  736.00    2614     3180
2014-09-10 09:40:00    463657200  ***  ***    1.2    1.2    1.2   13.5   13.4   54.0   12.3    4.4    8.2  736.20    2612     3195
2014-09-10 10:00:00    463658400  ***  ***    0.6    0.6    0.6   13.4   13.4   54.8   12.3    4.5    8.2  736.20    2612     3192
2014-09-10 10:20:00    463659600  ***  ***    2.4    2.4    2.4   13.8   12.9   51.5   12.5    4.0    8.1  736.20    2611     3203
2014-09-10 10:40:00    463660800  ***  ***    1.1    1.1    1.1   13.9   13.9   52.3   12.6    4.3    8.3  736.10    2613     3211
2014-09-10 11:00:00    463662000  ***  ***    0.5    0.5    0.5   15.6   15.6   52.3   14.1    5.8    9.6  736.20    2612     3269
2014-09-10 11:20:00    463663200  ***  ***    0.9    0.9    0.9   14.3   14.3   49.6   12.8    3.9    8.2  736.10    2613     3222
2014-09-10 11:40:00    463664400  ***  ***    2.5    2.5    2.5   15.4   14.8   51.7   13.9    5.6    9.5  736.20    2612     3265
2014-09-10 12:00:00    463665600  ***  ***    1.4    1.4    1.4   15.1   15.1   48.2   13.5    4.2    8.7  736.10    2613     3250
2014-09-10 12:20:00    463666800  ***  ***    1.6    1.6    1.6   15.7   15.7   49.2   14.1    5.1    9.4  736.00    2614     3274
2014-09-10 12:40:00    463668000  ***  ***    0.6    0.6    0.6   16.7   16.7   50.3   15.0    6.3   10.4  735.60    2619     3315
2014-09-10 13:00:00    463669200  ***  ***    0.4    0.4    0.4   15.4   15.4   50.1   13.8    5.1    9.3  735.60    2618     3270
2014-09-10 13:20:00    463670400  ***  ***    1.4    1.4    1.4   14.9   14.9   51.5   13.5    5.0    9.0  735.40    2620     3255
2014-09-10 13:40:00    463671600  ***  ***    2.4    2.4    2.4   15.7   15.2   50.6   14.1    5.5    9.5  735.60    2618     3282
2014-09-10 14:00:00    463672800  ***  ***    2.9    2.9    2.9   14.7   13.7   51.6   13.3    4.8    8.8  735.70    2618     3243
2014-09-10 14:20:00    463674000  ***  ***    1.1    1.1    1.1   15.9   15.9   50.1   14.3    5.5    9.6  735.40    2621     3289
2014-09-10 14:40:00    463675200  ***  ***    0.4    0.4    0.4   16.2   16.2   51.0   14.6    6.0   10.0  735.30    2622     3303
2014-09-10 15:00:00    463676400  ***  ***    1.1    1.1    1.1   15.8   15.8   48.9   14.2    5.1    9.4  734.70    2629     3294
2014-09-10 15:20:00    463677600  ***  ***    1.3    1.3    1.3   15.7   15.7   49.5   14.1    5.2    9.4  734.80    2626     3291
2014-09-10 15:40:00    463678800  ***  ***    1.7    1.7    1.7   15.8   15.7   48.5   14.1    5.0    9.3  735.00    2625     3292
2014-09-10 16:00:00    463680000  ***  ***    1.3    1.3    1.3   15.1   15.1   52.6   13.7    5.5    9.3  734.70    2628     3273
2014-09-10 16:20:00    463681200  ***  ***    1.4    1.4    1.4   15.4   15.4   54.7   14.1    6.4    9.9  734.80    2627     3285
2014-09-10 16:40:00    463682400  ***  ***    1.0    1.0    1.0   14.9   14.9   56.8   13.7    6.5    9.8  734.80    2627     3269
2014-09-10 17:00:00    463683600  ***  ***    1.4    1.4    1.4   14.7   14.7   59.1   13.6    6.8    9.9  734.80    2626     3263
2014-09-10 17:20:00    463684800  ***  ***    0.0    0.0    0.0   13.9   13.9   61.9   13.0    6.7    9.5  734.60    2629     3238
2014-09-10 17:40:00    463686000  ***  ***    0.0    0.0    0.0   13.9   13.9   60.6   12.9    6.4    9.3  734.70    2629     3235
2014-09-10 18:00:00    463687200  ***  ***    0.0    0.0    0.0   13.5   13.5   62.4   12.6    6.4    9.2  734.50    2631     3223
2014-09-10 18:20:00    463688400  ***  ***    0.6    0.6    0.6   13.0   13.0   64.4   12.2    6.4    9.0  734.60    2629     3206
2014-09-10 18:40:00    463689600  ***  ***    0.0    0.0    0.0   12.4   12.4   66.7   11.7    6.4    8.8  734.80    2626     3182
2014-09-10 19:00:00    463690800  ***  ***    0.0    0.0    0.0   11.3   11.3   70.5   10.8    6.1    8.2  735.20    2623     3138
2014-09-10 19:20:00    463692000  ***  ***    0.0    0.0    0.0   11.5   11.5   70.3   11.0    6.3    8.4  735.30    2622     3145
2014-09-10 19:40:00    463693200  ***  ***    0.4    0.4    0.4   11.9   11.9   66.5   11.3    5.9    8.3  735.60    2619     3153
2014-09-10 20:00:00    463694400  ***  ***    0.0    0.0    0.0   11.2   11.2   69.2   10.7    5.7    8.0  735.40    2621     3131
2014-09-10 20:20:00    463695600  ***  ***    0.0    0.0    0.0   10.6   10.6   73.2   10.3    6.0    7.9  735.70    2618     3110
2014-09-10 20:40:00    463696800  ***  ***    0.0    0.0    0.0   10.8   10.8   73.2   10.5    6.2    8.1  735.70    2617     3116
2014-09-10 21:00:00    463698000  ***  ***    0.0    0.0    0.0   10.3   10.3   76.2   10.0    6.3    8.0  735.80    2617     3100
2014-09-10 21:20:00    463699200  ***  ***    0.0    0.0    0.0   10.3   10.3   75.9   10.0    6.3    8.0  736.00    2614     3096
2014-09-10 21:40:00    463700400  ***  ***    0.0    0.0    0.0    9.8    9.8   77.0    9.6    6.0    7.6  735.50    2619     3084
2014-09-10 22:00:00    463701600  ***  ***    0.0    0.0    0.0   10.0   10.0   75.3    9.7    5.9    7.6  735.90    2615     3085
2014-09-10 22:20:00    463702800  ***  ***    0.0    0.0    0.0    9.9    9.9   74.4    9.6    5.5    7.3  735.70    2617     3082
2014-09-10 22:40:00    463704000  ***  ***    0.0    0.0    0.0    9.9    9.9   76.6    9.6    6.0    7.6  735.90    2615     3081
2014-09-10 23:00:00    463705200  ***  ***    0.0    0.0    0.0    9.8    9.8   78.3    9.6    6.2    7.7  736.10    2613     3076
2014-09-10 23:20:00    463706400  ***  ***    0.0    0.0    0.0    9.5    9.5   80.8    9.4    6.4    7.7  736.20    2612     3067
2014-09-10 23:40:00    463707600  ***  ***    0.0    0.0    0.0    9.8    9.8   79.9    9.6    6.5    7.8  735.80    2616     3084
2014-09-11 00:00:00    463708800  ***  ***    0.0    0.0    0.0    9.6    9.6   80.6    9.4    6.5    7.8  735.80    2616     3075
2014-09-11 00:20:00    463710000  ***  ***    0.0    0.0    0.0    9.4    9.4   79.6    9.2    6.1    7.4  735.80    2616     3068
2014-09-11 00:40:00    463711200  ***  ***    0.0    0.0    0.0    9.4    9.4   80.9    9.3    6.3    7.6  735.80    2617     3067
2014-09-11 01:00:00    463712400  ***  ***    0.0    0.0    0.0    9.4    9.4   81.0    9.3    6.3    7.6  735.80    2617     3068
2014-09-11 01:20:00    463713600  ***  ***    0.0    0.0    0.0    9.4    9.4   81.9    9.3    6.5    7.7  735.80    2617     3069
2014-09-11 01:40:00    463714800  ***  ***    0.0    0.0    0.0    9.2    9.2   81.2    9.1    6.2    7.4  735.50    2619     3065
2014-09-11 02:00:00    463716000  ***  ***    0.0    0.0    0.0    9.1    9.1   80.5    9.0    6.0    7.3  735.30    2621     3063
2014-09-11 02:20:00    463717200  ***  ***    0.0    0.0    0.0    8.9    8.9   81.3    8.8    5.9    7.1  735.50    2620     3053
2014-09-11 02:40:00    463718400  ***  ***    0.0    0.0    0.0    9.0    9.0   77.6    8.8    5.3    6.8  735.40    2620     3057
2014-09-11 03:00:00    463719600  ***  ***    0.0    0.0    0.0    9.0    9.0   74.2    8.7    4.6    6.5  735.30    2621     3053
2014-09-11 03:20:00    463720800  ***  ***    0.0    0.0    0.0    9.1    9.1   71.0    8.7    4.1    6.2  735.10    2624     3059
2014-09-11 03:40:00    463722000  ***  ***    0.0    0.0    0.0    9.1    9.1   72.7    8.8    4.5    6.5  735.30    2622     3058
2014-09-11 04:00:00    463723200  ***  ***    0.0    0.0    0.0    9.2    9.2   65.7    8.7    3.2    5.8  735.20    2623     3061
2014-09-11 04:20:00    463724400  ***  ***    0.0    0.0    0.0    9.3    9.3   62.8    8.7    2.6    5.6  735.30    2622     3060
2014-09-11 04:40:00    463725600  ***  ***    0.0    0.0    0.0   10.2   10.2   60.0    9.5    2.8    6.1  735.30    2622     3091
2014-09-11 05:00:00    463726800  ***  ***    0.0    0.0    0.0   10.4   10.4   59.8    9.6    2.9    6.2  735.60    2618     3094
2014-09-11 05:20:00    463728000  ***  ***    0.0    0.0    0.0    9.8    9.8   64.0    9.2    3.3    6.1  735.70    2617     3074
2014-09-11 05:40:00    463729200  ***  ***    0.0    0.0    0.0   10.1   10.1   60.4    9.4    2.7    6.0  735.50    2619     3084
2014-09-11 06:00:00    463730400  ***  ***    0.0    0.0    0.0   10.0   10.0   62.9    9.3    3.3    6.2  735.40    2620     3085
2014-09-11 06:20:00    463731600  ***  ***    0.0    0.0    0.0   10.4   10.4   62.1    9.7    3.5    6.5  735.60    2618     3096
2014-09-11 06:40:00    463732800  ***  ***    0.0    0.0    0.0   10.4   10.4   62.7    9.7    3.6    6.5  735.80    2616     3093
2014-09-11 07:00:00    463734000  ***  ***    0.0    0.0    0.0   10.7   10.7   66.0   10.1    4.6    7.2  735.90    2615     3106
2014-09-11 07:20:00    463735200  ***  ***    0.0    0.0    0.0   12.0   12.0   62.3   11.2    5.0    7.9  735.70    2617     3151
2014-09-11 07:40:00    463736400  ***  ***    0.0    0.0    0.0   12.4   12.4   62.7   11.6    5.5    8.3  735.80    2616     3166
2014-09-11 08:00:00    463737600  ***  ***    0.0    0.0    0.0   14.0   14.0   58.9   13.0    6.1    9.2  735.80    2616     3224
2014-09-11 08:20:00    463738800  ***  ***    0.0    0.0    0.0   17.1   17.1   48.4   15.3    6.2   10.4  735.80    2616     3327
2014-09-11 08:40:00    463740000  ***  ***    0.8    0.8    0.8   17.0   17.0   49.9   15.3    6.5   10.5  735.90    2615     3323
2014-09-11 09:00:00    463741200  ***  ***    1.3    1.3    1.3   17.2   17.2   50.5   15.5    6.8   10.7  736.00    2614     3329
2014-09-11 09:20:00    463742400  ***  ***    0.8    0.8    0.8   17.6   17.6   51.3   15.9    7.5   11.3  736.20    2612     3343
2014-09-11 09:40:00    463743600  ***  ***    1.1    1.1    1.1   16.6   16.6   53.6   15.1    7.1   10.7  736.20    2611     3309
2014-09-11 10:00:00    463744800  ***  ***    0.0    0.0    0.0   16.6   16.6   51.9   15.0    6.7   10.5  736.20    2612     3308
2014-09-11 10:20:00    463746000  ***  ***    0.7    0.7    0.7   16.4   16.4   59.7   15.2    8.6   11.4  736.60    2607     3303
2014-09-11 10:40:00    463747200  ***  ***    0.0    0.0    0.0   16.0   16.0   66.4   15.2    9.7   11.9  736.50    2608     3292
2014-09-11 11:00:00    463748400  ***  ***    0.0    0.0    0.0   15.3   15.3   71.5   14.7   10.2   12.0  736.30    2611     3275
2014-09-11 11:20:00    463749600  ***  ***    0.6    0.6    0.6   15.7   15.7   73.4   15.2   11.0   12.6  736.30    2610     3291
2014-09-11 11:40:00    463750800  ***  ***    0.0    0.0    0.0   15.7   15.7   73.7   15.2   11.0   12.6  736.30    2611     3293
2014-09-11 12:00:00    463752000  ***  ***    0.0    0.0    0.0   15.5   15.5   75.6   15.1   11.2   12.6  736.10    2613     3287
2014-09-11 12:20:00    463753200  ***  ***    0.5    0.5    0.5   15.1   15.1   74.2   14.6   10.5   12.1  736.20    2612     3270
2014-09-11 12:40:00    463754400  ***  ***    0.0    0.0    0.0   15.2   15.2   72.3   14.7   10.2   11.9  735.90    2615     3275
2014-09-11 13:00:00    463755600  ***  ***    0.8    0.8    0.8   14.8   14.8   72.4   14.3    9.8   11.5  735.80    2616     3261
2014-09-11 13:20:00    463756800  ***  ***    0.0    0.0    0.0   11.8   11.8   90.9   12.0   10.4   10.9  735.80    2616     3165
2014-09-11 13:40:00    463758000  ***  ***    0.0    0.0    0.0   12.5   12.5   94.2   12.9   11.5   11.9  735.60    2619     3194
2014-09-11 14:00:00    463759200  ***  ***    0.6    0.6    0.6   13.2   13.2   93.8   13.6   12.2   12.5  735.60    2619     3223
2014-09-11 14:20:00    463760400  ***  ***    0.0    0.0    0.0   13.4   13.4   93.0   13.7   12.3   12.7  735.30    2622     3234
2014-09-11 14:40:00    463761600  ***  ***    1.1    1.1    1.1   13.3   13.3   86.8   13.4   11.1   11.9  735.10    2623     3227
2014-09-11 15:00:00    463762800  ***  ***    0.0    0.0    0.0   13.6   13.6   88.7   13.8   11.8   12.4  735.00    2625     3242
2014-09-11 15:20:00    463764000  ***  ***    0.0    0.0    0.0   14.7   14.7   86.9   14.8   12.5   13.2  734.80    2628     3286
2014-09-11 15:40:00    463765200  ***  ***    0.7    0.7    0.7   14.4   14.4   87.1   14.5   12.3   13.0  735.00    2625     3270
2014-09-11 16:00:00    463766400  ***  ***    0.0    0.0    0.0   14.8   14.8   83.5   14.8   12.1   13.0  734.80    2627     3288
2014-09-11 16:20:00    463767600  ***  ***    0.0    0.0    0.0   15.0   15.0   76.3   14.6   10.9   12.3  734.80    2628     3290
2014-09-11 16:40:00    463768800  ***  ***    0.0    0.0    0.0   15.1   15.1   75.4   14.7   10.8   12.3  734.70    2628     3291
2014-09-11 17:00:00    463770000  ***  ***    0.0    0.0    0.0   14.8   14.8   71.0   14.2    9.6   11.5  734.80    2627     3275
2014-09-11 17:20:00    463771200  ***  ***    0.0    0.0    0.0   13.5   13.5   76.7   13.2    9.5   11.0  734.80    2628     3233
2014-09-11 17:40:00    463772400  ***  ***    0.0    0.0    0.0   13.0   13.0   78.8   12.8    9.4   10.7  735.10    2624     3212
2014-09-11 18:00:00    463773600  ***  ***    0.0    0.0    0.0   12.3   12.3   85.9   12.3   10.1   10.9  734.90    2626     3192
2014-09-11 18:20:00    463774800  ***  ***    0.0    0.0    0.0   12.0   12.0   86.2   12.0    9.8   10.6  735.10    2624     3177
2014-09-11 18:40:00    463776000  ***  ***    0.0    0.0    0.0   11.8   11.8   84.0   11.8    9.2   10.2  735.20    2623     3167
2014-09-11 19:00:00    463777200  ***  ***    0.0    0.0    0.0   11.9   11.9   82.5   11.9    9.0   10.1  735.20    2623     3168
2014-09-11 19:20:00    463778400  ***  ***    0.0    0.0    0.0   11.8   11.8   83.5   11.8    9.1   10.1  735.40    2621     3166
2014-09-11 19:40:00    463779600  ***  ***    0.0    0.0    0.0   11.7   11.7   81.1   11.6    8.6    9.8  735.50    2620     3157
2014-09-11 20:00:00    463780800  ***  ***    0.0    0.0    0.0   11.4   11.4   81.8   11.3    8.4    9.5  735.50    2619     3146
2014-09-11 20:20:00    463782000  ***  ***    0.0    0.0    0.0   11.2   11.2   80.6   11.0    8.0    9.2  735.70    2617     3137
2014-09-11 20:40:00    463783200  ***  ***    0.0    0.0    0.0   11.0   11.0   82.3   10.9    8.1    9.2  735.70    2617     3130
2014-09-11 21:00:00    463784400  ***  ***    0.0    0.0    0.0   11.1   11.1   80.8   11.0    8.0    9.2  735.80    2616     3132
2014-09-11 21:20:00    463785600  ***  ***    0.0    0.0    0.0   10.8   10.8   82.5   10.8    8.0    9.0  735.90    2615     3121
2014-09-11 21:40:00    463786800  ***  ***    0.0    0.0    0.0   11.0   11.0   81.0   10.9    7.9    9.1  735.80    2616     3128
2014-09-11 22:00:00    463788000  ***  ***    0.0    0.0    0.0   10.8   10.8   81.1   10.7    7.7    8.9  735.80    2616     3122
2014-09-11 22:20:00    463789200  ***  ***    0.0    0.0    0.0   10.8   10.8   80.4   10.6    7.6    8.8  736.00    2614     3118
2014-09-11 22:40:00    463790400  ***  ***    0.0    0.0    0.0   10.6   10.6   79.2   10.4    7.2    8.6  735.90    2615     3111
2014-09-11 23:00:00    463791600  ***  ***    0.0    0.0    0.0   10.7   10.7   83.2   10.7    8.0    9.0  736.10    2613     3115
2014-09-11 23:20:00    463792800  ***  ***    0.0    0.0    0.0   10.8   10.8   79.4   10.6    7.3    8.6  736.00    2614     3115
2014-09-11 23:40:00    463794000  ***  ***    0.0    0.0    0.0   10.6   10.6   77.7   10.4    6.8    8.3  735.90    2615     3108
2014-09-12 00:00:00    463795200  ***  ***    0.0    0.0    0.0   10.5   10.5   83.2   10.5    7.8    8.9  735.80    2616     3111
2014-09-12 00:20:00    463796400  ***  ***    0.0    0.0    0.0   10.8   10.8   76.6   10.5    6.8    8.4  735.50    2619     3120
2014-09-12 00:40:00    463797600  ***  ***    0.0    0.0    0.0   10.4   10.4   77.6   10.2    6.6    8.2  735.60    2619     3104
2014-09-12 01:00:00    463798800  ***  ***    0.0    0.0    0.0   10.3   10.3   75.7   10.0    6.2    7.9  735.50    2620     3101
2014-09-12 01:20:00    463800000  ***  ***    0.0    0.0    0.0   10.5   10.5   77.6   10.3    6.7    8.2  735.60    2619     3108
2014-09-12 01:40:00    463801200  ***  ***    0.0    0.0    0.0   10.4   10.4   80.2   10.2    7.1    8.4  735.50    2620     3108
2014-09-12 02:00:00    463802400  ***  ***    0.0    0.0    0.0   10.5   10.5   77.1   10.3    6.7    8.2  735.50    2619     3111
2014-09-12 02:20:00    463803600  ***  ***    0.0    0.0    0.0   10.4   10.4   73.7   10.1    5.9    7.8  735.50    2620     3104
2014-09-12 02:40:00    463804800  ***  ***    0.0    0.0    0.0   10.5   10.5   75.0   10.2    6.2    8.0  735.40    2620     3109
2014-09-12 03:00:00    463806000  ***  ***    0.0    0.0    0.0   10.5   10.5   74.9   10.2    6.3    8.0  735.30    2622     3113
2014-09-12 03:20:00    463807200  ***  ***    0.0    0.0    0.0   10.5   10.5   75.5   10.2    6.4    8.1  735.30    2621     3112
2014-09-12 03:40:00    463808400  ***  ***    0.0    0.0    0.0    9.9    9.9   79.6    9.7    6.5    7.9  735.40    2621     3090
2014-09-12 04:00:00    463809600  ***  ***    0.0    0.0    0.0   10.0   10.0   81.2    9.9    6.9    8.2  735.20    2623     3097
2014-09-12 04:20:00    463810800  ***  ***    0.0    0.0    0.0   10.4   10.4   79.5   10.2    7.0    8.3  735.30    2621     3110
2014-09-12 04:40:00    463812000  ***  ***    0.0    0.0    0.0   10.0   10.0   81.9    9.9    7.1    8.2  735.30    2622     3099
2014-09-12 05:00:00    463813200  ***  ***    0.0    0.0    0.0    9.9    9.9   82.4    9.8    7.1    8.2  735.50    2619     3093
2014-09-12 05:20:00    463814400  ***  ***    0.0    0.0    0.0    9.8    9.8   85.2    9.8    7.5    8.4  735.40    2620     3092
2014-09-12 05:40:00    463815600  ***  ***    0.0    0.0    0.0    9.6    9.6   86.8    9.7    7.6    8.4  735.60    2618     3083
2014-09-12 06:00:00    463816800  ***  ***    0.0    0.0    0.0    9.7    9.7   82.3    9.6    6.8    8.0  735.70    2617     3080
2014-09-12 06:20:00    463818000  ***  ***    0.0    0.0    0.0    9.5    9.5   83.7    9.5    6.9    8.0  735.50    2619     3077
2014-09-12 06:40:00    463819200  ***  ***    0.0    0.0    0.0    9.9    9.9   83.3    9.9    7.2    8.3  735.60    2618     3089
2014-09-12 07:00:00    463820400  ***  ***    0.0    0.0    0.0   10.2   10.2   84.4   10.2    7.7    8.6  735.70    2617     3101
2014-09-12 07:20:00    463821600  ***  ***    0.0    0.0    0.0   10.8   10.8   82.6   10.8    8.0    9.0  735.90    2615     3122
2014-09-12 07:40:00    463822800  ***  ***    0.0    0.0    0.0   11.6   11.6   81.6   11.5    8.5    9.7  735.90    2615     3148
2014-09-12 08:00:00    463824000  ***  ***    0.0    0.0    0.0   12.5   12.5   80.5   12.3    9.2   10.4  736.00    2614     3178
2014-09-12 08:20:00    463825200  ***  ***    0.6    0.6    0.6   14.9   14.9   74.4   14.4   10.4   12.0  736.40    2609     3259
2014-09-12 08:40:00    463826400  ***  ***    0.0    0.0    0.0   20.4   20.4   62.0   20.0   12.9   15.2  735.90    2615     3460
2014-09-12 09:00:00    463827600  ***  ***    0.0    0.0    0.0   19.0   19.0   61.9   18.1   11.5   14.0  736.00    2614     3406
2014-09-12 09:20:00    463828800  ***  ***    0.4    0.4    0.4   18.6   18.6   62.6   17.6   11.3   13.7  736.00    2614     3394
2014-09-12 09:40:00    463830000  ***  ***    1.2    1.2    1.2   15.4   15.4   69.5   14.8    9.8   11.8  736.30    2611     3276
2014-09-12 10:00:00    463831200  ***  ***    0.0    0.0    0.0   17.4   17.4   70.4   16.7   12.0   13.7  736.30    2610     3353
2014-09-12 10:20:00    463832400  ***  ***    0.0    0.0    0.0   17.5   17.5   62.2   16.4   10.2   12.7  736.40    2610     3347
2014-09-12 10:40:00    463833600  ***  ***    0.3    0.3    0.3   17.8   17.8   63.1   16.7   10.7   13.1  736.50    2609     3357
2014-09-12 11:00:00    463834800  ***  ***    1.4    1.4    1.4   15.7   15.7   67.6   15.0    9.7   11.8  736.30    2611     3286
2014-09-12 11:20:00    463836000  ***  ***    0.0    0.0    0.0   17.5   17.5   66.0   16.6   11.1   13.2  736.30    2610     3350
2014-09-12 11:40:00    463837200  ***  ***    1.1    1.1    1.1   16.9   16.9   64.4   15.9   10.1   12.5  736.10    2613     3330
2014-09-12 12:00:00    463838400  ***  ***    0.0    0.0    0.0   17.0   17.0   63.5   15.9   10.0   12.4  736.20    2611     3332
2014-09-12 12:20:00    463839600  ***  ***    0.7    0.7    0.7   16.3   16.3   63.2   15.3    9.3   11.8  735.90    2615     3311
2014-09-12 12:40:00    463840800  ***  ***    0.5    0.5    0.5   17.0   17.0   66.7   16.1   10.8   12.9  735.90    2615     3339
2014-09-12 13:00:00    463842000  ***  ***    0.0    0.0    0.0   16.8   16.8   64.0   15.8    9.9   12.3  735.80    2616     3329
2014-09-12 13:20:00    463843200  ***  ***    0.4    0.4    0.4   16.6   16.6   65.1   15.6   10.1   12.4  735.50    2619     3330
2014-09-12 13:40:00    463844400  ***  ***    1.4    1.4    1.4   15.9   15.9   66.9   15.1    9.8   12.0  735.30    2621     3309
2014-09-12 14:00:00    463845600  ***  ***    1.3    1.3    1.3   16.3   16.3   68.2   15.5   10.5   12.5  735.40    2620     3322
2014-09-12 14:20:00    463846800  ***  ***    1.1    1.1    1.1   17.0   17.0   67.1   16.1   10.9   12.9  735.00    2625     3352
2014-09-12 14:40:00    463848000  ***  ***    0.0    0.0    0.0   17.7   17.7   67.2   16.8   11.5   13.5  735.00    2625     3377
2014-09-12 15:00:00    463849200  ***  ***    2.0    2.0    2.0   15.4   15.0   70.9   14.8   10.2   12.0  734.80    2627     3299
2014-09-12 15:20:00    463850400  ***  ***    1.6    1.6    1.6   15.3   15.2   73.1   14.7   10.5   12.2  735.00    2625     3294
2014-09-12 15:40:00    463851600  ***  ***    1.2    1.2    1.1   15.0   15.0   72.4   14.5   10.0   11.8  735.00    2625     3281
2014-09-12 16:00:00    463852800  ***  ***    0.0    0.0    0.0   15.4   15.4   70.9   14.8   10.1   12.0  735.00    2625     3295
2014-09-12 16:20:00    463854000  ***  ***    1.1    1.1    1.1   15.2   15.2   70.5   14.6    9.8   11.7  734.70    2628     3289
2014-09-12 16:40:00    463855200  ***  ***    1.1    1.1    1.1   15.0   15.0   70.6   14.4    9.7   11.5  734.70    2628     3285
2014-09-12 17:00:00    463856400  ***  ***    0.0    0.0    0.0   14.8   14.8   72.7   14.3    9.9   11.6  734.80    2627     3276
2014-09-12 17:20:00    463857600  ***  ***    0.0    0.0    0.0   14.5   14.5   75.0   14.1   10.1   11.6  734.80    2627     3268
2014-09-12 17:40:00    463858800  ***  ***    0.0    0.0    0.0   14.1   14.1   78.8   13.9   10.4   11.6  734.90    2626     3253
2014-09-12 18:00:00    463860000  ***  ***    0.0    0.0    0.0   13.6   13.6   79.2   13.4   10.1   11.4  735.00    2625     3236
2014-09-12 18:20:00    463861200  ***  ***    0.0    0.0    0.0   13.0   13.0   80.7   12.9    9.8   11.0  735.10    2624     3212
2014-09-12 18:40:00    463862400  ***  ***    0.0    0.0    0.0   12.7   12.7   80.7   12.6    9.5   10.7  735.10    2623     3202
2014-09-12 19:00:00    463863600  ***  ***    0.0    0.0    0.0   12.5   12.5   81.2   12.4    9.3   10.5  735.60    2618     3185
2014-09-12 19:20:00    463864800  ***  ***    0.0    0.0    0.0   12.3   12.3   84.0   12.3    9.7   10.6  735.90    2615     3177
2014-09-12 19:40:00    463866000  ***  ***    0.9    0.9    0.9   12.1   12.1   83.6   12.1    9.4   10.4  735.90    2615     3169
2014-09-12 20:00:00    463867200  ***  ***    0.5    0.5    0.5   11.8   11.8   85.8   11.8    9.5   10.4  736.20    2611     3156
2014-09-12 20:20:00    463868400  ***  ***    1.1    1.1    1.1   11.7   11.5   87.0   11.8    9.6   10.4  736.00    2614     3156
2014-09-12 20:40:00    463869600  ***  ***    0.0    0.0    0.0   11.3   11.3   90.2   11.5    9.7   10.3  736.20    2612     3138
2014-09-12 21:00:00    463870800  ***  ***    1.3    1.3    1.3   11.2   10.7   92.1   11.5   10.0   10.4  736.10    2613     3138
2014-09-12 21:20:00    463872000  ***  ***    0.0    0.0    0.0   11.3   11.3   90.2   11.5    9.7   10.3  736.10    2613     3140
2014-09-12 21:40:00    463873200  ***  ***    0.0    0.0    0.0   11.6   11.6   82.1   11.5    8.6    9.8  736.10    2613     3146
2014-09-12 22:00:00    463874400  ***  ***    0.3    0.3    0.3   11.5   11.5   82.5   11.5    8.7    9.8  735.80    2616     3149
2014-09-12 22:20:00    463875600  ***  ***    1.0    1.0    1.0   11.6   11.5   80.3   11.4    8.3    9.6  735.80    2616     3147
2014-09-12 22:40:00    463876800  ***  ***    0.0    0.0    0.0   11.4   11.4   84.4   11.4    8.9    9.8  735.60    2618     3148
2014-09-12 23:00:00    463878000  ***  ***    0.7    0.7    0.7   10.9   10.9   89.5   11.0    9.3    9.9  735.20    2622     3138
2014-09-12 23:20:00    463879200  ***  ***    0.0    0.0    0.0   11.0   11.0   94.2   11.3   10.1   10.4  735.50    2619     3141
2014-09-12 23:40:00    463880400  ***  ***    0.0    0.0    0.0   10.6   10.6   95.0   10.9    9.8   10.1  735.40    2620     3125
2014-09-13 00:00:00    463881600  ***  ***    0.6    0.6    0.6   10.4   10.4   94.2   10.7    9.5    9.8  735.40    2620     3119
2014-09-13 00:20:00    463882800  ***  ***    0.7    0.7    0.7   10.3   10.3   95.8   10.6    9.6    9.9  735.60    2618     3113
2014-09-13 00:40:00    463884000  ***  ***    0.5    0.5    0.5   10.2   10.2   98.0   10.6    9.9   10.0  735.60    2618     3110
2014-09-13 01:00:00    463885200  ***  ***    2.3    2.3    2.3   10.2    8.5   97.6   10.6    9.9   10.0  735.60    2618     3111
2014-09-13 01:20:00    463886400  ***  ***    0.0    0.0    0.0   10.6   10.6   97.4   11.0   10.2   10.3  735.60    2619     3125
2014-09-13 01:40:00    463887600  ***  ***    0.0    0.0    0.0   10.3   10.3   97.1   10.6    9.9   10.0  735.30    2622     3119
2014-09-13 02:00:00    463888800  ***  ***    0.4    0.4    0.4   10.3   10.3   97.9   10.7   10.0   10.1  735.30    2621     3119
2014-09-13 02:20:00    463890000  ***  ***    0.0    0.0    0.0   10.5   10.5   97.4   10.9   10.1   10.3  735.30    2621     3125
2014-09-13 02:40:00    463891200  ***  ***    0.0    0.0    0.0   10.2   10.2   99.3   10.6   10.1   10.1  735.30    2622     3114
2014-09-13 03:00:00    463892400  ***  ***    1.7    1.7    1.7    9.8    8.6  100.0   10.2    9.8    9.8  735.40    2620     3098
2014-09-13 03:20:00    463893600  ***  ***    0.0    0.0    0.0    9.7    9.7  100.0   10.1    9.7    9.7  735.10    2623     3098
2014-09-13 03:40:00    463894800  ***  ***    2.3    2.3    2.3    9.8    8.1   98.8   10.2    9.6    9.7  735.30    2621     3099
2014-09-13 04:00:00    463896000  ***  ***    0.3    0.3    0.3    9.7    9.7   99.5   10.1    9.6    9.6  734.90    2626     3101
2014-09-13 04:20:00    463897200  ***  ***    0.4    0.4    0.4    9.3    9.3   99.3    9.7    9.2    9.2  735.40    2621     3079
2014-09-13 04:40:00    463898400  ***  ***    0.6    0.6    0.6    9.2    9.2   99.6    9.6    9.1    9.1  735.20    2623     3077
2014-09-13 05:00:00    463899600  ***  ***    0.0    0.0    0.0    9.3    9.3   98.6    9.7    9.1    9.2  735.40    2620     3081
2014-09-13 05:20:00    463900800  ***  ***    0.0    0.0    0.0    9.1    9.1  100.0    9.5    9.1    9.1  735.60    2619     3070
2014-09-13 05:40:00    463902000  ***  ***    0.0    0.0    0.0    9.2    9.2  100.0    9.6    9.2    9.2  735.60    2618     3074
2014-09-13 06:00:00    463903200  ***  ***    0.4    0.4    0.4    9.2    9.2  100.0    9.6    9.2    9.2  735.70    2617     3073
2014-09-13 06:20:00    463904400  ***  ***    0.0    0.0    0.0    9.4    9.4  100.0    9.8    9.4    9.4  735.90    2615     3076
2014-09-13 06:40:00    463905600  ***  ***    0.0    0.0    0.0    9.8    9.8   99.1   10.2    9.6    9.7  736.00    2614     3089
2014-09-13 07:00:00    463906800  ***  ***    0.4    0.4    0.4   10.0   10.0   99.6   10.4    9.9    9.9  736.00    2614     3099
2014-09-13 07:20:00    463908000  ***  ***    0.0    0.0    0.0   10.2   10.2   98.3   10.6    9.9   10.0  736.20    2612     3101
2014-09-13 07:40:00    463909200  ***  ***    0.0    0.0    0.0   10.6   10.6   96.0   11.0   10.0   10.3  736.20    2612     3117
2014-09-13 08:00:00    463910400  ***  ***    0.0    0.0    0.0   12.1   12.1   86.7   12.2    9.9   10.7  736.20    2612     3167
2014-09-13 08:20:00    463911600  ***  ***    0.5    0.5    0.5   16.8   16.8   72.3   16.2   11.8   13.4  736.60    2608     3329
2014-09-13 08:40:00    463912800  ***  ***    2.0    2.0    2.0   14.7   14.1   70.9   14.1    9.5   11.4  736.30    2611     3253
2014-09-13 09:00:00    463914000  ***  ***    2.1    2.1    2.1   15.0   14.5   74.0   14.5   10.4   12.0  736.20    2612     3267
2014-09-13 09:20:00    463915200  ***  ***    0.8    0.8    0.7   17.5   17.5   69.9   16.8   12.0   13.8  736.20    2611     3359
2014-09-13 09:40:00    463916400  ***  ***    0.4    0.4    0.4   15.5   15.5   73.0   14.9   10.7   12.4  736.30    2611     3285
2014-09-13 10:00:00    463917600  ***  ***    0.4    0.4    0.4   17.0   17.0   73.0   16.4   12.1   13.7  736.20    2612     3341
2014-09-13 10:20:00    463918800  ***  ***    0.0    0.0    0.0   16.3   16.3   73.0   15.7   11.4   13.0  736.20    2612     3313
2014-09-13 10:40:00    463920000  ***  ***    0.5    0.5    0.5   14.9   14.9   77.5   14.6   10.9   12.2  736.10    2613     3266
2014-09-13 11:00:00    463921200  ***  ***    0.4    0.4    0.4   13.7   13.7   78.8   13.5   10.1   11.4  736.20    2611     3222
2014-09-13 11:20:00    463922400  ***  ***    0.0    0.0    0.0   13.5   13.5   79.9   13.3   10.1   11.3  736.20    2612     3216
2014-09-13 11:40:00    463923600  ***  ***    0.0    0.0    0.0   13.6   13.6   76.9   13.3    9.7   11.1  736.30    2611     3218
2014-09-13 12:00:00    463924800  ***  ***    0.5    0.5    0.5   14.4   14.4   75.5   14.0   10.1   11.6  736.00    2614     3249
2014-09-13 12:20:00    463926000  ***  ***    1.2    1.2    1.2   13.0   12.9   80.8   12.9    9.8   11.0  736.10    2613     3200
2014-09-13 12:40:00    463927200  ***  ***    0.0    0.0    0.0   16.2   16.2   70.6   15.5   10.9   12.7  735.80    2616     3314
2014-09-13 13:00:00    463928400  ***  ***    0.0    0.0    0.0   21.0   21.0   57.4   20.6   12.2   15.0  744.00    2526     3370
2014-09-13 13:20:00    463929600  ***  ***    0.0    0.0    0.0   22.1   22.1   56.2   21.9   13.0   15.8  745.90    2506     3386
2014-09-13 13:40:00    463930800  ***  ***    0.0    0.0    0.0   22.1   22.1   55.7   21.9   12.8   15.7  746.00    2504     3384
2014-09-13 14:00:00    463932000  ***  ***    0.0    0.0    0.0   21.3   21.3   55.0   21.1   11.9   14.9  743.20    2535     3391
2014-09-13 14:20:00    463933200  ***  ***    0.4    0.4    0.4   20.8   20.8   58.9   20.5   12.5   15.1  741.90    2549     3394
2014-09-13 14:40:00    463934400  ***  ***    0.0    0.0    0.0   20.8   20.8   57.5   20.4   12.1   14.9  752.50    2435     3254
2014-09-13 15:00:00    463935600  ***  ***    0.0    0.0    0.0   20.8   20.8   55.0   20.3   11.4   14.5  752.50    2435     3251
2014-09-13 15:20:00    463936800  ***  ***    0.0    0.0    0.0   20.0   20.0   60.3   19.4   12.1   14.7  769.90    2254     3005
2014-09-13 15:40:00    463938000  ***  ***    0.0    0.0    0.0   21.6   21.6   63.3   21.8   14.3   16.6  833.90    1608     2280
2014-09-13 16:00:00    463939200  ***  ***    0.0    0.0    0.0   20.9   20.9   61.6   20.7   13.3   15.8  833.90    1608     2253
2014-09-13 16:20:00    463940400  ***  ***    0.0    0.0    0.0   20.8   20.8   61.5   20.6   13.1   15.7  833.80    1609     2249
2014-09-13 16:40:00    463941600  ***  ***    0.0    0.0    0.0   20.7   20.7   62.1   20.5   13.2   15.7  833.80    1609     2248
2014-09-13 17:00:00    463942800  ***  ***    0.0    0.0    0.0   20.7   20.7   61.7   20.4   13.1   15.7  833.70    1609     2248
2014-09-13 17:20:00    463944000  ***  ***    0.0    0.0    0.0   20.8   20.8   61.3   20.6   13.1   15.7  833.70    1610     2249
2014-09-13 17:40:00    463945200  ***  ***    0.0    0.0    0.0   20.7   20.7   61.4   20.4   13.0   15.6  833.80    1609     2247
2014-09-13 18:00:00    463946400  ***  ***    0.0    0.0    0.0   20.8   20.8   61.2   20.6   13.1   15.7  833.90    1608     2248
2014-09-13 18:20:00    463947600  ***  ***    0.0    0.0    0.0   20.8   20.8   61.6   20.6   13.1   15.7  833.90    1607     2247
2014-09-13 18:40:00    463948800  ***  ***    0.0    0.0    0.0   20.8   20.8   61.2   20.6   13.1   15.7  834.10    1605     2245
2014-09-13 19:00:00    463950000  ***  ***    0.0    0.0    0.0   20.7   20.7   60.6   20.4   12.8   15.5  834.40    1602     2238
2014-09-13 19:20:00    463951200  ***  ***    0.0    0.0    0.0   20.9   20.9   60.0   20.7   12.9   15.6  834.60    1601     2243
