FORMATTED DATE-TIME           DT   MG   TR     WS     CW     HW     TP     WC     RH     HI     DP     WB      BP      AL       DA
YYYY-MM-DD HH:MM:SS            s  Mag True    m/s    m/s    m/s     °C     °C      %     °C     °C     °C     hPa       m        m
----------------------------------------------------------------------------------------------------------------------------------
2014-08-28 10:00:00    462535200  ***  ***    0.0    0.0    0.0   20.7   20.7   55.3   20.2   11.4   14.4  738.60    2585     3428
2014-08-28 10:20:00    462536400  ***  ***    0.6    0.6    0.6   17.2   17.2   63.2   16.1   10.1   12.6  738.40    2588     3310
2014-08-28 10:40:00    462537600  ***  ***    1.1    1.1    1.1   15.7   15.7   49.0   14.1    5.0    9.3  738.10    2591     3246
2014-08-28 11:00:00    462538800  ***  ***    0.3    0.3    0.3   16.0   16.0   59.3   14.8    8.1   11.0  738.10    2591     3267
2014-08-28 11:20:00    462540000  ***  ***    0.0    0.0    0.0   17.5   17.5   51.6   15.8    7.4   11.2  738.10    2591     3314
2014-08-28 11:40:00    462541200  ***  ***    0.7    0.7    0.7   16.6   16.6   49.7   14.9    6.0   10.2  737.90    2593     3281
2014-08-28 12:00:00    462542400  ***  ***    1.1    1.1    1.1   17.6   17.6   58.0   16.2    9.3   12.2  737.80    2594     3329
2014-08-28 12:20:00    462543600  ***  ***    0.5    0.5    0.4   17.9   17.9   57.2   16.5    9.3   12.3  737.60    2596     3341
2014-08-28 12:40:00    462544800  ***  ***    1.7    1.7    1.7   18.8   18.8   49.8   17.2    8.1   12.0  737.30    2599     3369
2014-08-28 13:00:00    462546000  ***  ***    0.9    0.9    0.9   17.5   17.5   52.1   15.8    7.6   11.2  737.50    2598     3323
2014-08-28 13:20:00    462547200  ***  ***    0.3    0.3    0.3   17.0   17.0   57.2   15.6    8.4   11.5  737.30    2600     3311
2014-08-28 13:40:00    462548400  ***  ***    0.0    0.0    0.0   17.6   17.6   55.9   16.1    8.7   11.9  736.80    2605     3340
2014-08-28 14:00:00    462549600  ***  ***    0.0    0.0    0.0   17.0   17.0   55.7   15.6    8.1   11.3  736.90    2604     3316
2014-08-28 14:20:00    462550800  ***  ***    0.6    0.6    0.6   17.1   17.1   46.9   15.3    5.7   10.2  736.60    2607     3315
2014-08-28 14:40:00    462552000  ***  ***    0.7    0.7    0.7   17.3   17.3   45.9   15.4    5.5   10.1  736.60    2607     3320
2014-08-28 15:00:00    462553200  ***  ***    0.0    0.0    0.0   16.5   16.5   50.7   14.9    6.3   10.3  736.50    2609     3299
2014-08-28 15:20:00    462554400  ***  ***    0.4    0.4    0.4   17.2   17.2   52.1   15.6    7.3   11.0  736.50    2608     3325
2014-08-28 15:40:00    462555600  ***  ***    0.0    0.0    0.0   17.8   17.8   57.2   16.4    9.2   12.2  736.50    2608     3350
2014-08-28 16:00:00    462556800  ***  ***    0.3    0.3    0.3   17.1   17.1   53.2   15.6    7.5   11.1  736.20    2612     3327
2014-08-28 16:20:00    462558000  ***  ***    1.1    1.1    1.1   16.1   16.1   54.0   14.6    6.8   10.4  736.40    2609     3288
2014-08-28 16:40:00    462559200  ***  ***    1.5    1.5    1.5   16.4   16.4   55.2   15.0    7.4   10.8  736.10    2613     3305
2014-08-28 17:00:00    462560400  ***  ***    0.5    0.5    0.5   16.5   16.5   50.1   14.8    6.1   10.1  736.00    2614     3305
2014-08-28 17:20:00    462561600  ***  ***    0.0    0.0    0.0   16.3   16.3   50.6   14.6    6.0   10.0  736.20    2612     3294
2014-08-28 17:40:00    462562800  ***  ***    0.8    0.8    0.8   15.8   15.8   52.5   14.4    6.1    9.9  736.40    2610     3274
2014-08-28 18:00:00    462564000  ***  ***    0.0    0.0    0.0   15.0   15.0   56.1   13.7    6.4    9.7  736.50    2609     3249
2014-08-28 18:20:00    462565200  ***  ***    0.0    0.0    0.0   13.9   13.9   60.8   12.9    6.5    9.4  736.20    2612     3216
2014-08-28 18:40:00    462566400  ***  ***    0.9    0.9    0.9   15.3   15.3   54.5   14.0    6.1    9.7  736.30    2611     3259
2014-08-28 19:00:00    462567600  ***  ***    0.0    0.0    0.0   12.8   12.8   67.4   12.1    6.9    9.3  736.40    2609     3177
2014-08-28 19:20:00    462568800  ***  ***    0.0    0.0    0.0   12.3   12.3   70.4   11.8    7.0    9.0  736.60    2608     3156
2014-08-28 19:40:00    462570000  ***  ***    0.0    0.0    0.0   12.0   12.0   69.1   11.4    6.5    8.7  736.70    2607     3145
2014-08-28 20:00:00    462571200  ***  ***    0.0    0.0    0.0   11.8   11.8   73.4   11.4    7.1    8.9  736.80    2606     3138
2014-08-28 20:20:00    462572400  ***  ***    0.0    0.0    0.0   12.2   12.2   70.2   11.7    6.9    9.0  737.00    2603     3147
2014-08-28 20:40:00    462573600  ***  ***    0.0    0.0    0.0   11.9   11.9   72.6   11.5    7.1    9.0  736.80    2605     3141
2014-08-28 21:00:00    462574800  ***  ***    0.4    0.4    0.4   12.1   12.1   69.8   11.6    6.8    8.9  737.20    2600     3143
2014-08-28 21:20:00    462576000  ***  ***    0.0    0.0    0.0   11.5   11.5   73.6   11.1    6.9    8.8  737.00    2603     3124
2014-08-28 21:40:00    462577200  ***  ***    0.5    0.5    0.5   12.1   12.1   69.9   11.6    6.8    8.9  737.10    2602     3143
2014-08-28 22:00:00    462578400  ***  ***    0.0    0.0    0.0   11.4   11.4   70.3   10.9    6.2    8.3  737.30    2600     3117
2014-08-28 22:20:00    462579600  ***  ***    0.0    0.0    0.0   11.7   11.7   69.7   11.2    6.3    8.5  736.90    2604     3130
2014-08-28 22:40:00    462580800  ***  ***    0.0    0.0    0.0   12.1   12.1   70.3   11.6    6.8    8.9  737.00    2603     3145
2014-08-28 23:00:00    462582000  ***  ***    0.0    0.0    0.0   11.6   11.6   71.6   11.2    6.6    8.6  736.90    2604     3129
2014-08-28 23:20:00    462583200  ***  ***    0.0    0.0    0.0   11.6   11.6   68.3   11.0    6.0    8.3  736.80    2605     3129
2014-08-28 23:40:00    462584400  ***  ***    0.0    0.0    0.0   11.6   11.6   72.5   11.2    6.8    8.7  737.00    2603     3128
2014-08-29 00:00:00    462585600  ***  ***    0.0    0.0    0.0   12.1   12.1   69.2   11.5    6.6    8.8  736.70    2606     3147
2014-08-29 00:20:00    462586800  ***  ***    0.0    0.0    0.0   11.6   11.6   66.9   11.0    5.6    8.0  736.70    2606     3127
2014-08-29 00:40:00    462588000  ***  ***    0.0    0.0    0.0   11.5   11.5   67.1   10.9    5.6    8.0  736.30    2611     3129
2014-08-29 01:00:00    462589200  ***  ***    0.0    0.0    0.0   11.1   11.1   64.2   10.4    4.6    7.3  736.30    2611     3115
2014-08-29 01:20:00    462590400  ***  ***    0.0    0.0    0.0   11.0   11.0   67.1   10.4    5.2    7.6  736.30    2610     3113
2014-08-29 01:40:00    462591600  ***  ***    0.0    0.0    0.0   10.3   10.3   68.3    9.8    4.7    7.0  735.80    2617     3095
2014-08-29 02:00:00    462592800  ***  ***    0.0    0.0    0.0   10.3   10.3   69.5    9.9    4.9    7.2  735.90    2615     3091
2014-08-29 02:20:00    462594000  ***  ***    0.0    0.0    0.0   10.2   10.2   69.4    9.8    4.8    7.1  735.90    2615     3087
2014-08-29 02:40:00    462595200  ***  ***    0.0    0.0    0.0    9.7    9.7   71.4    9.3    4.8    6.8  735.70    2617     3074
2014-08-29 03:00:00    462596400  ***  ***    0.0    0.0    0.0    9.7    9.7   71.6    9.3    4.8    6.8  736.00    2614     3071
2014-08-29 03:20:00    462597600  ***  ***    0.0    0.0    0.0    9.5    9.5   73.5    9.2    5.0    6.9  735.70    2618     3070
2014-08-29 03:40:00    462598800  ***  ***    0.0    0.0    0.0    9.7    9.7   70.2    9.3    4.6    6.8  735.60    2618     3075
2014-08-29 04:00:00    462600000  ***  ***    0.0    0.0    0.0    9.7    9.7   71.0    9.3    4.7    6.8  735.60    2618     3074
2014-08-29 04:20:00    462601200  ***  ***    0.0    0.0    0.0    9.7    9.7   70.0    9.3    4.5    6.7  735.60    2619     3074
2014-08-29 04:40:00    462602400  ***  ***    0.0    0.0    0.0    9.8    9.8   70.2    9.4    4.7    6.8  735.60    2619     3079
2014-08-29 05:00:00    462603600  ***  ***    0.0    0.0    0.0    9.5    9.5   68.9    9.0    4.1    6.4  735.60    2618     3066
2014-08-29 05:20:00    462604800  ***  ***    0.0    0.0    0.0    9.6    9.6   69.4    9.2    4.3    6.5  735.70    2617     3069
2014-08-29 05:40:00    462606000  ***  ***    0.0    0.0    0.0    9.8    9.8   66.4    9.3    3.8    6.4  735.90    2615     3072
2014-08-29 06:00:00    462607200  ***  ***    0.0    0.0    0.0    9.8    9.8   65.9    9.3    3.8    6.4  735.90    2615     3073
2014-08-29 06:20:00    462608400  ***  ***    0.0    0.0    0.0   10.2   10.2   63.9    9.6    3.7    6.5  735.70    2617     3087
2014-08-29 06:40:00    462609600  ***  ***    0.0    0.0    0.0   10.3   10.3   63.7    9.6    3.8    6.6  735.70    2617     3093
2014-08-29 07:00:00    462610800  ***  ***    0.0    0.0    0.0   10.8   10.8   64.6   10.2    4.4    7.1  736.00    2614     3108
2014-08-29 07:20:00    462612000  ***  ***    0.0    0.0    0.0   11.0   11.0   65.4   10.3    4.7    7.3  736.00    2614     3113
2014-08-29 07:40:00    462613200  ***  ***    0.0    0.0    0.0   11.7   11.7   66.1   11.1    5.6    8.1  736.10    2613     3141
2014-08-29 08:00:00    462614400  ***  ***    0.0    0.0    0.0   13.1   13.1   60.7   12.2    5.6    8.6  736.00    2614     3187
2014-08-29 08:20:00    462615600  ***  ***    0.7    0.7    0.7   16.8   16.8   49.6   15.1    6.2   10.3  736.30    2611     3310
2014-08-29 08:40:00    462616800  ***  ***    1.0    1.0    1.0   15.9   15.9   54.6   14.5    6.8   10.3  736.30    2611     3284
2014-08-29 09:00:00    462618000  ***  ***    0.9    0.9    0.9   15.8   15.8   55.7   14.5    6.9   10.3  736.30    2611     3279
2014-08-29 09:20:00    462619200  ***  ***    0.6    0.6    0.6   17.8   17.8   45.8   15.8    6.0   10.6  736.30    2611     3343
2014-08-29 09:40:00    462620400  ***  ***    1.1    1.1    1.1   18.1   18.1   44.9   16.0    6.0   10.7  736.30    2610     3353
2014-08-29 10:00:00    462621600  ***  ***    1.0    1.0    1.0   17.2   17.2   47.1   15.4    5.9   10.3  736.40    2609     3322
2014-08-29 10:20:00    462622800  ***  ***    0.7    0.7    0.7   17.6   17.6   45.2   15.6    5.6   10.3  736.40    2609     3332
2014-08-29 10:40:00    462624000  ***  ***    1.1    1.1    1.1   16.9   16.9   45.0   15.0    4.9    9.7  736.50    2609     3308
2014-08-29 11:00:00    462625200  ***  ***    0.0    0.0    0.0   16.7   16.7   50.1   15.0    6.2   10.3  736.30    2611     3306
2014-08-29 11:20:00    462626400  ***  ***    0.4    0.4    0.4   17.2   17.2   50.1   15.5    6.7   10.7  736.40    2610     3324
2014-08-29 11:40:00    462627600  ***  ***    1.1    1.1    1.1   16.8   16.8   51.5   15.2    6.7   10.5  736.40    2610     3309
2014-08-29 12:00:00    462628800  ***  ***    0.5    0.5    0.5   17.1   17.1   54.1   15.6    7.8   11.2  736.50    2608     3323
2014-08-29 12:20:00    462630000  ***  ***    0.0    0.0    0.0   17.2   17.2   52.6   15.6    7.4   11.1  736.20    2612     3329
2014-08-29 12:40:00    462631200  ***  ***    0.6    0.6    0.6   16.7   16.7   52.7   15.2    7.0   10.6  736.40    2610     3308
2014-08-29 13:00:00    462632400  ***  ***    0.6    0.6    0.6   16.9   16.9   49.7   15.2    6.3   10.4  736.00    2614     3317
2014-08-29 13:20:00    462633600  ***  ***    0.0    0.0    0.0   17.3   17.3   49.2   15.5    6.6   10.7  735.90    2615     3335
2014-08-29 13:40:00    462634800  ***  ***    0.0    0.0    0.0   17.3   17.3   60.3   16.1    9.6   12.3  736.10    2613     3343
2014-08-29 14:00:00    462636000  ***  ***    0.0    0.0    0.0   17.1   17.1   48.7   15.3    6.2   10.4  736.00    2614     3323
2014-08-29 14:20:00    462637200  ***  ***    0.0    0.0    0.0   17.0   17.0   52.8   15.5    7.3   10.9  735.90    2615     3326
2014-08-29 14:40:00    462638400  ***  ***    0.6    0.6    0.6   16.8   16.8   52.5   15.3    7.0   10.7  735.60    2618     3323
2014-08-29 15:00:00    462639600  ***  ***    0.4    0.4    0.4   17.7   17.7   49.0   15.9    6.8   10.9  735.60    2618     3350
2014-08-29 15:20:00    462640800  ***  ***    1.3    1.3    1.3   17.4   17.4   48.8   15.6    6.5   10.7  735.00    2625     3348
2014-08-29 15:40:00    462642000  ***  ***    0.8    0.8    0.8   17.4   17.4   49.1   15.6    6.6   10.7  735.30    2622     3344
2014-08-29 16:00:00    462643200  ***  ***    0.7    0.7    0.7   18.0   18.0   46.8   16.0    6.5   10.9  735.20    2623     3366
2014-08-29 16:20:00    462644400  ***  ***    0.0    0.0    0.0   17.6   17.6   49.5   15.8    7.0   11.0  735.10    2623     3356
2014-08-29 16:40:00    462645600  ***  ***    0.8    0.8    0.8   17.3   17.3   51.5   15.6    7.2   11.0  735.30    2621     3343
2014-08-29 17:00:00    462646800  ***  ***    2.7    2.7    2.7   17.5   17.2   47.9   15.6    6.4   10.6  735.20    2622     3348
2014-08-29 17:20:00    462648000  ***  ***    0.0    0.0    0.0   17.3   17.3   51.3   15.6    7.1   11.0  735.40    2620     3341
2014-08-29 17:40:00    462649200  ***  ***    0.0    0.0    0.0   17.0   17.0   49.9   15.3    6.5   10.5  735.30    2622     3331
2014-08-29 18:00:00    462650400  ***  ***    0.0    0.0    0.0   16.3   16.3   55.2   14.9    7.3   10.6  735.40    2621     3308
2014-08-29 18:20:00    462651600  ***  ***    0.8    0.8    0.8   15.1   15.1   61.0   14.1    7.6   10.4  735.50    2620     3269
2014-08-29 18:40:00    462652800  ***  ***    0.0    0.0    0.0   14.2   14.2   60.2   13.2    6.6    9.6  735.60    2619     3232
2014-08-29 19:00:00    462654000  ***  ***    0.0    0.0    0.0   13.6   13.6   62.5   12.7    6.6    9.4  735.80    2616     3211
2014-08-29 19:20:00    462655200  ***  ***    0.0    0.0    0.0   13.0   13.0   64.4   12.2    6.4    9.0  735.90    2615     3189
2014-08-29 19:40:00    462656400  ***  ***    0.0    0.0    0.0   13.0   13.0   59.6   12.0    5.3    8.4  735.80    2616     3187
2014-08-29 20:00:00    462657600  ***  ***    0.0    0.0    0.0   12.7   12.7   61.2   11.8    5.5    8.4  736.20    2612     3172
2014-08-29 20:20:00    462658800  ***  ***    0.0    0.0    0.0   12.6   12.6   62.2   11.8    5.6    8.4  736.40    2609     3165
2014-08-29 20:40:00    462660000  ***  ***    0.0    0.0    0.0   12.4   12.4   59.1   11.5    4.6    7.8  736.60    2607     3152
2014-08-29 21:00:00    462661200  ***  ***    0.0    0.0    0.0   12.3   12.3   60.8   11.4    5.0    8.0  736.70    2606     3150
2014-08-29 21:20:00    462662400  ***  ***    0.0    0.0    0.0   12.3   12.3   62.9   11.5    5.4    8.2  736.70    2607     3150
2014-08-29 21:40:00    462663600  ***  ***    0.0    0.0    0.0   12.3   12.3   58.1   11.3    4.3    7.7  736.60    2608     3150
2014-08-29 22:00:00    462664800  ***  ***    0.0    0.0    0.0   12.2   12.2   61.5   11.4    5.0    7.9  736.50    2609     3148
2014-08-29 22:20:00    462666000  ***  ***    0.0    0.0    0.0   12.0   12.0   63.4   11.2    5.3    8.0  736.60    2607     3142
2014-08-29 22:40:00    462667200  ***  ***    0.0    0.0    0.0   11.7   11.7   58.8   10.8    3.9    7.2  736.50    2608     3129
2014-08-29 23:00:00    462668400  ***  ***    0.0    0.0    0.0   11.7   11.7   59.4   10.8    4.0    7.2  736.40    2610     3130
2014-08-29 23:20:00    462669600  ***  ***    0.0    0.0    0.0   11.7   11.7   57.5   10.8    3.6    7.1  736.60    2607     3126
2014-08-29 23:40:00    462670800  ***  ***    0.0    0.0    0.0   11.7   11.7   60.5   10.9    4.3    7.4  736.60    2607     3129
2014-08-30 00:00:00    462672000  ***  ***    0.0    0.0    0.0   11.7   11.7   56.8   10.8    3.4    6.9  736.70    2606     3124
2014-08-30 00:20:00    462673200  ***  ***    0.0    0.0    0.0   11.5   11.5   60.2   10.7    4.1    7.2  737.00    2603     3117
2014-08-30 00:40:00    462674400  ***  ***    0.0    0.0    0.0   11.3   11.3   64.1   10.6    4.8    7.5  736.90    2604     3112
2014-08-30 01:00:00    462675600  ***  ***    0.0    0.0    0.0   11.1   11.1   66.1   10.5    5.0    7.5  736.80    2605     3108
2014-08-30 01:20:00    462676800  ***  ***    0.0    0.0    0.0   11.2   11.2   66.1   10.6    5.1    7.7  736.70    2607     3113
2014-08-30 01:40:00    462678000  ***  ***    0.0    0.0    0.0   11.2   11.2   66.0   10.6    5.1    7.7  736.70    2606     3115
2014-08-30 02:00:00    462679200  ***  ***    0.0    0.0    0.0   12.0   12.0   61.2   11.2    4.8    7.8  736.50    2608     3142
2014-08-30 02:20:00    462680400  ***  ***    0.0    0.0    0.0   11.4   11.4   62.4   10.7    4.5    7.4  736.60    2607     3119
2014-08-30 02:40:00    462681600  ***  ***    0.0    0.0    0.0   11.0   11.0   61.4   10.2    3.8    6.9  736.60    2607     3104
2014-08-30 03:00:00    462682800  ***  ***    0.0    0.0    0.0   11.0   11.0   59.5   10.2    3.4    6.7  736.50    2608     3104
2014-08-30 03:20:00    462684000  ***  ***    0.0    0.0    0.0   11.2   11.2   56.3   10.3    2.8    6.5  736.50    2609     3108
2014-08-30 03:40:00    462685200  ***  ***    0.0    0.0    0.0   11.1   11.1   60.2   10.3    3.7    6.9  736.40    2609     3110
2014-08-30 04:00:00    462686400  ***  ***    0.0    0.0    0.0   11.1   11.1   55.9   10.1    2.7    6.4  736.70    2607     3104
2014-08-30 04:20:00    462687600  ***  ***    0.0    0.0    0.0   11.2   11.2   58.4   10.4    3.3    6.7  736.70    2607     3107
2014-08-30 04:40:00    462688800  ***  ***    0.0    0.0    0.0   10.9   10.9   59.1   10.1    3.3    6.6  736.70    2607     3098
2014-08-30 05:00:00    462690000  ***  ***    0.0    0.0    0.0   10.7   10.7   63.2   10.0    4.0    6.8  736.80    2605     3090
2014-08-30 05:20:00    462691200  ***  ***    0.0    0.0    0.0   10.6   10.6   65.3   10.0    4.4    7.0  737.10    2602     3085
2014-08-30 05:40:00    462692400  ***  ***    0.0    0.0    0.0   10.9   10.9   62.3   10.2    4.0    6.9  737.10    2602     3094
2014-08-30 06:00:00    462693600  ***  ***    0.0    0.0    0.0   12.2   12.2   56.5   11.2    3.8    7.4  737.10    2602     3138
2014-08-30 06:20:00    462694800  ***  ***    0.0    0.0    0.0   11.3   11.3   59.8   10.4    3.7    7.0  737.10    2602     3106
2014-08-30 06:40:00    462696000  ***  ***    0.0    0.0    0.0   11.4   11.4   60.5   10.6    4.0    7.1  737.00    2603     3113
2014-08-30 07:00:00    462697200  ***  ***    0.0    0.0    0.0   12.6   12.6   59.0   11.7    4.8    8.0  737.20    2601     3152
2014-08-30 07:20:00    462698400  ***  ***    0.0    0.0    0.0   12.7   12.7   59.4   11.7    5.0    8.1  737.50    2598     3152
2014-08-30 07:40:00    462699600  ***  ***    0.4    0.4    0.4   13.9   13.9   58.2   12.9    5.8    9.0  737.30    2600     3199
2014-08-30 08:00:00    462700800  ***  ***    0.6    0.6    0.6   15.3   15.3   50.3   13.7    5.0    9.1  737.40    2598     3242
2014-08-30 08:20:00    462702000  ***  ***    0.0    0.0    0.0   20.8   20.8   39.0   19.6    6.3   11.8  737.30    2600     3429
2014-08-30 08:40:00    462703200  ***  ***    0.0    0.0    0.0   22.3   22.3   35.3   21.1    6.3   12.3  737.30    2600     3478
2014-08-30 09:00:00    462704400  ***  ***    0.4    0.4    0.4   21.2   21.2   46.2   20.5    9.2   13.3  737.30    2599     3451
2014-08-30 09:20:00    462705600  ***  ***    0.5    0.5    0.5   22.0   22.0   39.4   21.1    7.6   12.7  737.30    2600     3473
2014-08-30 09:40:00    462706800  ***  ***    0.0    0.0    0.0   20.8   20.8   45.1   19.9    8.5   12.8  737.50    2597     3434
2014-08-30 10:00:00    462708000  ***  ***    0.0    0.0    0.0   19.4   19.4   41.1   17.7    5.8   11.0  737.50    2597     3377
2014-08-30 10:20:00    462709200  ***  ***    1.0    1.0    1.0   17.3   17.3   44.1   15.3    5.0    9.9  737.30    2600     3309
2014-08-30 10:40:00    462710400  ***  ***    0.4    0.4    0.4   18.2   18.2   40.3   15.9    4.5   10.0  737.50    2598     3336
2014-08-30 11:00:00    462711600  ***  ***    0.0    0.0    0.0   19.4   19.4   44.0   17.8    6.9   11.6  737.50    2597     3382
2014-08-30 11:20:00    462712800  ***  ***    0.5    0.5    0.5   18.5   18.5   45.5   16.5    6.5   11.1  737.30    2599     3355
2014-08-30 11:40:00    462714000  ***  ***    0.8    0.8    0.8   17.9   17.9   50.3   16.1    7.4   11.3  737.40    2599     3337
2014-08-30 12:00:00    462715200  ***  ***    0.9    0.9    0.9   20.5   20.5   40.4   19.2    6.6   11.8  737.20    2601     3421
2014-08-30 12:20:00    462716400  ***  ***    0.4    0.4    0.4   19.7   19.7   43.2   18.2    6.9   11.7  737.00    2603     3400
2014-08-30 12:40:00    462717600  ***  ***    1.1    1.1    1.1   20.0   20.0   40.2   18.4    6.1   11.4  737.00    2603     3405
2014-08-30 13:00:00    462718800  ***  ***    1.3    1.3    1.3   20.3   20.3   41.3   19.0    6.7   11.8  737.00    2603     3418
2014-08-30 13:20:00    462720000  ***  ***    1.4    1.4    1.4   20.0   20.0   39.4   18.4    5.8   11.2  736.90    2604     3405
2014-08-30 13:40:00    462721200  ***  ***    1.8    1.8    1.8   21.1   21.1   41.2   20.2    7.4   12.4  736.60    2607     3451
2014-08-30 14:00:00    462722400  ***  ***    0.5    0.5    0.5   21.5   21.5   39.5   20.7    7.1   12.4  736.30    2610     3468
2014-08-30 14:20:00    462723600  ***  ***    1.6    1.6    1.6   19.9   19.9   37.8   18.2    5.1   10.9  736.60    2607     3405
2014-08-30 14:40:00    462724800  ***  ***    0.0    0.0    0.0   20.0   20.0   36.7   18.3    4.7   10.7  736.00    2614     3415
2014-08-30 15:00:00    462726000  ***  ***    1.1    1.1    1.1   20.2   20.2   38.3   18.6    5.6   11.2  736.00    2614     3424
2014-08-30 15:20:00    462727200  ***  ***    1.1    1.1    1.1   20.3   20.3   40.0   18.9    6.3   11.6  736.00    2614     3430
2014-08-30 15:40:00    462728400  ***  ***    1.3    1.3    1.3   20.0   20.0   35.9   18.2    4.5   10.6  735.90    2615     3416
2014-08-30 16:00:00    462729600  ***  ***    1.7    1.7    1.7   19.8   19.8   35.5   18.0    4.1   10.4  736.00    2614     3405
2014-08-30 16:20:00    462730800  ***  ***    0.0    0.0    0.0   18.9   18.9   42.4   16.9    5.9   10.9  736.00    2614     3382
2014-08-30 16:40:00    462732000  ***  ***    0.5    0.5    0.5   19.5   19.5   41.3   17.8    6.0   11.2  735.90    2615     3403
2014-08-30 17:00:00    462733200  ***  ***    0.6    0.6    0.6   19.4   19.4   40.5   17.6    5.6   10.9  735.90    2615     3398
2014-08-30 17:20:00    462734400  ***  ***    0.7    0.7    0.7   18.6   18.6   42.3   16.5    5.5   10.6  735.90    2615     3371
2014-08-30 17:40:00    462735600  ***  ***    1.3    1.3    1.3   18.6   18.6   44.8   16.6    6.3   11.0  735.80    2616     3376
2014-08-30 18:00:00    462736800  ***  ***    0.6    0.6    0.6   17.8   17.8   49.2   16.0    7.0   11.1  735.70    2617     3354
2014-08-30 18:20:00    462738000  ***  ***    0.0    0.0    0.0   16.9   16.9   50.0   15.2    6.4   10.4  735.80    2616     3321
2014-08-30 18:40:00    462739200  ***  ***    1.1    1.1    1.1   17.3   17.3   50.7   15.6    7.0   10.9  736.10    2613     3332
2014-08-30 19:00:00    462740400  ***  ***    1.6    1.6    1.6   17.2   17.2   49.7   15.5    6.7   10.7  736.10    2613     3329
2014-08-30 19:20:00    462741600  ***  ***    0.8    0.8    0.8   17.0   17.0   50.9   15.4    6.7   10.6  736.20    2611     3319
2014-08-30 19:40:00    462742800  ***  ***    0.6    0.6    0.6   16.5   16.5   51.0   14.9    6.3   10.3  736.40    2610     3298
2014-08-30 20:00:00    462744000  ***  ***    0.4    0.4    0.4   15.5   15.5   52.3   14.0    5.8    9.6  736.70    2607     3260
2014-08-30 20:20:00    462745200  ***  ***    0.0    0.0    0.0   15.7   15.7   50.4   14.1    5.4    9.5  736.90    2604     3263
2014-08-30 20:40:00    462746400  ***  ***    0.0    0.0    0.0   15.2   15.2   49.7   13.7    4.7    8.9  736.80    2605     3245
2014-08-30 21:00:00    462747600  ***  ***    0.0    0.0    0.0   14.3   14.3   51.1   12.9    4.3    8.5  736.80    2605     3213
2014-08-30 21:20:00    462748800  ***  ***    0.0    0.0    0.0   13.8   13.8   52.5   12.5    4.3    8.2  736.70    2606     3199
2014-08-30 21:40:00    462750000  ***  ***    0.0    0.0    0.0   13.9   13.9   52.2   12.6    4.3    8.3  736.80    2606     3202
2014-08-30 22:00:00    462751200  ***  ***    0.0    0.0    0.0   14.7   14.7   51.9   13.3    4.9    8.9  736.80    2606     3230
2014-08-30 22:20:00    462752400  ***  ***    0.0    0.0    0.0   14.8   14.8   57.3   13.6    6.4    9.7  736.90    2604     3235
2014-08-30 22:40:00    462753600  ***  ***    1.4    1.4    1.4   16.0   16.0   55.5   14.6    7.0   10.4  736.50    2609     3282
2014-08-30 23:00:00    462754800  ***  ***    1.0    1.0    1.0   16.2   16.2   57.6   14.9    7.8   11.0  736.80    2605     3288
2014-08-30 23:20:00    462756000  ***  ***    1.5    1.5    1.5   16.2   16.2   53.0   14.7    6.6   10.3  736.60    2608     3288
2014-08-30 23:40:00    462757200  ***  ***    1.2    1.2    1.2   15.8   15.8   52.1   14.3    6.0    9.9  736.80    2606     3270
2014-08-31 00:00:00    462758400  ***  ***    0.0    0.0    0.0   14.6   14.6   52.7   13.3    5.1    9.0  736.50    2608     3231
2014-08-31 00:20:00    462759600  ***  ***    0.7    0.7    0.7   13.8   13.8   55.2   12.6    5.0    8.6  736.60    2608     3203
2014-08-31 00:40:00    462760800  ***  ***    0.0    0.0    0.0   13.8   13.8   56.4   12.7    5.3    8.7  736.70    2607     3202
2014-08-31 01:00:00    462762000  ***  ***    0.0    0.0    0.0   13.4   13.4   54.8   12.3    4.5    8.2  736.50    2608     3189
2014-08-31 01:20:00    462763200  ***  ***    2.3    2.3    2.3   15.0   14.4   48.9   13.5    4.4    8.7  736.60    2607     3242
2014-08-31 01:40:00    462764400  ***  ***    0.0    0.0    0.0   13.0   13.0   54.8   11.9    4.2    7.9  736.80    2605     3171
2014-08-31 02:00:00    462765600  ***  ***    0.0    0.0    0.0   13.5   13.5   55.5   12.3    4.8    8.4  736.80    2605     3190
2014-08-31 02:20:00    462766800  ***  ***    0.0    0.0    0.0   13.7   13.7   55.3   12.5    4.9    8.5  736.70    2607     3196
2014-08-31 02:40:00    462768000  ***  ***    0.0    0.0    0.0   12.4   12.4   58.4   11.5    4.5    7.8  736.60    2607     3154
2014-08-31 03:00:00    462769200  ***  ***    1.5    1.5    1.5   13.2   12.8   55.2   12.1    4.4    8.1  736.80    2605     3177
2014-08-31 03:20:00    462770400  ***  ***    0.4    0.4    0.4   14.3   14.3   51.3   12.9    4.4    8.5  736.50    2608     3217
2014-08-31 03:40:00    462771600  ***  ***    0.0    0.0    0.0   12.0   12.0   62.9   11.2    5.1    8.0  736.80    2606     3139
2014-08-31 04:00:00    462772800  ***  ***    0.0    0.0    0.0   11.3   11.3   64.4   10.6    4.9    7.6  736.70    2607     3117
2014-08-31 04:20:00    462774000  ***  ***    0.0    0.0    0.0   11.8   11.8   62.0   11.0    4.8    7.7  736.70    2607     3132
2014-08-31 04:40:00    462775200  ***  ***    0.0    0.0    0.0   11.4   11.4   62.3   10.7    4.5    7.4  736.80    2605     3117
2014-08-31 05:00:00    462776400  ***  ***    0.0    0.0    0.0   11.2   11.2   62.7   10.5    4.4    7.3  736.80    2605     3110
2014-08-31 05:20:00    462777600  ***  ***    0.0    0.0    0.0   11.5   11.5   60.5   10.7    4.1    7.2  736.80    2605     3119
2014-08-31 05:40:00    462778800  ***  ***    0.0    0.0    0.0   11.5   11.5   61.4   10.7    4.3    7.3  736.90    2604     3117
2014-08-31 06:00:00    462780000  ***  ***    0.0    0.0    0.0   11.4   11.4   66.7   10.8    5.4    7.9  737.10    2602     3117
2014-08-31 06:20:00    462781200  ***  ***    0.0    0.0    0.0   11.4   11.4   64.1   10.7    4.9    7.7  737.10    2602     3116
2014-08-31 06:40:00    462782400  ***  ***    0.0    0.0    0.0   11.7   11.7   64.7   11.0    5.3    7.9  737.20    2600     3125
2014-08-31 07:00:00    462783600  ***  ***    0.0    0.0    0.0   12.8   12.8   58.3   11.8    4.8    8.1  737.20    2600     3158
2014-08-31 07:20:00    462784800  ***  ***    0.8    0.8    0.8   14.2   14.2   54.9   13.0    5.2    8.8  736.90    2604     3211
2014-08-31 07:40:00    462786000  ***  ***    1.0    1.0    1.0   14.8   14.8   53.3   13.5    5.4    9.2  737.30    2599     3229
2014-08-31 08:00:00    462787200  ***  ***    1.2    1.2    1.2   15.6   15.6   50.8   14.1    5.4    9.5  737.30    2599     3254
2014-08-31 08:20:00    462788400  ***  ***    1.2    1.2    1.2   17.2   17.2   49.5   15.5    6.5   10.6  737.40    2599     3309
2014-08-31 08:40:00    462789600  ***  ***    2.1    2.1    2.1   17.6   17.6   48.9   15.8    6.7   10.8  737.40    2599     3324
2014-08-31 09:00:00    462790800  ***  ***    1.1    1.1    1.1   18.4   18.4   54.4   16.9    9.1   12.4  737.40    2599     3360
2014-08-31 09:20:00    462792000  ***  ***    0.7    0.7    0.7   19.2   19.2   47.1   17.6    7.7   11.9  737.50    2597     3379
2014-08-31 09:40:00    462793200  ***  ***    0.6    0.6    0.6   19.0   19.0   45.8   17.3    7.1   11.5  737.70    2596     3369
2014-08-31 10:00:00    462794400  ***  ***    1.9    1.9    1.9   18.0   18.0   45.5   16.0    6.0   10.7  737.70    2596     3330
2014-08-31 10:20:00    462795600  ***  ***    1.4    1.4    1.4   19.0   19.0   46.7   17.3    7.4   11.7  737.50    2597     3372
2014-08-31 10:40:00    462796800  ***  ***    1.4    1.4    1.4   19.4   19.4   48.3   18.0    8.3   12.3  737.60    2596     3387
2014-08-31 11:00:00    462798000  ***  ***    2.8    2.8    2.8   19.7   19.7   47.2   18.4    8.1   12.3  737.50    2597     3395
2014-08-31 11:20:00    462799200  ***  ***    0.8    0.8    0.8   20.1   20.1   46.1   18.9    8.2   12.5  737.50    2597     3410
2014-08-31 11:40:00    462800400  ***  ***    0.9    0.9    0.9   20.0   20.0   44.8   18.6    7.6   12.1  737.40    2598     3405
2014-08-31 12:00:00    462801600  ***  ***    1.4    1.4    1.3   19.3   19.3   45.4   17.7    7.2   11.7  737.40    2599     3381
2014-08-31 12:20:00    462802800  ***  ***    2.6    2.6    2.6   19.3   19.3   47.0   17.8    7.7   11.9  737.10    2602     3387
2014-08-31 12:40:00    462804000  ***  ***    3.6    3.6    3.6   18.2   17.8   45.8   16.2    6.3   10.9  736.70    2606     3352
2014-08-31 13:00:00    462805200  ***  ***    1.0    1.0    1.0   19.6   19.6   42.3   18.0    6.5   11.4  737.00    2603     3394
2014-08-31 13:20:00    462806400  ***  ***    2.2    2.2    2.2   20.0   20.0   39.7   18.4    5.9   11.3  736.80    2605     3408
2014-08-31 13:40:00    462807600  ***  ***    1.8    1.8    1.8   19.6   19.6   40.3   17.9    5.8   11.1  736.90    2604     3394
2014-08-31 14:00:00    462808800  ***  ***    1.8    1.8    1.8   20.2   20.2   39.7   18.7    6.1   11.4  736.50    2608     3419
2014-08-31 14:20:00    462810000  ***  ***    1.0    1.0    1.0   20.1   20.1   40.8   18.7    6.4   11.5  736.60    2607     3415
2014-08-31 14:40:00    462811200  ***  ***    4.1    4.1    4.1   19.6   19.4   41.2   18.0    6.1   11.2  736.10    2613     3404
2014-08-31 15:00:00    462812400  ***  ***    5.6    5.6    5.6   19.1   18.4   42.4   17.2    6.0   11.1  736.10    2613     3388
2014-08-31 15:20:00    462813600  ***  ***    1.1    1.1    1.1   20.0   20.0   40.7   18.4    6.3   11.5  736.00    2614     3420
2014-08-31 15:40:00    462814800  ***  ***    1.4    1.4    1.4   19.4   19.4   41.6   17.7    6.1   11.2  735.90    2615     3402
2014-08-31 16:00:00    462816000  ***  ***    1.4    1.4    1.4   19.0   19.0   45.1   17.3    6.9   11.4  736.30    2611     3387
2014-08-31 16:20:00    462817200  ***  ***    1.3    1.3    1.3   19.0   19.0   44.5   17.2    6.7   11.3  735.70    2617     3392
2014-08-31 16:40:00    462818400  ***  ***    3.1    3.1    3.1   19.5   19.5   43.5   17.9    6.8   11.5  735.70    2617     3410
2014-08-31 17:00:00    462819600  ***  ***    1.7    1.7    1.7   18.0   18.0   49.1   16.2    7.2   11.3  735.80    2616     3361
2014-08-31 17:20:00    462820800  ***  ***    1.2    1.2    1.2   18.8   18.8   43.1   16.9    6.0   11.0  735.50    2619     3387
2014-08-31 17:40:00    462822000  ***  ***    1.0    1.0    1.0   18.7   18.7   42.6   16.6    5.7   10.7  735.40    2620     3384
2014-08-31 18:00:00    462823200  ***  ***    1.9    1.9    1.9   18.1   18.1   46.0   16.1    6.3   10.8  735.50    2619     3364
2014-08-31 18:20:00    462824400  ***  ***    2.5    2.5    2.5   17.7   17.6   49.8   15.9    7.1   11.1  735.50    2620     3353
2014-08-31 18:40:00    462825600  ***  ***    1.4    1.4    1.4   17.4   17.4   51.0   15.7    7.1   11.0  735.80    2617     3340
2014-08-31 19:00:00    462826800  ***  ***    0.0    0.0    0.0   16.7   16.7   46.8   14.8    5.3    9.8  735.90    2615     3309
2014-08-31 19:20:00    462828000  ***  ***    1.0    1.0    1.0   16.6   16.6   44.2   14.6    4.4    9.4  735.80    2616     3305
2014-08-31 19:40:00    462829200  ***  ***    1.4    1.4    1.4   15.9   15.9   47.0   14.2    4.6    9.2  736.20    2612     3276
2014-08-31 20:00:00    462830400  ***  ***    2.2    2.2    2.2   16.6   16.3   42.4   14.6    3.7    9.0  736.20    2612     3297
2014-08-31 20:20:00    462831600  ***  ***    1.2    1.2    1.2   15.9   15.9   43.9   14.0    3.7    8.8  736.20    2611     3275
2014-08-31 20:40:00    462832800  ***  ***    1.8    1.8    1.8   15.9   15.7   44.0   14.0    3.6    8.7  736.30    2610     3272
2014-08-31 21:00:00    462834000  ***  ***    1.7    1.7    1.7   15.7   15.6   44.1   13.8    3.5    8.6  736.50    2609     3263
2014-08-31 21:20:00    462835200  ***  ***    1.5    1.5    1.5   15.7   15.7   43.7   13.8    3.4    8.5  736.50    2608     3262
2014-08-31 21:40:00    462836400  ***  ***    1.9    1.9    1.9   15.7   15.4   43.4   13.8    3.3    8.5  736.80    2605     3258
2014-08-31 22:00:00    462837600  ***  ***    1.4    1.4    1.4   15.4   15.4   44.6   13.6    3.4    8.5  736.70    2607     3249
2014-08-31 22:20:00    462838800  ***  ***    2.3    2.3    2.3   15.8   15.3   42.9   13.9    3.3    8.5  736.70    2606     3265
2014-08-31 22:40:00    462840000  ***  ***    1.7    1.7    1.7   15.2   15.0   44.8   13.4    3.3    8.3  736.80    2606     3245
2014-08-31 23:00:00    462841200  ***  ***    1.7    1.7    1.7   15.6   15.5   44.0   13.8    3.4    8.5  736.80    2606     3256
2014-08-31 23:20:00    462842400  ***  ***    1.2    1.2    1.2   15.1   15.1   46.1   13.4    3.6    8.4  736.80    2605     3240
2014-08-31 23:40:00    462843600  ***  ***    1.6    1.6    1.6   14.5   14.2   48.1   12.9    3.7    8.2  736.80    2606     3221
2014-09-01 00:00:00    462844800  ***  ***    0.8    0.8    0.8   14.6   14.6   48.2   13.0    3.8    8.3  736.50    2608     3225
2014-09-01 00:20:00    462846000  ***  ***    1.4    1.4    1.4   14.8   14.8   47.1   13.2    3.6    8.3  736.50    2608     3232
2014-09-01 00:40:00    462847200  ***  ***    1.5    1.5    1.5   14.6   14.5   47.5   13.0    3.6    8.2  736.50    2608     3228
2014-09-01 01:00:00    462848400  ***  ***    1.2    1.2    1.2   14.4   14.4   47.9   12.9    3.5    8.1  736.50    2608     3217
2014-09-01 01:20:00    462849600  ***  ***    0.7    0.7    0.7   14.1   14.1   49.7   12.7    3.7    8.1  736.40    2609     3210
2014-09-01 01:40:00    462850800  ***  ***    1.4    1.4    1.4   14.3   14.2   48.6   12.8    3.7    8.2  736.40    2610     3219
2014-09-01 02:00:00    462852000  ***  ***    0.8    0.8    0.8   14.2   14.2   48.9   12.8    3.7    8.1  736.30    2611     3216
2014-09-01 02:20:00    462853200  ***  ***    1.5    1.5    1.5   14.1   13.9   49.2   12.7    3.6    8.0  736.40    2610     3211
2014-09-01 02:40:00    462854400  ***  ***    1.9    1.9    1.9   13.8   13.2   50.9   12.5    3.8    8.0  736.10    2613     3206
2014-09-01 03:00:00    462855600  ***  ***    0.8    0.8    0.8   13.3   13.3   52.8   12.1    3.9    7.9  735.90    2615     3192
2014-09-01 03:20:00    462856800  ***  ***    1.5    1.5    1.5   13.6   13.3   51.6   12.3    3.8    7.9  735.80    2616     3202
2014-09-01 03:40:00    462858000  ***  ***    1.0    1.0    1.0   14.0   14.0   50.5   12.6    3.9    8.1  736.00    2614     3212
2014-09-01 04:00:00    462859200  ***  ***    1.4    1.4    1.4   13.8   13.6   51.5   12.5    4.0    8.1  735.70    2617     3210
2014-09-01 04:20:00    462860400  ***  ***    1.4    1.4    1.4   13.6   13.4   52.7   12.4    4.1    8.1  736.00    2614     3199
2014-09-01 04:40:00    462861600  ***  ***    1.8    1.8    1.8   13.3   12.6   53.9   12.1    4.2    8.0  736.00    2614     3191
2014-09-01 05:00:00    462862800  ***  ***    1.2    1.2    1.2   13.2   13.1   53.7   12.0    4.0    7.8  736.00    2614     3185
2014-09-01 05:20:00    462864000  ***  ***    2.1    2.1    2.1   13.1   12.2   55.4   12.0    4.3    7.9  735.90    2615     3184
2014-09-01 05:40:00    462865200  ***  ***    1.3    1.3    1.3   13.0   12.8   56.9   12.0    4.7    8.1  736.00    2614     3182
2014-09-01 06:00:00    462866400  ***  ***    1.1    1.1    1.1   13.3   13.3   56.5   12.2    4.9    8.4  736.30    2611     3190
2014-09-01 06:20:00    462867600  ***  ***    1.1    1.1    1.1   13.5   13.5   55.3   12.3    4.7    8.3  736.30    2611     3195
2014-09-01 06:40:00    462868800  ***  ***    1.5    1.5    1.5   13.5   13.2   57.7   12.4    5.3    8.6  736.50    2608     3193
2014-09-01 07:00:00    462870000  ***  ***    1.3    1.3    1.3   13.4   13.2   58.0   12.3    5.4    8.6  736.70    2606     3189
2014-09-01 07:20:00    462871200  ***  ***    2.2    2.2    2.2   13.8   13.0   54.3   12.5    4.7    8.4  736.80    2605     3198
2014-09-01 07:40:00    462872400  ***  ***    1.1    1.1    1.1   13.9   13.9   54.3   12.6    4.8    8.5  736.90    2604     3200
2014-09-01 08:00:00    462873600  ***  ***    1.3    1.3    1.3   14.8   14.8   46.2   13.1    3.4    8.2  736.90    2604     3229
2014-09-01 08:20:00    462874800  ***  ***    0.9    0.9    0.9   16.7   16.7   44.1   14.7    4.4    9.4  736.80    2605     3294
2014-09-01 08:40:00    462876000  ***  ***    1.1    1.1    1.1   16.3   16.3   47.8   14.6    5.2    9.6  736.80    2605     3284
2014-09-01 09:00:00    462877200  ***  ***    0.8    0.8    0.8   17.5   17.5   44.7   15.4    5.3   10.1  737.10    2602     3321
2014-09-01 09:20:00    462878400  ***  ***    3.7    3.7    3.7   17.4   16.7   41.4   15.3    4.2    9.6  736.80    2605     3319
2014-09-01 09:40:00    462879600  ***  ***    1.5    1.5    1.5   17.2   17.2   43.6   15.2    4.7    9.7  737.10    2602     3309
2014-09-01 10:00:00    462880800  ***  ***    1.8    1.8    1.8   17.9   17.9   43.1   15.8    5.2   10.2  737.30    2599     3331
2014-09-01 10:20:00    462882000  ***  ***    1.1    1.1    1.1   18.0   18.0   41.5   15.8    4.7   10.0  737.10    2602     3334
2014-09-01 10:40:00    462883200  ***  ***    1.3    1.3    1.3   18.3   18.3   41.9   16.1    5.2   10.3  737.30    2600     3346
2014-09-01 11:00:00    462884400  ***  ***    1.3    1.3    1.3   19.1   19.1   40.5   17.1    5.4   10.7  737.20    2601     3374
2014-09-01 11:20:00    462885600  ***  ***    0.5    0.5    0.5   19.4   19.4   39.2   17.6    5.2   10.7  737.30    2600     3381
2014-09-01 11:40:00    462886800  ***  ***    2.0    2.0    2.0   19.7   19.7   40.0   18.0    5.8   11.1  737.10    2602     3394
2014-09-01 12:00:00    462888000  ***  ***    2.3    2.3    2.3   19.3   19.3   37.0   17.3    4.2   10.3  737.10    2602     3376
2014-09-01 12:20:00    462889200  ***  ***    1.8    1.8    1.8   18.1   18.1   36.2   15.6    2.9    9.2  737.10    2602     3333
2014-09-01 12:40:00    462890400  ***  ***    1.2    1.2    1.2   19.1   19.1   38.1   17.0    4.5   10.3  737.00    2603     3370
2014-09-01 13:00:00    462891600  ***  ***    1.6    1.6    1.6   19.5   19.5   35.5   17.5    3.9   10.2  736.90    2604     3386
2014-09-01 13:20:00    462892800  ***  ***    0.4    0.4    0.4   19.8   19.8   34.1   17.9    3.6   10.2  736.70    2607     3395
2014-09-01 13:40:00    462894000  ***  ***    1.1    1.1    1.1   19.5   19.5   35.4   17.5    3.8   10.2  736.40    2610     3390
2014-09-01 14:00:00    462895200  ***  ***    2.2    2.2    2.2   19.6   19.6   33.3   17.6    3.0    9.9  736.30    2611     3393
2014-09-01 14:20:00    462896400  ***  ***    4.1    4.1    4.1   20.1   20.0   35.6   18.4    4.5   10.6  736.10    2613     3417
2014-09-01 14:40:00    462897600  ***  ***    2.0    2.0    2.0   19.7   19.7   34.2   17.7    3.5   10.2  736.10    2613     3399
2014-09-01 15:00:00    462898800  ***  ***    0.5    0.5    0.5   19.7   19.7   36.0   17.8    4.2   10.4  736.10    2613     3402
2014-09-01 15:20:00    462900000  ***  ***    0.0    0.0    0.0   19.4   19.4   35.9   17.4    3.9   10.2  736.00    2614     3394
2014-09-01 15:40:00    462901200  ***  ***    0.8    0.8    0.8   19.0   19.0   36.1   16.8    3.7    9.9  735.90    2615     3381
2014-09-01 16:00:00    462902400  ***  ***    0.3    0.3    0.3   18.9   18.9   36.6   16.7    3.8    9.9  735.80    2617     3381
2014-09-01 16:20:00    462903600  ***  ***    1.4    1.4    1.4   18.9   18.9   38.1   16.7    4.4   10.2  736.00    2614     3378
2014-09-01 16:40:00    462904800  ***  ***    1.2    1.2    1.2   18.9   18.9   37.3   16.7    4.0   10.0  735.90    2615     3377
2014-09-01 17:00:00    462906000  ***  ***    0.3    0.3    0.3   18.5   18.5   36.4   16.0    3.3    9.5  735.90    2615     3362
2014-09-01 17:20:00    462907200  ***  ***    1.3    1.3    1.3   18.6   18.6   34.4   16.2    2.6    9.3  735.80    2616     3363
2014-09-01 17:40:00    462908400  ***  ***    1.8    1.8    1.8   17.9   17.9   36.8   15.5    3.0    9.2  735.90    2615     3343
2014-09-01 18:00:00    462909600  ***  ***    1.6    1.6    1.6   17.8   17.8   35.6   15.3    2.4    9.0  736.00    2614     3337
2014-09-01 18:20:00    462910800  ***  ***    1.1    1.1    1.1   17.2   17.2   37.5   14.9    2.6    8.8  735.80    2616     3319
2014-09-01 18:40:00    462912000  ***  ***    0.0    0.0    0.0   15.3   15.3   42.9   13.5    2.8    8.1  736.10    2613     3252
2014-09-01 19:00:00    462913200  ***  ***    0.0    0.0    0.0   14.0   14.0   45.0   12.4    2.3    7.4  736.40    2610     3206
2014-09-01 19:20:00    462914400  ***  ***    0.0    0.0    0.0   13.9   13.9   46.2   12.3    2.5    7.4  736.30    2610     3202
2014-09-01 19:40:00    462915600  ***  ***    0.0    0.0    0.0   13.7   13.7   46.4   12.2    2.4    7.4  736.60    2607     3191
2014-09-01 20:00:00    462916800  ***  ***    0.0    0.0    0.0   13.4   13.4   50.5   12.0    3.4    7.7  736.80    2606     3183
2014-09-01 20:20:00    462918000  ***  ***    0.0    0.0    0.0   13.1   13.1   47.2   11.7    2.1    6.9  736.80    2605     3169
2014-09-01 20:40:00    462919200  ***  ***    0.0    0.0    0.0   12.9   12.9   52.8   11.7    3.5    7.5  736.80    2605     3165
2014-09-01 21:00:00    462920400  ***  ***    0.0    0.0    0.0   13.1   13.1   46.6   11.6    2.0    7.0  736.90    2604     3167
2014-09-01 21:20:00    462921600  ***  ***    0.0    0.0    0.0   13.4   13.4   44.9   11.8    1.7    6.9  737.10    2602     3173
2014-09-01 21:40:00    462922800  ***  ***    0.0    0.0    0.0   13.9   13.9   43.3   12.3    1.6    7.1  737.30    2600     3188
2014-09-01 22:00:00    462924000  ***  ***    0.0    0.0    0.0   13.2   13.2   46.9   11.8    2.1    7.0  737.30    2600     3166
2014-09-01 22:20:00    462925200  ***  ***    0.0    0.0    0.0   12.6   12.6   48.5   11.2    2.0    6.7  737.10    2602     3147
2014-09-01 22:40:00    462926400  ***  ***    0.0    0.0    0.0   12.0   12.0   53.6   10.9    2.9    6.8  737.00    2603     3131
2014-09-01 23:00:00    462927600  ***  ***    0.0    0.0    0.0   12.0   12.0   53.3   10.9    2.8    6.8  737.20    2600     3125
2014-09-01 23:20:00    462928800  ***  ***    0.0    0.0    0.0   12.1   12.1   51.3   10.9    2.4    6.7  736.90    2604     3134
2014-09-01 23:40:00    462930000  ***  ***    0.0    0.0    0.0   11.9   11.9   53.5   10.8    2.8    6.8  737.00    2603     3126
2014-09-02 00:00:00    462931200  ***  ***    0.0    0.0    0.0   12.1   12.1   54.3   11.0    3.1    7.0  736.80    2605     3135
2014-09-02 00:20:00    462932400  ***  ***    0.0    0.0    0.0   12.2   12.2   51.4   11.0    2.5    6.7  736.70    2606     3138
2014-09-02 00:40:00    462933600  ***  ***    0.0    0.0    0.0   12.6   12.6   48.3   11.2    2.0    6.7  736.60    2607     3153
2014-09-02 01:00:00    462934800  ***  ***    0.0    0.0    0.0   12.5   12.5   48.8   11.2    2.0    6.7  736.60    2608     3148
2014-09-02 01:20:00    462936000  ***  ***    0.0    0.0    0.0   12.2   12.2   50.9   11.0    2.4    6.7  736.70    2606     3140
2014-09-02 01:40:00    462937200  ***  ***    0.0    0.0    0.0   13.8   13.8   47.6   12.3    2.9    7.6  736.60    2607     3196
2014-09-02 02:00:00    462938400  ***  ***    0.0    0.0    0.0   13.1   13.1   49.0   11.8    2.6    7.2  736.60    2607     3172
2014-09-02 02:20:00    462939600  ***  ***    0.0    0.0    0.0   13.4   13.4   49.0   12.0    2.9    7.4  736.30    2610     3185
2014-09-02 02:40:00    462940800  ***  ***    0.3    0.3    0.3   12.8   12.8   52.0   11.6    3.2    7.4  736.60    2607     3164
2014-09-02 03:00:00    462942000  ***  ***    0.0    0.0    0.0   13.2   13.2   50.0   11.9    3.0    7.4  736.20    2611     3183
2014-09-02 03:20:00    462943200  ***  ***    0.0    0.0    0.0   12.6   12.6   52.0   11.4    3.0    7.1  736.00    2614     3162
2014-09-02 03:40:00    462944400  ***  ***    0.0    0.0    0.0   12.2   12.2   52.9   11.1    2.9    6.9  736.30    2610     3146
2014-09-02 04:00:00    462945600  ***  ***    0.0    0.0    0.0   11.9   11.9   55.1   10.9    3.1    6.9  736.20    2611     3136
2014-09-02 04:20:00    462946800  ***  ***    0.0    0.0    0.0   11.8   11.8   55.6   10.8    3.3    6.9  736.30    2611     3135
2014-09-02 04:40:00    462948000  ***  ***    0.0    0.0    0.0   11.8   11.8   56.7   10.8    3.5    7.1  736.30    2610     3133
2014-09-02 05:00:00    462949200  ***  ***    0.0    0.0    0.0   11.5   11.5   61.0   10.7    4.3    7.3  736.40    2610     3126
2014-09-02 05:20:00    462950400  ***  ***    0.0    0.0    0.0   11.1   11.1   62.8   10.4    4.3    7.2  736.50    2608     3109
2014-09-02 05:40:00    462951600  ***  ***    0.3    0.3    0.3   11.1   11.1   65.9   10.5    5.0    7.5  736.80    2605     3109
2014-09-02 06:00:00    462952800  ***  ***    0.0    0.0    0.0   10.9   10.9   66.3   10.3    4.9    7.4  736.80    2605     3101
2014-09-02 06:20:00    462954000  ***  ***    0.3    0.3    0.3   11.4   11.4   62.6   10.7    4.5    7.4  736.80    2605     3117
2014-09-02 06:40:00    462955200  ***  ***    0.0    0.0    0.0   11.6   11.6   60.5   10.8    4.3    7.4  737.00    2603     3122
2014-09-02 07:00:00    462956400  ***  ***    0.0    0.0    0.0   11.9   11.9   60.3   11.1    4.5    7.6  737.20    2601     3128
2014-09-02 07:20:00    462957600  ***  ***    0.0    0.0    0.0   12.9   12.9   61.4   12.0    5.7    8.6  737.20    2600     3166
2014-09-02 07:40:00    462958800  ***  ***    0.0    0.0    0.0   14.3   14.3   57.9   13.2    6.1    9.3  737.50    2597     3209
2014-09-02 08:00:00    462960000  ***  ***    0.0    0.0    0.0   16.1   16.1   53.1   14.6    6.5   10.2  737.30    2599     3274
2014-09-02 08:20:00    462961200  ***  ***    1.2    1.2    1.2   16.5   16.5   47.0   14.7    5.1    9.6  737.30    2599     3283
2014-09-02 08:40:00    462962400  ***  ***    0.8    0.8    0.8   18.8   18.8   44.3   16.9    6.4   11.1  737.20    2601     3363
2014-09-02 09:00:00    462963600  ***  ***    1.5    1.5    1.5   18.2   18.2   46.4   16.2    6.5   11.0  737.40    2599     3342
2014-09-02 09:20:00    462964800  ***  ***    0.5    0.5    0.5   19.0   19.0   43.3   17.2    6.2   11.1  737.40    2598     3367
2014-09-02 09:40:00    462966000  ***  ***    0.0    0.0    0.0   20.5   20.5   46.1   19.5    8.5   12.7  737.50    2597     3423
2014-09-02 10:00:00    462967200  ***  ***    0.9    0.9    0.9   18.4   18.4   44.2   16.3    6.0   10.8  737.50    2597     3347
2014-09-02 10:20:00    462968400  ***  ***    1.9    1.9    1.9   18.3   18.3   40.4   16.0    4.6   10.1  737.60    2596     3336
2014-09-02 10:40:00    462969600  ***  ***    1.8    1.8    1.8   19.3   19.3   43.7   17.6    6.6   11.4  737.50    2597     3377
2014-09-02 11:00:00    462970800  ***  ***    0.6    0.6    0.6   20.1   20.1   39.2   18.6    5.8   11.3  737.70    2596     3400
2014-09-02 11:20:00    462972000  ***  ***    1.3    1.3    1.3   19.3   19.3   39.4   17.4    5.2   10.7  737.30    2600     3377
2014-09-02 11:40:00    462973200  ***  ***    1.5    1.5    1.5   19.4   19.4   38.1   17.5    4.8   10.6  737.30    2600     3378
2014-09-02 12:00:00    462974400  ***  ***    0.0    0.0    0.0   20.5   20.5   37.4   19.1    5.5   11.2  737.30    2600     3416
2014-09-02 12:20:00    462975600  ***  ***    3.2    3.2    3.2   20.0   20.0   39.0   18.4    5.7   11.2  737.20    2600     3402
2014-09-02 12:40:00    462976800  ***  ***    0.9    0.9    0.9   20.7   20.7   38.9   19.5    6.2   11.6  736.80    2605     3433
2014-09-02 13:00:00    462978000  ***  ***    1.0    1.0    1.0   20.8   20.8   39.7   19.6    6.6   11.9  736.90    2604     3434
2014-09-02 13:20:00    462979200  ***  ***    1.3    1.3    1.3   20.4   20.4   37.3   18.9    5.3   11.1  736.90    2604     3416
2014-09-02 13:40:00    462980400  ***  ***    2.0    2.0    2.0   20.7   20.7   34.3   19.3    4.5   10.8  736.50    2608     3432
2014-09-02 14:00:00    462981600  ***  ***    0.7    0.7    0.7   20.3   20.3   33.4   18.6    3.7   10.4  736.60    2607     3414
2014-09-02 14:20:00    462982800  ***  ***    2.1    2.1    2.1   20.0   20.0   31.6   18.0    2.6    9.8  736.50    2609     3402
2014-09-02 14:40:00    462984000  ***  ***    1.5    1.5    1.5   20.3   20.3   33.2   18.6    3.6   10.4  736.10    2613     3418
2014-09-02 15:00:00    462985200  ***  ***    0.0    0.0    0.0   20.3   20.3   34.2   18.6    4.1   10.6  735.80    2616     3426
2014-09-02 15:20:00    462986400  ***  ***    0.4    0.4    0.4   19.8   19.8   35.4   18.0    4.1   10.4  735.60    2618     3413
2014-09-02 15:40:00    462987600  ***  ***    2.0    2.0    2.0   19.6   19.6   35.8   17.7    4.0   10.3  735.50    2619     3407
2014-09-02 16:00:00    462988800  ***  ***    2.2    2.2    2.2   19.7   19.7   35.7   17.8    4.1   10.4  735.30    2621     3412
2014-09-02 16:20:00    462990000  ***  ***    0.0    0.0    0.0   19.4   19.4   37.3   17.5    4.5   10.4  735.30    2622     3403
2014-09-02 16:40:00    462991200  ***  ***    0.7    0.7    0.7   19.6   19.6   35.3   17.7    3.9   10.3  735.30    2622     3409
2014-09-02 17:00:00    462992400  ***  ***    0.3    0.3    0.3   19.0   19.0   37.1   16.9    4.0   10.0  735.20    2623     3391
2014-09-02 17:20:00    462993600  ***  ***    0.6    0.6    0.6   18.9   18.9   38.9   16.8    4.6   10.3  735.30    2622     3390
2014-09-02 17:40:00    462994800  ***  ***    1.0    1.0    1.0   18.3   18.3   37.8   15.9    3.7    9.7  735.00    2625     3371
2014-09-02 18:00:00    462996000  ***  ***    0.6    0.6    0.6   17.6   17.6   39.8   15.3    3.8    9.4  735.20    2622     3344
2014-09-02 18:20:00    462997200  ***  ***    0.0    0.0    0.0   16.3   16.3   45.6   14.5    4.5    9.3  735.10    2623     3303
2014-09-02 18:40:00    462998400  ***  ***    0.0    0.0    0.0   15.3   15.3   44.5   13.5    3.3    8.3  735.50    2619     3263
2014-09-02 19:00:00    462999600  ***  ***    0.0    0.0    0.0   14.5   14.5   47.9   12.9    3.6    8.2  735.80    2617     3233
2014-09-02 19:20:00    463000800  ***  ***    0.0    0.0    0.0   14.2   14.2   48.6   12.7    3.5    8.1  736.00    2614     3218
2014-09-02 19:40:00    463002000  ***  ***    0.0    0.0    0.0   14.0   14.0   49.7   12.6    3.6    7.9  736.10    2613     3210
2014-09-02 20:00:00    463003200  ***  ***    0.0    0.0    0.0   14.6   14.6   44.7   12.9    2.7    7.8  736.20    2611     3228
2014-09-02 20:20:00    463004400  ***  ***    0.0    0.0    0.0   14.1   14.1   45.2   12.5    2.4    7.5  736.10    2613     3212
2014-09-02 20:40:00    463005600  ***  ***    0.0    0.0    0.0   14.6   14.6   43.0   12.9    2.2    7.6  736.10    2613     3227
2014-09-02 21:00:00    463006800  ***  ***    0.0    0.0    0.0   14.1   14.1   46.1   12.5    2.7    7.6  736.20    2612     3211
2014-09-02 21:20:00    463008000  ***  ***    0.0    0.0    0.0   14.0   14.0   45.1   12.4    2.3    7.4  736.10    2613     3206
2014-09-02 21:40:00    463009200  ***  ***    0.0    0.0    0.0   14.2   14.2   45.9   12.6    2.8    7.7  736.10    2613     3216
2014-09-02 22:00:00    463010400  ***  ***    0.0    0.0    0.0   14.4   14.4   45.2   12.8    2.6    7.7  736.40    2610     3216
2014-09-02 22:20:00    463011600  ***  ***    0.0    0.0    0.0   14.6   14.6   45.3   13.0    2.9    7.9  736.20    2612     3227
2014-09-02 22:40:00    463012800  ***  ***    0.0    0.0    0.0   13.7   13.7   46.5   12.2    2.5    7.4  736.10    2613     3200
2014-09-02 23:00:00    463014000  ***  ***    0.0    0.0    0.0   13.5   13.5   45.9   12.0    2.1    7.1  735.90    2615     3194
2014-09-02 23:20:00    463015200  ***  ***    0.0    0.0    0.0   13.6   13.6   50.6   12.2    3.5    7.8  735.90    2615     3200
2014-09-02 23:40:00    463016400  ***  ***    0.0    0.0    0.0   13.2   13.2   45.9   11.7    1.8    6.9  735.90    2615     3183
2014-09-03 00:00:00    463017600  ***  ***    0.0    0.0    0.0   13.6   13.6   48.2   12.1    2.9    7.5  736.00    2614     3197
2014-09-03 00:20:00    463018800  ***  ***    0.0    0.0    0.0   13.4   13.4   48.9   12.0    2.9    7.4  735.70    2617     3194
2014-09-03 00:40:00    463020000  ***  ***    0.0    0.0    0.0   13.6   13.6   48.4   12.1    2.9    7.5  735.60    2619     3202
2014-09-03 01:00:00    463021200  ***  ***    0.0    0.0    0.0   13.0   13.0   53.8   11.8    3.9    7.8  735.50    2619     3186
2014-09-03 01:20:00    463022400  ***  ***    0.0    0.0    0.0   13.0   13.0   49.9   11.7    2.8    7.3  735.30    2621     3184
2014-09-03 01:40:00    463023600  ***  ***    0.0    0.0    0.0   13.1   13.1   51.7   11.8    3.3    7.4  735.30    2621     3190
2014-09-03 02:00:00    463024800  ***  ***    0.0    0.0    0.0   12.8   12.8   54.8   11.7    3.9    7.7  735.20    2623     3182
2014-09-03 02:20:00    463026000  ***  ***    0.0    0.0    0.0   13.6   13.6   47.7   12.1    2.7    7.4  735.10    2624     3208
2014-09-03 02:40:00    463027200  ***  ***    0.0    0.0    0.0   12.9   12.9   50.7   11.7    2.9    7.2  735.00    2625     3187
2014-09-03 03:00:00    463028400  ***  ***    0.0    0.0    0.0   12.9   12.9   52.4   11.7    3.4    7.4  735.00    2625     3188
2014-09-03 03:20:00    463029600  ***  ***    0.0    0.0    0.0   13.3   13.3   48.7   11.9    2.7    7.3  735.00    2625     3199
2014-09-03 03:40:00    463030800  ***  ***    0.0    0.0    0.0   12.9   12.9   50.6   11.6    2.9    7.2  734.90    2626     3189
2014-09-03 04:00:00    463032000  ***  ***    0.0    0.0    0.0   12.9   12.9   51.9   11.7    3.2    7.4  735.30    2622     3184
2014-09-03 04:20:00    463033200  ***  ***    0.0    0.0    0.0   12.8   12.8   53.5   11.6    3.6    7.5  735.00    2625     3185
2014-09-03 04:40:00    463034400  ***  ***    0.0    0.0    0.0   12.6   12.6   54.2   11.4    3.6    7.4  735.20    2623     3177
2014-09-03 05:00:00    463035600  ***  ***    0.0    0.0    0.0   11.9   11.9   60.0   11.1    4.4    7.6  735.20    2623     3155
2014-09-03 05:20:00    463036800  ***  ***    0.0    0.0    0.0   11.5   11.5   58.1   10.6    3.5    7.0  735.10    2623     3139
2014-09-03 05:40:00    463038000  ***  ***    0.0    0.0    0.0   11.6   11.6   58.0   10.7    3.7    7.1  735.10    2623     3145
2014-09-03 06:00:00    463039200  ***  ***    0.0    0.0    0.0   11.7   11.7   55.1   10.7    3.0    6.8  735.20    2622     3145
2014-09-03 06:20:00    463040400  ***  ***    0.0    0.0    0.0   12.1   12.1   53.9   11.0    3.0    6.9  735.20    2622     3156
2014-09-03 06:40:00    463041600  ***  ***    0.0    0.0    0.0   12.6   12.6   52.8   11.4    3.2    7.2  735.40    2620     3172
2014-09-03 07:00:00    463042800  ***  ***    0.0    0.0    0.0   12.9   12.9   52.8   11.7    3.5    7.5  735.40    2621     3183
2014-09-03 07:20:00    463044000  ***  ***    0.0    0.0    0.0   15.1   15.1   46.5   13.4    3.8    8.5  735.30    2622     3262
2014-09-03 07:40:00    463045200  ***  ***    0.5    0.5    0.4   15.4   15.4   47.7   13.8    4.4    8.9  735.40    2620     3271
2014-09-03 08:00:00    463046400  ***  ***    0.0    0.0    0.0   16.9   16.9   43.1   14.9    4.2    9.4  735.50    2620     3317
2014-09-03 08:20:00    463047600  ***  ***    0.0    0.0    0.0   16.9   16.9   44.7   14.9    4.8    9.6  735.50    2620     3320
2014-09-03 08:40:00    463048800  ***  ***    0.7    0.7    0.7   21.5   21.5   35.7   20.5    5.7   11.7  735.60    2619     3472
2014-09-03 09:00:00    463050000  ***  ***    0.7    0.7    0.7   18.6   18.6   40.5   16.4    4.9   10.4  735.80    2616     3371
2014-09-03 09:20:00    463051200  ***  ***    1.2    1.2    1.2   19.3   19.3   41.2   17.5    5.8   11.0  735.60    2618     3400
2014-09-03 09:40:00    463052400  ***  ***    0.7    0.7    0.7   20.5   20.5   35.9   19.0    4.9   11.0  735.80    2616     3434
2014-09-03 10:00:00    463053600  ***  ***    1.0    1.0    1.0   18.5   18.5   37.2   16.1    3.6    9.7  735.80    2616     3365
2014-09-03 10:20:00    463054800  ***  ***    0.4    0.4    0.4   20.0   20.0   37.2   18.3    5.0   10.8  735.80    2617     3419
2014-09-03 10:40:00    463056000  ***  ***    1.1    1.1    1.1   18.7   18.7   39.7   16.5    4.7   10.2  735.70    2618     3377
2014-09-03 11:00:00    463057200  ***  ***    0.0    0.0    0.0   19.8   19.8   37.4   18.1    4.8   10.7  735.70    2617     3411
2014-09-03 11:20:00    463058400  ***  ***    0.8    0.8    0.8   19.7   19.7   39.1   18.0    5.4   11.0  735.60    2619     3414
2014-09-03 11:40:00    463059600  ***  ***    0.6    0.6    0.6   18.1   18.1   40.3   15.8    4.4    9.9  735.40    2620     3359
2014-09-03 12:00:00    463060800  ***  ***    0.3    0.3    0.3   18.8   18.8   41.3   16.8    5.3   10.6  735.30    2621     3385
2014-09-03 12:20:00    463062000  ***  ***    0.3    0.3    0.3   18.6   18.6   47.3   16.8    7.1   11.4  735.30    2622     3385
2014-09-03 12:40:00    463063200  ***  ***    0.4    0.4    0.4   18.0   18.0   51.2   16.3    7.8   11.5  735.20    2623     3370
2014-09-03 13:00:00    463064400  ***  ***    0.7    0.7    0.7   18.1   18.1   46.2   16.1    6.4   10.8  735.10    2624     3369
2014-09-03 13:20:00    463065600  ***  ***    0.0    0.0    0.0   18.4   18.4   52.0   16.7    8.4   12.0  734.80    2626     3390
2014-09-03 13:40:00    463066800  ***  ***    0.0    0.0    0.0   18.5   18.5   49.8   16.7    7.8   11.7  734.60    2629     3393
2014-09-03 14:00:00    463068000  ***  ***    0.0    0.0    0.0   18.3   18.3   47.7   16.4    7.0   11.2  734.50    2630     3387
2014-09-03 14:20:00    463069200  ***  ***    0.0    0.0    0.0   18.6   18.6   50.6   16.9    8.2   12.0  734.50    2630     3401
2014-09-03 14:40:00    463070400  ***  ***    0.0    0.0    0.0   16.1   16.1   67.0   15.3   10.0   12.1  734.20    2634     3329
2014-09-03 15:00:00    463071600  ***  ***    0.0    0.0    0.0   15.9   15.9   71.4   15.3   10.7   12.5  734.10    2634     3325
2014-09-03 15:20:00    463072800  ***  ***    0.0    0.0    0.0   16.2   16.2   61.1   15.1    8.7   11.4  734.30    2632     3324
2014-09-03 15:40:00    463074000  ***  ***    0.8    0.8    0.8   16.6   16.6   56.6   15.3    7.9   11.1  734.20    2634     3337
2014-09-03 16:00:00    463075200  ***  ***    0.5    0.5    0.5   18.2   18.2   50.5   16.4    7.8   11.6  733.80    2638     3396
2014-09-03 16:20:00    463076400  ***  ***    0.6    0.6    0.6   17.9   17.9   53.2   16.3    8.2   11.7  733.60    2640     3388
2014-09-03 16:40:00    463077600  ***  ***    0.0    0.0    0.0   18.8   18.8   45.1   17.0    6.7   11.2  733.60    2640     3414
2014-09-03 17:00:00    463078800  ***  ***    0.0    0.0    0.0   17.7   17.7   54.4   16.2    8.4   11.8  733.60    2641     3384
2014-09-03 17:20:00    463080000  ***  ***    0.0    0.0    0.0   17.1   17.1   59.3   15.8    9.1   12.0  733.90    2637     3362
2014-09-03 17:40:00    463081200  ***  ***    0.0    0.0    0.0   14.2   14.2   70.9   13.6    9.0   10.9  734.20    2634     3262
2014-09-03 18:00:00    463082400  ***  ***    0.0    0.0    0.0   12.6   12.6   67.8   12.0    6.8    9.1  733.70    2639     3205
2014-09-03 18:20:00    463083600  ***  ***    0.0    0.0    0.0   14.2   14.2   66.1   13.5    8.0   10.3  733.50    2641     3266
2014-09-03 18:40:00    463084800  ***  ***    0.9    0.9    0.9   14.9   14.9   60.0   13.9    7.2   10.2  733.50    2641     3285
2014-09-03 19:00:00    463086000  ***  ***    0.7    0.7    0.7   15.0   15.0   59.8   13.9    7.3   10.2  733.50    2641     3292
2014-09-03 19:20:00    463087200  ***  ***    0.0    0.0    0.0   14.9   14.9   60.4   13.9    7.3   10.2  733.80    2638     3284
2014-09-03 19:40:00    463088400  ***  ***    0.7    0.7    0.7   15.6   15.6   53.9   14.2    6.4    9.9  733.90    2637     3304
2014-09-03 20:00:00    463089600  ***  ***    0.7    0.7    0.7   15.3   15.3   55.7   14.0    6.5    9.9  734.20    2634     3289
2014-09-03 20:20:00    463090800  ***  ***    0.0    0.0    0.0   14.9   14.9   56.9   13.7    6.4    9.7  734.20    2633     3274
2014-09-03 20:40:00    463092000  ***  ***    0.8    0.8    0.7   15.0   15.0   58.1   13.8    6.9   10.0  734.40    2631     3279
2014-09-03 21:00:00    463093200  ***  ***    0.0    0.0    0.0   14.6   14.6   59.9   13.5    6.9    9.9  734.80    2626     3259
2014-09-03 21:20:00    463094400  ***  ***    0.0    0.0    0.0   13.9   13.9   67.1   13.2    7.9   10.2  734.80    2628     3240
2014-09-03 21:40:00    463095600  ***  ***    0.0    0.0    0.0   14.0   14.0   60.2   13.0    6.4    9.4  734.60    2630     3241
2014-09-03 22:00:00    463096800  ***  ***    0.0    0.0    0.0   14.1   14.1   55.5   12.9    5.3    8.8  734.60    2630     3240
2014-09-03 22:20:00    463098000  ***  ***    0.0    0.0    0.0   14.0   14.0   57.6   12.9    5.8    9.0  734.50    2630     3240
2014-09-03 22:40:00    463099200  ***  ***    0.0    0.0    0.0   14.8   14.8   55.3   13.5    5.9    9.4  734.20    2634     3269
2014-09-03 23:00:00    463100400  ***  ***    0.0    0.0    0.0   13.7   13.7   61.9   12.8    6.6    9.4  734.20    2633     3236
2014-09-03 23:20:00    463101600  ***  ***    0.0    0.0    0.0   13.3   13.3   61.9   12.5    6.1    8.9  734.20    2633     3219
2014-09-03 23:40:00    463102800  ***  ***    0.0    0.0    0.0   13.8   13.8   60.5   12.8    6.3    9.3  734.00    2636     3240
2014-09-04 00:00:00    463104000  ***  ***    0.0    0.0    0.0   12.9   12.9   65.3   12.1    6.6    9.1  734.00    2636     3212
2014-09-04 00:20:00    463105200  ***  ***    0.0    0.0    0.0   13.0   13.0   64.1   12.2    6.4    9.0  734.00    2636     3215
2014-09-04 00:40:00    463106400  ***  ***    0.3    0.3    0.3   13.1   13.1   65.1   12.3    6.7    9.2  733.80    2638     3221
2014-09-04 01:00:00    463107600  ***  ***    0.0    0.0    0.0   12.6   12.6   67.5   12.0    6.7    9.0  733.70    2640     3206
2014-09-04 01:20:00    463108800  ***  ***    0.0    0.0    0.0   12.3   12.3   65.5   11.6    6.0    8.6  733.90    2637     3190
2014-09-04 01:40:00    463110000  ***  ***    0.0    0.0    0.0   12.0   12.0   64.5   11.3    5.6    8.2  733.70    2640     3183
2014-09-04 02:00:00    463111200  ***  ***    0.0    0.0    0.0   11.9   11.9   64.5   11.2    5.4    8.1  733.80    2639     3177
2014-09-04 02:20:00    463112400  ***  ***    0.0    0.0    0.0   12.2   12.2   63.3   11.4    5.4    8.2  733.40    2643     3190
2014-09-04 02:40:00    463113600  ***  ***    0.0    0.0    0.0   12.6   12.6   58.4   11.7    4.7    7.9  733.50    2641     3202
2014-09-04 03:00:00    463114800  ***  ***    0.0    0.0    0.0   12.9   12.9   57.6   11.9    4.8    8.1  733.40    2643     3214
2014-09-04 03:20:00    463116000  ***  ***    0.0    0.0    0.0   13.1   13.1   56.7   12.0    4.7    8.1  733.60    2641     3217
2014-09-04 03:40:00    463117200  ***  ***    0.0    0.0    0.0   13.1   13.1   56.7   12.0    4.7    8.1  733.50    2641     3218
2014-09-04 04:00:00    463118400  ***  ***    0.0    0.0    0.0   13.0   13.0   57.1   12.0    4.7    8.1  733.40    2642     3216
2014-09-04 04:20:00    463119600  ***  ***    0.0    0.0    0.0   12.4   12.4   58.3   11.5    4.4    7.8  733.30    2643     3195
2014-09-04 04:40:00    463120800  ***  ***    0.0    0.0    0.0   12.6   12.6   58.1   11.6    4.6    7.9  733.40    2642     3203
2014-09-04 05:00:00    463122000  ***  ***    0.0    0.0    0.0   13.1   13.1   57.9   12.0    5.0    8.3  733.40    2643     3219
2014-09-04 05:20:00    463123200  ***  ***    0.0    0.0    0.0   13.4   13.4   59.3   12.4    5.6    8.7  733.50    2642     3231
2014-09-04 05:40:00    463124400  ***  ***    0.0    0.0    0.0   13.6   13.6   61.0   12.7    6.2    9.1  733.70    2640     3237
2014-09-04 06:00:00    463125600  ***  ***    0.4    0.4    0.4   14.0   14.0   56.7   12.9    5.5    8.9  733.50    2642     3251
2014-09-04 06:20:00    463126800  ***  ***    0.0    0.0    0.0   14.1   14.1   55.5   12.9    5.3    8.8  733.30    2644     3256
2014-09-04 06:40:00    463128000  ***  ***    0.0    0.0    0.0   11.1   11.1   78.5   10.9    7.5    8.9  733.80    2638     3155
2014-09-04 07:00:00    463129200  ***  ***    0.8    0.8    0.8   10.4   10.4   84.2   10.4    7.9    8.9  734.10    2635     3129
2014-09-04 07:20:00    463130400  ***  ***    0.3    0.3    0.3   11.2   11.2   77.7   11.0    7.4    8.9  733.80    2638     3157
2014-09-04 07:40:00    463131600  ***  ***    1.4    1.4    1.4   13.7   13.5   61.5   12.8    6.4    9.3  734.30    2633     3234
